Date/time,GTI;humidity;Avg,GTI;humidity;Max,GTI;humidity;Min,GTI;humidity;StdDev,GTI;humidity;Count,AlbedoDown;humidity;Avg,AlbedoDown;humidity;Max,AlbedoDown;humidity;Min,AlbedoDown;humidity;StdDev,AlbedoDown;humidity;Count,AlbedoUp;humidity;Avg,AlbedoUp;humidity;Max,AlbedoUp;humidity;Min,AlbedoUp;humidity;StdDev,AlbedoUp;humidity;Count,ATRHP;humidity;Avg,ATRHP;humidity;Max,ATRHP;humidity;Min,ATRHP;humidity;StdDev,ATRHP;humidity;Count,GTI;temperature;Avg,GTI;temperature;Max,GTI;temperature;Min,GTI;temperature;StdDev,GTI;temperature;Count,AlbedoDown;temperature;Avg,AlbedoDown;temperature;Max,AlbedoDown;temperature;Min,AlbedoDown;temperature;StdDev,AlbedoDown;temperature;Count,AlbedoUp;temperature;Avg,AlbedoUp;temperature;Max,AlbedoUp;temperature;Min,AlbedoUp;temperature;StdDev,AlbedoUp;temperature;Count,ATRHP;temperature;Avg,ATRHP;temperature;Max,ATRHP;temperature;Min,ATRHP;temperature;StdDev,ATRHP;temperature;Count,GTI;temperature Pt100;Avg,GTI;temperature Pt100;Max,GTI;temperature Pt100;Min,GTI;temperature Pt100;StdDev,GTI;temperature Pt100;Count,AlbedoDown;temperature Pt100;Avg,AlbedoDown;temperature Pt100;Max,AlbedoDown;temperature Pt100;Min,AlbedoDown;temperature Pt100;StdDev,AlbedoDown;temperature Pt100;Count,AlbedoUp;temperature Pt100;Avg,AlbedoUp;temperature Pt100;Max,AlbedoUp;temperature Pt100;Min,AlbedoUp;temperature Pt100;StdDev,AlbedoUp;temperature Pt100;Count,ATRHP;air_pressure Absolute;Avg,ATRHP;air_pressure Absolute;Max,ATRHP;air_pressure Absolute;Min,ATRHP;air_pressure Absolute;StdDev,ATRHP;air_pressure Absolute;Count,ATRHP;air_pressure Reduced;Avg,ATRHP;air_pressure Reduced;Max,ATRHP;air_pressure Reduced;Min,ATRHP;air_pressure Reduced;StdDev,ATRHP;air_pressure Reduced;Count,ATRHP;dew_point;Avg,ATRHP;dew_point;Max,ATRHP;dew_point;Min,ATRHP;dew_point;StdDev,ATRHP;dew_point;Count,AlbedoDown;solar_irradiance;Avg,AlbedoDown;solar_irradiance;Max,AlbedoDown;solar_irradiance;Min,AlbedoDown;solar_irradiance;StdDev,AlbedoDown;solar_irradiance;Count,AlbedoUp;solar_irradiance;Avg,AlbedoUp;solar_irradiance;Max,AlbedoUp;solar_irradiance;Min,AlbedoUp;solar_irradiance;StdDev,AlbedoUp;solar_irradiance;Count,GTI;solar_irradiance_tilted;Avg,GTI;solar_irradiance_tilted;Max,GTI;solar_irradiance_tilted;Min,GTI;solar_irradiance_tilted;StdDev,GTI;solar_irradiance_tilted;Count,GTI;voltage Output;Avg,GTI;voltage Output;Max,GTI;voltage Output;Min,GTI;voltage Output;StdDev,GTI;voltage Output;Count,AlbedoDown;voltage Output;Avg,AlbedoDown;voltage Output;Max,AlbedoDown;voltage Output;Min,AlbedoDown;voltage Output;StdDev,AlbedoDown;voltage Output;Count,AlbedoUp;voltage Output;Avg,AlbedoUp;voltage Output;Max,AlbedoUp;voltage Output;Min,AlbedoUp;voltage Output;StdDev,AlbedoUp;voltage Output;Count,GTI;inclination_angle X;Avg,GTI;inclination_angle X;Max,GTI;inclination_angle X;Min,GTI;inclination_angle X;StdDev,GTI;inclination_angle X;Count,AlbedoDown;inclination_angle X;Avg,AlbedoDown;inclination_angle X;Max,AlbedoDown;inclination_angle X;Min,AlbedoDown;inclination_angle X;StdDev,AlbedoDown;inclination_angle X;Count,AlbedoUp;inclination_angle X;Avg,AlbedoUp;inclination_angle X;Max,AlbedoUp;inclination_angle X;Min,AlbedoUp;inclination_angle X;StdDev,AlbedoUp;inclination_angle X;Count,GTI;inclination_angle Y;Avg,GTI;inclination_angle Y;Max,GTI;inclination_angle Y;Min,GTI;inclination_angle Y;StdDev,GTI;inclination_angle Y;Count,AlbedoDown;inclination_angle Y;Avg,AlbedoDown;inclination_angle Y;Max,AlbedoDown;inclination_angle Y;Min,AlbedoDown;inclination_angle Y;StdDev,AlbedoDown;inclination_angle Y;Count,AlbedoUp;inclination_angle Y;Avg,AlbedoUp;inclination_angle Y;Max,AlbedoUp;inclination_angle Y;Min,AlbedoUp;inclination_angle Y;StdDev,AlbedoUp;inclination_angle Y;Count,ATRHP;status_word;Val,WindSonic;other R2C2_1;Avg,WindSonic;other R2C2_1;Max,WindSonic;other R2C2_1;Min,WindSonic;other R2C2_1;StdDev,WindSonic;other R2C2_1;Count,WindSonic;other R2C2_2;Avg,WindSonic;other R2C2_2;Max,WindSonic;other R2C2_2;Min,WindSonic;other R2C2_2;StdDev,WindSonic;other R2C2_2;Count,Wind Speed;wind_speed;Avg,Wind Speed;wind_speed;Max,Wind Speed;wind_speed;Min,Wind Speed;wind_speed;StdDev,Wind Speed;wind_speed;Count,Wind Direction;wind_direction;Avg,Wind Direction;wind_direction;StdDev,Wind Direction;wind_direction;Count,R1C1_1;Count,R1C1_2;Count,R1C1_3;Count,R1C1_4;Count,R1C1_5;Count,R1C1_6;Count,R1C1_7;Count,R1C2_1;Count,R1C2_2;Count,R1C2_3;Count,R1C2_4;Count,R1C2_5;Count,R1C2_6;Count,R1C2_7;Count,R1C3_1;Count,R1C3_2;Count,R1C3_3;Count,R1C3_4;Count,R1C3_5;Count,R1C3_6;Count,R1C3_7;Count,R2C1_1;Count,R2C1_2;Count,R2C1_3;Count,R2C1_4;Count,R2C1_5;Count,R2C1_6;Count,R2C2_1;Count,R2C2_2;Count,V;Avg,V;Max,V;Min,I;Avg,I;Max,I;Min,T;Avg,addr
2026-10-03 00:00:00,22.228351,22.284275,22.175936,0.028396,60,14.071946,14.146639,14.013885,0.028704,60,18.372676,18.426794,18.330664,0.020401,60,95.406667,95.600000,95.300000,0.073338,60,25.405268,25.437935,25.381859,0.012653,60,25.492097,25.526054,25.469978,0.012243,60,25.220788,25.248337,25.178909,0.013744,60,24.900000,24.900000,24.900000,0.000000,60,24.727615,24.738846,24.712540,0.006775,60,24.730653,24.744797,24.715317,0.006712,60,24.541713,24.555405,24.529343,0.006141,60,1002.000000,1002.000000,1002.000000,0.000000,60,1002.000000,1002.000000,1002.000000,0.000000,60,24.100000,24.100000,24.100000,0.000001,60,-0.009326,0.065627,-0.138572,0.042587,60,-0.096713,-0.044106,-0.211710,0.030712,60,-0.090882,-0.007524,-0.215329,0.039275,60,-0.000992,-0.000082,-0.002351,0.000429,60,-0.000099,0.000694,-0.001465,0.000450,60,-0.001034,-0.000471,-0.002263,0.000328,60,1.399479,1.512251,1.294659,0.049707,60,-178.795305,-178.673645,-178.926300,0.058321,60,-0.386644,-0.292811,-0.478129,0.041362,60,7.399926,7.540224,7.301885,0.053869,60,179.246668,179.448135,179.083221,0.067068,60,0.192938,0.265859,0.081013,0.041471,60,0.000000,16.450000,19.000000,13.000000,1.598993,60,2473.266667,2594.000000,2325.000000,57.226540,60,1.645000,1.900000,1.300000,0.159899,60,247.330058,5.671281,60,60,60,60,60,60,60,60,60,60,60,60,60,60,60,60,60,60,60,60,60,60,60,60,60,60,60,60,60,60,12.8357,12.88,12.78,27.05,29,26,26.87,6838483
2026-10-03 00:01:00,22.232497,22.284275,22.192722,0.018343,60,14.078482,14.163424,14.013885,0.030215,60,18.373261,18.413061,18.315405,0.025225,60,95.185000,95.400000,94.700000,0.292751,60,25.408384,25.424583,25.381859,0.011455,60,25.493788,25.510033,25.469978,0.011019,60,25.226307,25.248337,25.208282,0.012248,60,24.900000,24.900000,24.900000,0.000000,60,24.730676,24.742325,24.713303,0.006189,60,24.730907,24.747025,24.715195,0.007718,60,24.543226,24.558609,24.529984,0.007533,60,1001.998333,1002.000000,1001.900000,0.012910,60,1001.998333,1002.000000,1001.900000,0.012910,60,24.060000,24.100000,23.900000,0.080675,60,-0.026575,0.048020,-0.144289,0.034971,60,-0.119196,-0.064011,-0.200174,0.028707,60,-0.114876,-0.058867,-0.215551,0.036078,60,-0.001254,-0.000643,-0.002354,0.000394,60,-0.000281,0.000508,-0.001525,0.000370,60,-0.001274,-0.000684,-0.002140,0.000307,60,1.395138,1.576641,1.220253,0.058861,60,-178.800822,-178.671112,-178.928848,0.056826,60,-0.385254,-0.265667,-0.479341,0.045255,60,7.391340,7.486482,7.265655,0.055003,60,179.253780,179.407303,179.053787,0.076621,60,0.188905,0.291898,0.054671,0.050148,60,0.000000,18.400000,24.000000,14.000000,2.026937,60,2542.100000,2627.000000,2439.000000,39.580726,60,1.840000,2.400000,1.400000,0.202694,60,254.210545,3.923820,60,60,60,60,60,60,60,60,60,60,60,60,60,60,60,60,60,60,60,60,60,60,60,60,60,60,60,60,60,60,12.8353,12.89,12.78,27.01,29,25,26.83,6838517
2026-10-03 00:02:00,22.231073,22.284275,22.165255,0.026823,60,14.075380,14.163424,14.013885,0.033172,60,18.377356,18.429846,18.315405,0.023119,60,95.220000,95.400000,94.700000,0.244811,60,25.411321,25.437935,25.381859,0.011982,60,25.496192,25.526054,25.469978,0.012806,60,25.229600,25.264366,25.192261,0.014287,60,24.900000,24.900000,24.900000,0.000000,60,24.735682,24.762558,24.716263,0.007857,60,24.732464,24.754349,24.718582,0.007855,60,24.544277,24.556992,24.530685,0.005803,60,1001.945000,1002.000000,1001.900000,0.050169,60,1001.945000,1002.000000,1001.900000,0.050169,60,24.070000,24.100000,23.900000,0.072017,60,-0.045920,0.040245,-0.160982,0.042945,60,-0.128002,-0.089343,-0.205377,0.028243,60,-0.125115,-0.071703,-0.198510,0.033486,60,-0.001366,-0.000783,-0.002168,0.000366,60,-0.000485,0.000425,-0.001702,0.000454,60,-0.001368,-0.000955,-0.002195,0.000302,60,1.393979,1.508600,1.255948,0.061142,60,-178.804676,-178.684998,-178.928070,0.057837,60,-0.372072,-0.292811,-0.479190,0.041617,60,7.385439,7.544362,7.242390,0.051860,60,179.250116,179.381607,179.108932,0.055895,60,0.189880,0.292217,0.081342,0.046261,60,0.000000,17.183333,21.000000,14.000000,2.182299,60,2545.100000,2685.000000,2361.000000,64.914990,60,1.718333,2.100000,1.400000,0.218230,60,254.511247,6.430621,60,60,60,60,60,60,60,60,60,60,60,60,60,60,60,60,60,60,60,60,60,60,60,60,60,60,60,60,60,60,12.8322,12.89,12.78,27.14,29,26,26.82,6838551
2026-10-03 00:03:00,22.229979,22.298008,22.192722,0.023455,60,14.074489,14.146639,14.013885,0.030422,60,18.371201,18.443581,18.301670,0.027976,60,95.315000,95.500000,94.700000,0.190294,60,25.413502,25.437935,25.381859,0.012987,60,25.502956,25.539406,25.483330,0.011940,60,25.229022,25.264366,25.208282,0.012027,60,24.900000,24.900000,24.900000,0.000000,60,24.739516,24.762558,24.724442,0.008177,60,24.735686,24.759354,24.721939,0.007380,60,24.549700,24.561844,24.537338,0.005638,60,1001.900000,1001.900000,1001.900000,0.000000,60,1001.900000,1001.900000,1001.900000,0.000000,60,24.093333,24.100000,23.900000,0.036204,60,-0.041080,0.039788,-0.136285,0.033997,60,-0.109515,-0.072153,-0.201531,0.028063,60,-0.103312,-0.039614,-0.198953,0.035551,60,-0.001128,-0.000433,-0.002173,0.000388,60,-0.000434,0.000421,-0.001441,0.000359,60,-0.001171,-0.000771,-0.002154,0.000300,60,1.393260,1.576641,1.257925,0.059573,60,-178.793287,-178.641403,-178.901199,0.053597,60,-0.383139,-0.292490,-0.479341,0.045217,60,7.386072,7.550576,7.226160,0.049766,60,179.254391,179.406219,179.124725,0.060542,60,0.193853,0.317249,0.081561,0.046547,60,0.000000,16.583333,19.000000,13.000000,1.154089,60,2490.700000,2646.000000,2387.000000,50.607261,60,1.658333,1.900000,1.300000,0.115409,60,249.067294,5.015019,60,60,60,60,60,60,60,60,60,60,60,60,60,60,60,60,60,60,60,60,60,60,60,60,60,60,60,60,60,60,12.8362,12.92,12.79,27.10,29,26,26.85,6838584
2026-10-03 00:04:00,22.231276,22.284275,22.165255,0.023667,60,14.072455,14.131380,14.013885,0.024771,60,18.371023,18.411535,18.316931,0.022800,60,95.316667,95.400000,94.700000,0.122359,60,25.416573,25.453957,25.381859,0.012496,60,25.502734,25.526054,25.469978,0.011880,60,25.229867,25.248337,25.208282,0.011019,60,24.900000,24.900000,24.900000,0.000000,60,24.740808,24.758591,24.726669,0.006304,60,24.736566,24.747604,24.719131,0.006679,60,24.550377,24.564957,24.536819,0.006237,60,1001.900000,1001.900000,1001.900000,0.000000,60,1001.900000,1001.900000,1001.900000,0.000000,60,24.096667,24.100000,23.900000,0.025820,60,-0.018019,0.070887,-0.123251,0.043149,60,-0.078547,-0.034154,-0.156068,0.025248,60,-0.068232,-0.008631,-0.162659,0.033671,60,-0.000745,-0.000094,-0.001776,0.000368,60,-0.000190,0.000749,-0.001303,0.000456,60,-0.000840,-0.000365,-0.001668,0.000270,60,1.393100,1.471017,1.281631,0.041494,60,-178.807493,-178.684998,-178.955246,0.054897,60,-0.368461,-0.213900,-0.439771,0.043117,60,7.376485,7.499590,7.240387,0.049423,60,179.248390,179.380341,179.124313,0.064158,60,0.195313,0.292537,0.081561,0.048713,60,0.000000,17.600000,20.000000,14.000000,1.428523,60,2439.866667,2539.000000,2358.000000,50.236548,60,1.760000,2.000000,1.400000,0.142852,60,243.985641,4.980573,60,60,60,60,60,60,60,60,60,60,60,60,60,60,60,60,60,60,60,60,60,60,60,60,60,60,60,60,60,60,12.8340,12.89,12.78,27.14,29,25,26.81,6838618
2026-10-03 00:05:00,22.235040,22.284275,22.175936,0.021603,60,14.069505,14.163424,14.012360,0.026579,60,18.374304,18.429846,18.316931,0.028603,60,95.245000,95.300000,94.600000,0.101556,60,25.418086,25.437935,25.395210,0.011376,60,25.498550,25.526054,25.469978,0.011332,60,25.233739,25.264366,25.208282,0.011681,60,24.900000,24.900000,24.900000,0.000000,60,24.740718,24.755844,24.719284,0.006902,60,24.737430,24.750290,24.725052,0.005752,60,24.548934,24.572739,24.533829,0.006871,60,1001.900000,1001.900000,1001.900000,0.000000,60,1001.900000,1001.900000,1001.900000,0.000000,60,24.096667,24.100000,23.900000,0.025820,60,-0.024502,0.052822,-0.140630,0.037497,60,-0.081235,-0.038452,-0.165116,0.027302,60,-0.079238,-0.015270,-0.183019,0.034101,60,-0.000865,-0.000167,-0.001999,0.000372,60,-0.000259,0.000558,-0.001486,0.000396,60,-0.000868,-0.000411,-0.001765,0.000292,60,1.398600,1.508600,1.281631,0.048849,60,-178.788803,-178.668900,-178.927567,0.065845,60,-0.386926,-0.292169,-0.531167,0.053576,60,7.407664,7.518217,7.260583,0.048463,60,179.254121,179.380463,179.109573,0.061569,60,0.187714,0.331247,0.055292,0.049039,60,0.000000,15.566667,18.000000,13.000000,1.014583,60,2354.550000,2494.000000,2284.000000,51.374803,60,1.556667,1.800000,1.300000,0.101458,60,235.448743,5.091713,60,60,60,60,60,60,60,60,60,60,60,60,60,60,60,60,60,60,60,60,60,60,60,60,60,60,60,60,60,60,12.8363,12.89,12.78,27.16,29,26,26.80,6838652
2026-10-03 00:06:00,22.224104,22.285801,22.178988,0.027105,60,14.071870,14.131380,14.013885,0.027332,60,18.370998,18.413061,18.316931,0.025094,60,95.343333,95.500000,95.200000,0.064746,60,25.422759,25.453957,25.395210,0.012900,60,25.503001,25.526054,25.469978,0.013401,60,25.234763,25.264366,25.192261,0.011669,60,24.900000,24.900000,24.900000,0.000000,60,24.738648,24.758041,24.726517,0.006269,60,24.737661,24.750900,24.719009,0.006111,60,24.547215,24.558609,24.531357,0.005676,60,1001.900000,1001.900000,1001.900000,0.000000,60,1001.900000,1001.900000,1001.900000,0.000000,60,24.100000,24.100000,24.100000,0.000001,60,-0.000941,0.103586,-0.131712,0.044464,60,-0.045512,-0.006333,-0.119652,0.025986,60,-0.020500,0.042269,-0.110210,0.029203,60,-0.000224,0.000462,-0.001203,0.000319,60,-0.000010,0.001095,-0.001392,0.000470,60,-0.000487,-0.000068,-0.001279,0.000278,60,1.385301,1.471912,1.255948,0.049846,60,-178.798786,-178.645920,-178.929596,0.059731,60,-0.378879,-0.293026,-0.504491,0.040596,60,7.381747,7.521662,7.262465,0.054294,60,179.257903,179.382156,179.056000,0.067221,60,0.193104,0.317580,0.108282,0.039251,60,0.000000,14.100000,16.000000,12.000000,1.020136,60,2351.516667,2420.000000,2289.000000,28.645402,60,1.410000,1.600000,1.200000,0.102014,60,235.150972,2.840056,60,60,60,60,60,60,60,60,60,60,60,60,60,60,60,60,60,60,60,60,60,60,60,60,60,60,60,60,60,60,12.8329,12.88,12.78,27.08,29,25,26.78,6838686
2026-10-03 00:07:00,22.222833,22.284275,22.178988,0.022242,60,14.065843,14.113070,13.998627,0.024098,60,18.365988,18.413061,18.301670,0.026976,60,95.503333,95.600000,95.400000,0.044973,60,25.417418,25.437935,25.395210,0.011629,60,25.503490,25.526054,25.469978,0.012548,60,25.232093,25.264366,25.192261,0.012324,60,24.900000,24.900000,24.900000,0.000000,60,24.732390,24.753769,24.717148,0.007831,60,24.732845,24.748123,24.716904,0.007385,60,24.541784,24.557205,24.524673,0.007288,60,1001.900000,1001.900000,1001.900000,0.000000,60,1001.900000,1001.900000,1001.900000,0.000000,60,24.100000,24.100000,24.100000,0.000001,60,0.018930,0.072716,-0.102900,0.039382,60,-0.025005,0.029857,-0.102462,0.027019,60,0.004751,0.052671,-0.077678,0.029831,60,0.000052,0.000575,-0.000848,0.000326,60,0.000200,0.000769,-0.001088,0.000416,60,-0.000267,0.000319,-0.001095,0.000289,60,1.385481,1.511337,1.245252,0.050789,60,-178.809454,-178.686234,-178.927063,0.052112,60,-0.378582,-0.291848,-0.477676,0.044856,60,7.375905,7.491341,7.230165,0.051563,60,179.252733,179.366989,179.122650,0.058264,60,0.192806,0.291259,0.120287,0.038403,60,0.000000,13.083333,15.000000,9.000000,1.239077,60,2366.733333,2472.000000,2288.000000,43.790281,60,1.308333,1.500000,0.900000,0.123908,60,236.671262,4.341096,60,60,60,60,60,60,60,60,60,60,60,60,60,60,60,60,60,60,60,60,60,60,60,60,60,60,60,60,60,60,12.8357,12.88,12.78,27.16,29,26,26.76,6838720
2026-10-03 00:08:00,22.226724,22.284275,22.148470,0.024918,60,14.065563,14.131380,14.013885,0.023472,60,18.362605,18.426794,18.301670,0.028860,60,95.583333,95.600000,94.600000,0.129099,60,25.411276,25.424583,25.381859,0.011206,60,25.500776,25.526054,25.469978,0.010720,60,25.224482,25.248337,25.192261,0.011930,60,24.901667,25.000000,24.900000,0.012910,60,24.721323,24.738083,24.707809,0.007043,60,24.729344,24.741257,24.712967,0.006328,60,24.535903,24.548203,24.519424,0.006217,60,1001.900000,1001.900000,1001.900000,0.000000,60,1001.900000,1001.900000,1001.900000,0.000000,60,24.100000,24.300000,23.900000,0.036823,60,0.029536,0.101299,-0.063569,0.035251,60,-0.018419,0.040487,-0.093867,0.027853,60,0.014960,0.059531,-0.055105,0.027510,60,0.000163,0.000650,-0.000602,0.000300,60,0.000312,0.001071,-0.000672,0.000373,60,-0.000197,0.000433,-0.001003,0.000298,60,1.402558,1.534515,1.286053,0.053048,60,-178.789088,-178.682175,-178.969788,0.057396,60,-0.383150,-0.293348,-0.479341,0.036959,60,7.366106,7.486482,7.272629,0.050010,60,179.249347,179.407028,179.124313,0.053746,60,0.187932,0.265551,0.106198,0.041037,60,0.000000,12.016667,14.000000,10.000000,0.965361,60,2322.433333,2423.000000,2155.000000,45.862494,60,1.201667,1.400000,1.000000,0.096536,60,232.249073,4.542415,60,60,60,60,60,60,60,60,60,60,60,60,60,60,60,60,60,60,60,60,60,60,60,60,60,60,60,60,60,60,12.8373,12.90,12.79,27.13,29,26,26.80,6838753
2026-10-03 00:09:00,22.224511,22.284275,22.162203,0.022468,60,14.067750,14.131380,13.998627,0.027493,60,18.365199,18.426794,18.315405,0.028080,60,95.181356,95.800000,94.700000,0.463299,59,25.404690,25.424583,25.381859,0.013269,60,25.493121,25.510033,25.469978,0.009478,60,25.224438,25.248337,25.192261,0.013012,60,24.955932,25.000000,24.900000,0.050073,59,24.712215,24.729721,24.693588,0.007635,60,24.723749,24.737228,24.711441,0.006365,60,24.529187,24.546524,24.516861,0.006467,60,1001.900000,1001.900000,1001.900000,0.000000,59,1001.900000,1001.900000,1001.900000,0.000000,59,24.184746,24.400000,23.900000,0.128403,59,0.028625,0.115934,-0.086893,0.042185,60,-0.016979,0.018773,-0.092058,0.025868,60,0.021057,0.068383,-0.063072,0.029054,60,0.000230,0.000747,-0.000689,0.000317,60,0.000303,0.001225,-0.000918,0.000446,60,-0.000182,0.000201,-0.000984,0.000277,60,1.402140,1.530829,1.259114,0.052624,60,-178.809359,-178.688095,-178.927567,0.053308,60,-0.373020,-0.292490,-0.505121,0.047132,60,7.384412,7.494735,7.291821,0.041681,60,179.239527,179.448502,179.082138,0.072132,60,0.198044,0.317580,0.080793,0.051386,60,0.000000,8.633333,12.000000,4.000000,2.090873,60,2314.416667,2482.000000,2161.000000,69.957443,60,0.863333,1.200000,0.400000,0.209087,60,231.444040,6.929608,60,60,60,60,60,60,60,60,60,60,60,60,60,60,60,60,60,60,60,60,60,60,59,59,59,59,59,59,60,60,12.8350,12.90,12.79,27.14,29,25,26.82,6838787
2026-10-03 00:10:00,22.230539,22.294956,22.175936,0.023842,60,14.065817,14.131380,14.013885,0.026537,60,18.367844,18.411535,18.315405,0.023362,60,94.881667,95.800000,94.800000,0.129525,60,25.397124,25.424583,25.368507,0.015594,60,25.493343,25.510033,25.469978,0.010023,60,25.217406,25.248337,25.178909,0.013075,60,24.998333,25.000000,24.900000,0.012910,60,24.700225,24.713974,24.684433,0.007015,60,24.719704,24.733017,24.705917,0.006958,60,24.519836,24.539230,24.499374,0.007807,60,1001.900000,1001.900000,1001.900000,0.000000,60,1001.900000,1001.900000,1001.900000,0.000000,60,24.298333,24.400000,24.100000,0.029063,60,0.033717,0.099927,-0.081405,0.041217,60,-0.010386,0.033023,-0.089570,0.024375,60,0.025162,0.085424,-0.070154,0.031578,60,0.000275,0.000933,-0.000766,0.000345,60,0.000356,0.001056,-0.000860,0.000436,60,-0.000111,0.000353,-0.000957,0.000261,60,1.389783,1.540071,1.256738,0.056218,60,-178.816923,-178.675201,-178.954254,0.054714,60,-0.394856,-0.318444,-0.504491,0.042216,60,7.385305,7.489279,7.284710,0.052048,60,179.249120,179.407990,179.123077,0.060776,60,0.180893,0.318243,0.054671,0.051131,60,0.000000,9.933333,13.000000,8.000000,1.482859,60,2275.716667,2417.000000,2154.000000,74.760202,60,0.993333,1.300000,0.800000,0.148286,60,227.569980,7.411321,60,60,60,60,60,60,60,60,60,60,60,60,60,60,60,60,60,60,60,60,60,60,60,60,60,60,60,60,60,60,12.8348,12.89,12.78,27.11,29,25,26.79,6838823
2026-10-03 00:11:00,22.230818,22.281223,22.175936,0.024156,60,14.061392,14.110018,13.998627,0.024383,60,18.368404,18.411535,18.298618,0.026791,60,95.116667,95.900000,94.900000,0.415450,60,25.386754,25.411232,25.355156,0.012670,60,25.487647,25.526054,25.469978,0.013375,60,25.208416,25.234985,25.165558,0.016108,60,24.978333,25.000000,24.900000,0.041545,60,24.690111,24.716812,24.675278,0.007379,60,24.713351,24.729599,24.698044,0.007264,60,24.515290,24.538040,24.499466,0.007458,60,1001.900000,1001.900000,1001.900000,0.000000,60,1001.900000,1001.900000,1001.900000,0.000000,60,24.285000,24.400000,24.100000,0.086013,60,0.019742,0.097412,-0.081177,0.040817,60,-0.028963,0.012893,-0.119426,0.028917,60,0.021455,0.069932,-0.068383,0.029971,60,0.000234,0.000764,-0.000747,0.000327,60,0.000209,0.001030,-0.000858,0.000431,60,-0.000310,0.000138,-0.001277,0.000309,60,1.398246,1.469677,1.284442,0.043704,60,-178.791102,-178.670486,-178.965652,0.068509,60,-0.371778,-0.265868,-0.503862,0.042199,60,7.387360,7.472076,7.281718,0.044331,60,179.265263,179.380753,179.149475,0.056539,60,0.197929,0.292697,0.080247,0.049517,60,0.000000,7.600000,10.000000,5.000000,1.011795,60,2343.533333,2523.000000,2185.000000,74.337177,60,0.760000,1.000000,0.500000,0.101179,60,234.349692,7.362692,60,60,60,60,60,60,60,60,60,60,60,60,60,60,60,60,60,60,60,60,60,60,60,60,60,60,60,60,60,60,12.8365,12.89,12.77,27.23,29,25,26.82,6838856
2026-10-03 00:12:00,22.227741,22.298008,22.162203,0.026534,60,14.063757,14.110018,14.012360,0.022220,60,18.367437,18.458839,18.315405,0.028738,60,95.121667,96.000000,94.900000,0.372391,60,25.377942,25.411232,25.355156,0.011855,60,25.479814,25.510033,25.453957,0.012315,60,25.200183,25.221634,25.165558,0.013818,60,24.981667,25.000000,24.900000,0.039020,60,24.679514,24.696762,24.668503,0.006401,60,24.711161,24.727921,24.692825,0.007815,60,24.505082,24.517197,24.491165,0.005889,60,1001.900000,1001.900000,1001.900000,0.000000,60,1001.900000,1001.900000,1001.900000,0.000000,60,24.285000,24.400000,24.100000,0.079883,60,0.016521,0.087122,-0.109074,0.041477,60,-0.016527,0.021261,-0.098165,0.027089,60,0.024886,0.072145,-0.067498,0.031240,60,0.000272,0.000788,-0.000737,0.000341,60,0.000175,0.000921,-0.001153,0.000438,60,-0.000177,0.000227,-0.001049,0.000290,60,1.411859,1.563685,1.296277,0.055203,60,-178.817072,-178.685623,-178.955963,0.063992,60,-0.375365,-0.265969,-0.504963,0.051046,60,7.394828,7.530617,7.256432,0.052792,60,179.237355,179.366547,179.121429,0.061979,60,0.192063,0.291738,0.081341,0.046525,60,0.000000,5.066667,7.000000,4.000000,0.733385,60,2231.616667,2379.000000,1997.000000,79.236418,60,0.506667,0.700000,0.400000,0.073338,60,223.166006,7.848209,60,60,60,60,60,60,60,60,60,60,60,60,60,60,60,60,60,60,60,60,60,60,60,60,60,60,60,60,60,60,12.8350,12.89,12.79,27.12,29,25,26.74,6838890
2026-10-03 00:13:00,22.228809,22.311741,22.162203,0.025337,60,14.070497,14.113070,14.012360,0.026077,60,18.377000,18.426794,18.315405,0.022989,60,95.375000,96.000000,95.000000,0.480334,60,25.367929,25.381859,25.339134,0.011049,60,25.478479,25.510033,25.453957,0.012098,60,25.191148,25.221634,25.165558,0.014269,60,24.965000,25.000000,24.900000,0.048099,60,24.668028,24.682358,24.643692,0.007201,60,24.706645,24.719925,24.695297,0.005444,60,24.497657,24.509445,24.483566,0.006018,60,1001.900000,1001.900000,1001.900000,0.000000,60,1001.900000,1001.900000,1001.900000,0.000000,60,24.285000,24.400000,24.100000,0.091735,60,0.028602,0.107931,-0.093067,0.037673,60,-0.021209,0.023297,-0.112188,0.027984,60,0.021304,0.072588,-0.069047,0.030465,60,0.000233,0.000793,-0.000754,0.000333,60,0.000302,0.001141,-0.000984,0.000398,60,-0.000227,0.000249,-0.001199,0.000299,60,1.406812,1.511337,1.323162,0.048653,60,-178.804515,-178.684998,-178.955490,0.061982,60,-0.377700,-0.292704,-0.464722,0.034511,60,7.404967,7.532016,7.324108,0.046334,60,179.244852,179.434906,179.111862,0.067576,60,0.191966,0.317249,0.080684,0.048660,60,0.000000,7.700000,10.000000,5.000000,1.344165,60,2174.366667,2329.000000,1934.000000,86.193705,60,0.770000,1.000000,0.500000,0.134417,60,217.464400,8.527529,60,60,60,60,60,60,60,60,60,60,60,60,60,60,60,60,60,60,60,60,60,60,60,60,60,60,60,60,60,60,12.8329,12.89,12.78,27.16,29,25,26.75,6838924
2026-10-03 00:14:00,22.230691,22.281223,22.175936,0.021166,60,14.066097,14.110018,14.013885,0.023694,60,18.365708,18.426794,18.312351,0.026306,60,95.983333,96.000000,95.000000,0.129099,60,25.358360,25.381859,25.325783,0.013869,60,25.477144,25.496681,25.453957,0.012616,60,25.185585,25.208282,25.136185,0.015496,60,24.900000,24.900000,24.900000,0.000000,60,24.658769,24.668777,24.642563,0.006768,60,24.702947,24.720718,24.691360,0.006125,60,24.489116,24.505295,24.473190,0.007204,60,1001.900000,1001.900000,1001.900000,0.000000,60,1001.900000,1001.900000,1001.900000,0.000000,60,24.296667,24.300000,24.100000,0.025820,60,0.018976,0.095583,-0.098784,0.039784,60,-0.029517,0.011535,-0.125307,0.028976,60,0.015790,0.067941,-0.047580,0.027467,60,0.000172,0.000742,-0.000520,0.000300,60,0.000201,0.001010,-0.001044,0.000421,60,-0.000316,0.000123,-0.001340,0.000310,60,1.408799,1.508600,1.322751,0.045183,60,-178.818548,-178.668579,-178.930359,0.057175,60,-0.370849,-0.292811,-0.531659,0.050100,60,7.400235,7.521662,7.299870,0.048401,60,179.265313,179.381897,179.124100,0.061230,60,0.194368,0.291898,0.107470,0.041743,60,0.000000,6.116667,9.000000,4.000000,1.595456,60,1993.916667,2239.000000,1712.000000,150.171009,60,0.611667,0.900000,0.400000,0.159546,60,199.396397,14.896891,60,60,60,60,60,60,60,60,60,60,60,60,60,60,60,60,60,60,60,60,60,60,60,60,60,60,60,60,60,60,12.8323,12.89,12.78,27.11,29,26,26.79,6838958
2026-10-03 00:15:00,22.223520,22.294956,22.160677,0.028152,60,14.066453,14.146639,14.027618,0.024613,60,18.372091,18.408484,18.298618,0.025796,60,96.000000,96.000000,96.000000,0.000000,60,25.346255,25.368507,25.312431,0.013299,60,25.475586,25.510033,25.440605,0.013326,60,25.177218,25.208282,25.152206,0.012621,60,24.900000,24.900000,24.900000,0.000000,60,24.648293,24.664566,24.632858,0.006807,60,24.698630,24.714066,24.681229,0.007048,60,24.485046,24.503494,24.469589,0.006267,60,1001.900000,1001.900000,1001.900000,0.000000,60,1001.900000,1001.900000,1001.900000,0.000000,60,24.300000,24.300000,24.300000,0.000001,60,0.021102,0.113190,-0.113190,0.046024,60,-0.022061,0.022166,-0.092962,0.026877,60,0.019279,0.075907,-0.071260,0.029942,60,0.000211,0.000829,-0.000778,0.000327,60,0.000223,0.001196,-0.001196,0.000486,60,-0.000236,0.000237,-0.000994,0.000287,60,1.408972,1.499713,1.282834,0.043600,60,-178.813630,-178.668579,-178.956711,0.051396,60,-0.381027,-0.265465,-0.477978,0.043241,60,7.397223,7.538239,7.285744,0.059005,60,179.266508,179.408386,179.164169,0.054638,60,0.173513,0.266166,0.054671,0.049880,60,0.000000,6.383333,8.000000,4.000000,0.958312,60,2104.133333,2384.000000,1949.000000,97.590022,60,0.638333,0.800000,0.400000,0.095831,60,210.355720,9.647366,60,60,60,60,60,60,60,60,60,60,60,60,60,60,60,60,60,60,60,60,60,60,60,60,60,60,60,60,60,60,12.8324,12.89,12.78,27.07,29,25,26.72,6838992
2026-10-03 00:16:00,22.231174,22.279697,22.174410,0.019528,60,14.066733,14.146639,14.013885,0.027647,60,18.369548,18.440529,18.315405,0.027376,60,96.080000,96.100000,96.000000,0.040338,60,25.336330,25.368507,25.312431,0.012539,60,25.467664,25.496681,25.440605,0.013086,60,25.170453,25.192261,25.152206,0.012034,60,24.900000,24.900000,24.900000,0.000000,60,24.639225,24.658066,24.624985,0.007300,60,24.695004,24.708572,24.679672,0.006940,60,24.478328,24.494675,24.460617,0.007006,60,1001.900000,1001.900000,1001.900000,0.000000,60,1001.900000,1001.900000,1001.900000,0.000000,60,24.300000,24.300000,24.300000,0.000001,60,0.032490,0.099013,-0.068143,0.041360,60,-0.022803,0.013345,-0.112867,0.027563,60,0.007952,0.060416,-0.090292,0.028983,60,0.000087,0.000660,-0.000986,0.000316,60,0.000343,0.001047,-0.000720,0.000437,60,-0.000244,0.000143,-0.001207,0.000295,60,1.403127,1.509967,1.323162,0.044451,60,-178.817266,-178.645920,-178.955490,0.060128,60,-0.382391,-0.318670,-0.478583,0.042001,60,7.391266,7.516135,7.278666,0.051928,60,179.260877,179.381897,179.081497,0.055807,60,0.198157,0.292697,0.080247,0.052039,60,0.000000,6.633333,8.000000,5.000000,0.609714,60,2048.883333,2187.000000,1920.000000,73.061639,60,0.663333,0.800000,0.500000,0.060971,60,204.883073,7.241614,60,60,60,60,60,60,60,60,60,60,60,60,60,60,60,60,60,60,60,60,60,60,60,60,60,60,60,60,60,60,12.8320,12.88,12.78,27.10,29,26,26.72,6839025
2026-10-03 00:17:00,22.229292,22.279697,22.171358,0.025048,60,14.068742,14.128328,13.995575,0.027828,60,18.367336,18.425268,18.312351,0.024416,60,96.065000,96.100000,96.000000,0.048099,60,25.326005,25.355156,25.283058,0.014166,60,25.464549,25.496681,25.440605,0.013072,60,25.164401,25.192261,25.136185,0.014604,60,24.900000,24.900000,24.900000,0.000000,60,24.630209,24.645340,24.611374,0.008052,60,24.691339,24.704605,24.676956,0.006565,60,24.471667,24.487381,24.450638,0.007315,60,1001.900000,1001.900000,1001.900000,0.000000,60,1001.900000,1001.900000,1001.900000,0.000000,60,24.300000,24.300000,24.300000,0.000001,60,0.008918,0.093296,-0.089409,0.039742,60,-0.038821,0.005655,-0.120105,0.027310,60,0.004843,0.046474,-0.077457,0.028938,60,0.000053,0.000507,-0.000846,0.000316,60,0.000094,0.000986,-0.000945,0.000420,60,-0.000415,0.000060,-0.001284,0.000292,60,1.402583,1.501078,1.190625,0.052910,60,-178.845417,-178.688736,-178.970261,0.061614,60,-0.392640,-0.318670,-0.465314,0.036151,60,7.388442,7.517526,7.226399,0.051693,60,179.271229,179.407700,179.124100,0.053583,60,0.191417,0.332093,0.107007,0.051443,60,0.000000,5.216667,6.000000,4.000000,0.454420,60,2056.766667,2201.000000,1821.000000,90.532767,60,0.521667,0.600000,0.400000,0.045442,60,205.704246,8.962860,60,60,60,60,60,60,60,60,60,60,60,60,60,60,60,60,60,60,60,60,60,60,60,60,60,60,60,60,60,60,12.8351,12.89,12.78,27.20,29,26,26.75,6839059
2026-10-03 00:18:00,22.227080,22.294956,22.174410,0.024650,60,14.066758,14.145113,13.980316,0.032323,60,18.364411,18.425268,18.312351,0.024400,60,96.065000,96.100000,96.000000,0.048099,60,25.315636,25.355156,25.283058,0.014475,60,25.457116,25.483330,25.440605,0.012423,60,25.153720,25.178909,25.122833,0.014654,60,24.900000,24.900000,24.900000,0.000000,60,24.623132,24.638565,24.610550,0.006437,60,24.688462,24.703293,24.676682,0.005892,60,24.466300,24.481339,24.449478,0.006797,60,1001.900000,1001.900000,1001.900000,0.000000,60,1001.900000,1001.900000,1001.900000,0.000000,60,24.300000,24.300000,24.300000,0.000001,60,0.018370,0.093525,-0.085521,0.036284,60,-0.033675,-0.001131,-0.130283,0.026928,60,0.004050,0.050236,-0.088743,0.029804,60,0.000044,0.000549,-0.000969,0.000325,60,0.000194,0.000989,-0.000904,0.000384,60,-0.000360,-0.000012,-0.001393,0.000288,60,1.405327,1.512251,1.257925,0.053175,60,-178.812998,-178.685623,-178.968323,0.061886,60,-0.376573,-0.318331,-0.504491,0.038809,60,7.379835,7.501024,7.266602,0.052198,60,179.274153,179.449387,179.111862,0.060111,60,0.199173,0.358112,0.106429,0.052309,60,0.000000,4.366667,6.000000,3.000000,0.801834,60,2180.666667,2279.000000,2025.000000,58.696192,60,0.436667,0.600000,0.300000,0.080183,60,218.074760,5.813953,60,60,60,60,60,60,60,60,60,60,60,60,60,60,60,60,60,60,60,60,60,60,60,60,60,60,60,60,60,60,12.8327,12.89,12.78,27.23,29,25,26.71,6839093
2026-10-03 00:19:00,22.223367,22.293430,22.157625,0.026694,60,14.075329,14.146639,13.995575,0.033788,60,18.361385,18.425268,18.297092,0.027924,60,96.068333,96.200000,96.000000,0.050394,60,25.309539,25.339134,25.283058,0.013795,60,25.459297,25.483330,25.440605,0.013329,60,25.152162,25.192261,25.122833,0.014253,60,24.900000,24.900000,24.900000,0.000000,60,24.616877,24.635330,24.602158,0.006880,60,24.684165,24.696030,24.667404,0.007171,60,24.460546,24.473984,24.441666,0.006953,60,1001.900000,1001.900000,1001.900000,0.000000,60,1001.900000,1001.900000,1001.900000,0.000000,60,24.300000,24.300000,24.300000,0.000001,60,0.023865,0.102671,-0.105415,0.043835,60,-0.038207,0.006559,-0.122593,0.028995,60,-0.003131,0.048908,-0.102464,0.030951,60,-0.000034,0.000534,-0.001119,0.000338,60,0.000252,0.001085,-0.001114,0.000463,60,-0.000408,0.000070,-0.001311,0.000310,60,1.403228,1.536363,1.243288,0.052602,60,-178.819777,-178.633026,-178.956223,0.060559,60,-0.376900,-0.291955,-0.477978,0.039289,60,7.384383,7.476188,7.242390,0.053935,60,179.277309,179.406891,179.164734,0.056714,60,0.196415,0.293018,0.108282,0.045094,60,0.000000,4.866667,6.000000,4.000000,0.430477,60,2261.183333,2385.000000,2134.000000,75.836240,60,0.486667,0.600000,0.400000,0.043048,60,226.120474,7.519850,60,60,60,60,60,60,60,60,60,60,60,60,60,60,60,60,60,60,60,60,60,60,60,60,60,60,60,60,60,60,12.8311,12.88,12.78,27.14,29,26,26.73,6839127
2026-10-03 00:20:00,22.224588,22.279697,22.188145,0.022619,60,14.062359,14.163424,13.995575,0.028599,60,18.368200,18.406958,18.312351,0.021495,60,96.096667,96.200000,96.000000,0.063691,60,25.299258,25.325783,25.269707,0.013034,60,25.451464,25.469978,25.427254,0.011112,60,25.138588,25.165558,25.109482,0.012318,60,24.900000,24.900000,24.900000,0.000000,60,24.609473,24.624069,24.592484,0.006047,60,24.682923,24.696274,24.664688,0.007475,60,24.458835,24.476059,24.445816,0.006340,60,1001.900000,1001.900000,1001.900000,0.000000,60,1001.900000,1001.900000,1001.900000,0.000000,60,24.300000,24.300000,24.300000,0.000001,60,0.019723,0.128053,-0.093525,0.048055,60,-0.056678,-0.016059,-0.134581,0.026782,60,-0.016410,0.024786,-0.103792,0.030866,60,-0.000179,0.000271,-0.001133,0.000337,60,0.000208,0.001354,-0.000989,0.000508,60,-0.000606,-0.000172,-0.001439,0.000286,60,1.399828,1.511337,1.259114,0.050601,60,-178.823344,-178.673645,-178.970261,0.057052,60,-0.381632,-0.265969,-0.466057,0.040394,60,7.394279,7.534758,7.281718,0.049613,60,179.277193,179.435303,179.153641,0.056920,60,0.200681,0.330066,0.055188,0.053126,60,0.000000,4.466667,5.000000,4.000000,0.503098,60,2373.600000,2482.000000,2292.000000,39.845975,60,0.446667,0.500000,0.400000,0.050310,60,237.358534,3.949914,60,60,60,60,60,60,60,60,60,60,60,60,60,60,60,60,60,60,60,60,60,60,60,60,60,60,60,60,60,60,12.8322,12.88,12.78,27.10,29,26,26.70,6839161
2026-10-03 00:21:00,22.229699,22.288853,22.198826,0.023416,60,14.065029,14.128328,14.012360,0.029548,60,18.361105,18.422216,18.280308,0.027606,60,96.120339,96.200000,96.000000,0.060968,59,25.292582,25.325783,25.256355,0.013287,60,25.447859,25.469978,25.427254,0.010994,60,25.139211,25.165558,25.109482,0.013378,60,24.900000,24.900000,24.900000,0.000000,59,24.606562,24.626236,24.591873,0.007731,60,24.678882,24.695633,24.665176,0.006924,60,24.453880,24.468979,24.436905,0.006902,60,1001.838983,1001.900000,1001.800000,0.049190,59,1001.838983,1001.900000,1001.800000,0.049190,59,24.300000,24.300000,24.300000,0.000001,59,0.005682,0.070658,-0.104729,0.046066,60,-0.056411,-0.016285,-0.127569,0.024967,60,-0.024974,0.025893,-0.143848,0.032182,60,-0.000273,0.000283,-0.001571,0.000351,60,0.000060,0.000747,-0.001107,0.000487,60,-0.000603,-0.000174,-0.001364,0.000267,60,1.391779,1.498805,1.253581,0.046187,60,-178.822826,-178.684677,-178.971466,0.053839,60,-0.393179,-0.292383,-0.544426,0.049495,60,7.387375,7.505145,7.256575,0.057929,60,179.260445,179.381454,179.112274,0.063117,60,0.188646,0.265551,0.080794,0.047412,60,0.000000,6.200000,8.000000,3.000000,1.312263,60,2379.350000,2633.000000,2320.000000,61.293909,60,0.620000,0.800000,0.300000,0.131226,60,237.904827,6.052363,60,60,60,60,60,60,60,60,60,60,60,60,60,60,60,60,60,60,60,60,60,60,59,59,59,59,59,59,60,60,12.8323,12.89,12.78,27.10,29,26,26.70,6839194
2026-10-03 00:22:00,22.221460,22.261387,22.188145,0.019215,60,14.058976,14.110018,13.980316,0.027287,60,18.365199,18.422216,18.310825,0.023004,60,96.133333,96.200000,95.600000,0.150329,60,25.292938,25.325783,25.269707,0.013422,60,25.446658,25.483330,25.427254,0.012427,60,25.132802,25.165558,25.096130,0.014450,60,24.900000,24.900000,24.900000,0.000000,60,24.601389,24.615860,24.581619,0.007306,60,24.676641,24.694199,24.663803,0.006269,60,24.449701,24.464157,24.437546,0.006682,60,1001.800000,1001.800000,1001.800000,0.000000,60,1001.800000,1001.800000,1001.800000,0.000000,60,24.286667,24.300000,24.100000,0.050310,60,0.018533,0.088037,-0.097869,0.041380,60,-0.075501,-0.039809,-0.156068,0.023805,60,-0.034343,0.010180,-0.118398,0.029912,60,-0.000375,0.000111,-0.001293,0.000327,60,0.000196,0.000931,-0.001034,0.000437,60,-0.000807,-0.000426,-0.001668,0.000254,60,1.411250,1.509967,1.297087,0.054244,60,-178.829455,-178.671112,-178.997375,0.067508,60,-0.380634,-0.265868,-0.504963,0.049194,60,7.411863,7.616960,7.275687,0.064611,60,179.258134,179.368149,179.125732,0.050126,60,0.197931,0.291898,0.081013,0.048269,60,0.000000,8.416667,9.000000,7.000000,0.719973,60,2395.533333,2466.000000,2347.000000,26.472542,60,0.841667,0.900000,0.700000,0.071997,60,239.553221,2.624764,60,60,60,60,60,60,60,60,60,60,60,60,60,60,60,60,60,60,60,60,60,60,60,60,60,60,60,60,60,60,12.8312,12.88,12.79,27.11,29,25,26.69,6839228
2026-10-03 00:23:00,22.229140,22.290379,22.156099,0.027073,60,14.061036,14.128328,14.012360,0.028323,60,18.367666,18.454262,18.310825,0.028890,60,96.078333,96.300000,95.600000,0.265593,60,25.284215,25.312431,25.256355,0.010044,60,25.443854,25.469978,25.413902,0.011394,60,25.132713,25.152206,25.096130,0.012917,60,24.900000,24.900000,24.900000,0.000000,60,24.597025,24.609726,24.579391,0.006295,60,24.673933,24.685135,24.661880,0.005400,60,24.449517,24.463181,24.436050,0.006172,60,1001.800000,1001.800000,1001.800000,0.000000,60,1001.800000,1001.800000,1001.800000,0.000000,60,24.240000,24.300000,24.100000,0.092425,60,0.009871,0.080719,-0.143145,0.044421,60,-0.082618,-0.045011,-0.154259,0.025084,60,-0.049860,-0.004647,-0.132340,0.029873,60,-0.000544,-0.000051,-0.001445,0.000326,60,0.000104,0.000853,-0.001513,0.000470,60,-0.000883,-0.000481,-0.001649,0.000268,60,1.398581,1.577114,1.280429,0.060121,60,-178.829090,-178.686539,-178.970261,0.061908,60,-0.391077,-0.319010,-0.466057,0.036859,60,7.391415,7.517526,7.268610,0.058146,60,179.259138,179.408386,179.109985,0.068754,60,0.198426,0.291259,0.081122,0.044919,60,0.000000,9.466667,10.000000,8.000000,0.566484,60,2417.100000,2483.000000,2353.000000,28.485917,60,0.946667,1.000000,0.800000,0.056648,60,241.710058,2.824343,60,60,60,60,60,60,60,60,60,60,60,60,60,60,60,60,60,60,60,60,60,60,60,60,60,60,60,60,60,60,12.8325,12.88,12.78,27.19,29,25,26.62,6839262
2026-10-03 00:24:00,22.221561,22.276646,22.156099,0.030279,60,14.071565,14.128328,13.995575,0.030728,60,18.364335,18.422216,18.294041,0.029107,60,96.188333,96.400000,95.700000,0.287651,60,25.280610,25.296410,25.256355,0.010571,60,25.438736,25.469978,25.413902,0.012814,60,25.127595,25.165558,25.096130,0.014233,60,24.900000,24.900000,24.900000,0.000000,60,24.595963,24.612198,24.575546,0.007473,60,24.670289,24.686447,24.656754,0.006892,60,24.450713,24.472244,24.432724,0.007559,60,1001.718333,1001.800000,1001.700000,0.039021,60,1001.718333,1001.800000,1001.700000,0.039021,60,24.283333,24.300000,24.100000,0.055744,60,0.008045,0.106787,-0.125767,0.044404,60,-0.085796,-0.045011,-0.167151,0.028226,60,-0.053095,-0.014163,-0.136766,0.028454,60,-0.000580,-0.000155,-0.001493,0.000311,60,0.000085,0.001129,-0.001329,0.000469,60,-0.000917,-0.000481,-0.001787,0.000302,60,1.399877,1.512251,1.283638,0.049588,60,-178.827493,-178.712097,-179.011398,0.062891,60,-0.385890,-0.318670,-0.478583,0.040565,60,7.391650,7.548504,7.301885,0.053999,60,179.274757,179.408112,179.124725,0.058107,60,0.192171,0.357586,0.106776,0.048533,60,0.000000,10.433333,12.000000,9.000000,0.789049,60,2489.500000,2541.000000,2454.000000,21.496945,60,1.043333,1.200000,0.900000,0.078905,60,248.949698,2.131539,60,60,60,60,60,60,60,60,60,60,60,60,60,60,60,60,60,60,60,60,60,60,60,60,60,60,60,60,60,60,12.8350,12.89,12.78,27.17,29,25,26.62,6839296
2026-10-03 00:25:00,22.223214,22.276646,22.169832,0.024303,60,14.062791,14.110018,13.977264,0.023821,60,18.365428,18.422216,18.312351,0.025695,60,96.240000,96.500000,95.800000,0.278738,60,25.275715,25.296410,25.256355,0.010552,60,25.439849,25.469978,25.427254,0.011309,60,25.125326,25.152206,25.096130,0.015048,60,24.900000,24.900000,24.900000,0.000000,60,24.593527,24.611710,24.579849,0.007316,60,24.667620,24.679245,24.650070,0.006415,60,24.450894,24.461411,24.438705,0.005423,60,1001.700000,1001.700000,1001.700000,0.000052,60,1001.700000,1001.700000,1001.700000,0.000052,60,24.300000,24.300000,24.300000,0.000001,60,0.014292,0.075917,-0.100156,0.041476,60,-0.085668,-0.048630,-0.178913,0.028464,60,-0.050767,0.001549,-0.143405,0.029939,60,-0.000554,0.000017,-0.001566,0.000327,60,0.000151,0.000802,-0.001059,0.000438,60,-0.000916,-0.000520,-0.001913,0.000304,60,1.401875,1.540536,1.259908,0.053718,60,-178.822326,-178.648163,-179.036911,0.059063,60,-0.377268,-0.265969,-0.464722,0.041955,60,7.385018,7.478803,7.263651,0.047487,60,179.270191,179.381180,179.110199,0.062951,60,0.198975,0.331247,0.041300,0.048627,60,0.000000,10.966667,12.000000,10.000000,0.366692,60,2455.283333,2518.000000,2365.000000,50.446176,60,1.096667,1.200000,1.000000,0.036669,60,245.530396,5.002174,60,60,60,60,60,60,60,60,60,60,60,60,60,60,60,60,60,60,60,60,60,60,60,60,60,60,60,60,60,60,12.8323,12.90,12.79,27.23,29,25,26.63,6839329
2026-10-03 00:26:00,22.227156,22.288853,22.183565,0.025578,60,14.061087,14.110018,13.995575,0.026878,60,18.364640,18.422216,18.312351,0.024116,60,96.251667,96.600000,95.900000,0.314880,60,25.275893,25.296410,25.240326,0.013234,60,25.433662,25.453957,25.397881,0.012775,60,25.124925,25.152206,25.109482,0.011687,60,24.900000,24.900000,24.900000,0.000000,60,24.590533,24.600815,24.575943,0.005566,60,24.667156,24.682205,24.654861,0.006156,60,24.450301,24.468948,24.434982,0.007608,60,1001.658333,1001.700000,1001.600000,0.049717,60,1001.658333,1001.700000,1001.600000,0.049717,60,24.300000,24.300000,24.300000,0.000001,60,0.017203,0.094897,-0.085979,0.044524,60,-0.078260,-0.040487,-0.144759,0.025047,60,-0.057137,-0.017483,-0.137430,0.030508,60,-0.000624,-0.000191,-0.001501,0.000333,60,0.000182,0.001003,-0.000909,0.000471,60,-0.000837,-0.000433,-0.001547,0.000268,60,1.408020,1.502445,1.297087,0.048500,60,-178.829229,-178.711807,-178.956711,0.055317,60,-0.387411,-0.292383,-0.465314,0.044609,60,7.394198,7.551362,7.307935,0.051886,60,179.273179,179.434647,179.125320,0.062293,60,0.201362,0.291419,0.080465,0.041935,60,0.000000,11.583333,13.000000,10.000000,1.124333,60,2332.000000,2445.000000,2285.000000,28.783234,60,1.158333,1.300000,1.000000,0.112433,60,233.197489,2.851922,60,60,60,60,60,60,60,60,60,60,60,60,60,60,60,60,60,60,60,60,60,60,60,60,60,60,60,60,60,60,12.8308,12.89,12.78,27.12,29,26,26.61,6839363
2026-10-03 00:27:00,22.225147,22.288853,22.156099,0.026634,60,14.061672,14.128328,14.012360,0.027760,60,18.363623,18.439003,18.310825,0.027143,60,96.261667,96.700000,96.000000,0.302022,60,25.272510,25.296410,25.240326,0.013012,60,25.433573,25.469978,25.413902,0.012659,60,25.122967,25.152206,25.096130,0.012107,60,24.900000,24.900000,24.900000,0.000000,60,24.590131,24.604202,24.569962,0.008226,60,24.662019,24.676956,24.643814,0.007321,60,24.448825,24.460953,24.435318,0.005513,60,1001.601667,1001.700000,1001.600000,0.012910,60,1001.601667,1001.700000,1001.600000,0.012910,60,24.301667,24.400000,24.300000,0.012910,60,0.016998,0.113647,-0.112504,0.043713,60,-0.079983,-0.035285,-0.173258,0.027630,60,-0.055913,-0.017040,-0.136545,0.029697,60,-0.000611,-0.000186,-0.001491,0.000324,60,0.000180,0.001201,-0.001189,0.000462,60,-0.000855,-0.000377,-0.001852,0.000295,60,1.400039,1.537752,1.286859,0.051623,60,-178.825204,-178.671432,-178.956711,0.059477,60,-0.375631,-0.292704,-0.465166,0.041408,60,7.388728,7.478995,7.298867,0.042405,60,179.268250,179.382156,179.124725,0.064283,60,0.179814,0.316422,0.041300,0.057003,60,0.000000,12.483333,14.000000,11.000000,0.624138,60,2307.566667,2398.000000,2273.000000,25.458751,60,1.248333,1.400000,1.100000,0.062414,60,230.755382,2.523709,60,60,60,60,60,60,60,60,60,60,60,60,60,60,60,60,60,60,60,60,60,60,60,60,60,60,60,60,60,60,12.8292,12.88,12.78,27.05,29,26,26.65,6839397
2026-10-03 00:28:00,22.220976,22.317846,22.169832,0.029951,60,14.066885,14.108492,13.994049,0.023456,60,18.363521,18.406958,18.294041,0.022802,60,96.135000,96.700000,96.000000,0.197291,60,25.269840,25.296410,25.240326,0.012128,60,25.428455,25.453957,25.397881,0.012539,60,25.123011,25.165558,25.096130,0.013436,60,24.900000,24.900000,24.900000,0.000000,60,24.586308,24.599991,24.573227,0.005995,60,24.660545,24.680374,24.640305,0.008316,60,24.447396,24.463882,24.429642,0.007802,60,1001.600000,1001.600000,1001.600000,0.000053,60,1001.600000,1001.600000,1001.600000,0.000053,60,24.306667,24.400000,24.300000,0.025155,60,0.007211,0.087579,-0.109303,0.048884,60,-0.084107,-0.032118,-0.175520,0.028648,60,-0.054872,-0.007524,-0.154249,0.030468,60,-0.000599,-0.000082,-0.001684,0.000333,60,0.000076,0.000926,-0.001155,0.000517,60,-0.000899,-0.000343,-0.001876,0.000306,60,1.403394,1.564624,1.284844,0.054822,60,-178.830766,-178.714554,-178.968811,0.058711,60,-0.383714,-0.318444,-0.479190,0.039622,60,7.387786,7.485164,7.312964,0.042104,60,179.260240,179.382156,179.111237,0.061856,60,0.199234,0.357586,0.054155,0.056955,60,0.000000,11.016667,13.000000,7.000000,1.295254,60,2292.666667,2500.000000,2149.000000,72.454233,60,1.101667,1.300000,0.700000,0.129525,60,229.257874,7.170481,60,60,60,60,60,60,60,60,60,60,60,60,60,60,60,60,60,60,60,60,60,60,60,60,60,60,60,60,60,60,12.8312,12.89,12.77,27.05,29,25,26.62,6839431
2026-10-03 00:29:00,22.219323,22.275120,22.169832,0.023256,60,14.062943,14.126802,13.994049,0.023037,60,18.364131,18.471046,18.310825,0.030169,60,96.233333,96.800000,96.100000,0.195428,60,25.267170,25.296410,25.240326,0.011064,60,25.425296,25.453957,25.397881,0.012300,60,25.125237,25.152206,25.096130,0.013171,60,24.900000,24.900000,24.900000,0.000000,60,24.584575,24.602829,24.566910,0.006684,60,24.658467,24.670273,24.648636,0.006150,60,24.446292,24.461014,24.428513,0.005746,60,1001.600000,1001.600000,1001.600000,0.000053,60,1001.600000,1001.600000,1001.600000,0.000053,60,24.310000,24.400000,24.300000,0.030253,60,0.002222,0.064713,-0.118221,0.039393,60,-0.076677,-0.037094,-0.143854,0.024887,60,-0.047990,-0.006639,-0.138537,0.028162,60,-0.000524,-0.000072,-0.001513,0.000308,60,0.000023,0.000684,-0.001250,0.000416,60,-0.000820,-0.000397,-0.001538,0.000266,60,1.406125,1.498805,1.321519,0.043566,60,-178.821878,-178.644943,-178.996201,0.058384,60,-0.383751,-0.265667,-0.479190,0.050160,60,7.402357,7.522347,7.278666,0.050991,60,179.264708,179.381180,179.111862,0.055540,60,0.195539,0.330403,0.107354,0.047376,60,0.000000,11.366667,14.000000,9.000000,1.413814,60,2209.566667,2471.000000,2103.000000,64.566971,60,1.136667,1.400000,0.900000,0.141381,60,220.932938,6.384170,60,60,60,60,60,60,60,60,60,60,60,60,60,60,60,60,60,60,60,60,60,60,60,60,60,60,60,60,60,60,12.8298,12.88,12.78,27.20,29,26,26.61,6839464
2026-10-03 00:30:00,22.221053,22.275120,22.169832,0.026503,60,14.065258,14.110018,13.980316,0.025614,60,18.360901,18.406958,18.294041,0.025766,60,96.203333,96.300000,96.200000,0.018102,60,25.266191,25.312431,25.256355,0.010866,60,25.424450,25.453957,25.397881,0.011773,60,25.121543,25.152206,25.096130,0.012325,60,24.900000,24.900000,24.900000,0.000000,60,24.581035,24.595047,24.565353,0.006078,60,24.656285,24.673111,24.641678,0.007237,60,24.446832,24.464401,24.432022,0.006492,60,1001.600000,1001.600000,1001.600000,0.000053,60,1001.600000,1001.600000,1001.600000,0.000053,60,24.300000,24.300000,24.300000,0.000001,60,0.005164,0.074545,-0.116620,0.044212,60,-0.090444,-0.049535,-0.173032,0.027035,60,-0.055555,0.002213,-0.150266,0.031990,60,-0.000607,0.000024,-0.001641,0.000349,60,0.000055,0.000788,-0.001233,0.000467,60,-0.000967,-0.000530,-0.001850,0.000289,60,1.405502,1.540071,1.283638,0.051320,60,-178.824540,-178.672073,-178.995956,0.061414,60,-0.388616,-0.319237,-0.479341,0.040861,60,7.394408,7.576735,7.299870,0.054581,60,179.271979,179.435684,179.124313,0.064669,60,0.204531,0.357236,0.055188,0.057948,60,0.000000,9.616667,14.000000,7.000000,1.747557,60,2448.916667,2556.000000,2271.000000,69.423361,60,0.961667,1.400000,0.700000,0.174756,60,244.899770,6.880730,60,60,60,60,60,60,60,60,60,60,60,60,60,60,60,60,60,60,60,60,60,60,60,60,60,60,60,60,60,60,12.8311,12.88,12.78,27.06,29,26,26.63,6839498
2026-10-03 00:31:00,22.222222,22.275120,22.169832,0.024235,60,14.062486,14.128328,13.994049,0.029286,60,18.354976,18.393225,18.294041,0.026523,60,96.335000,96.400000,96.300000,0.048099,60,25.264899,25.283058,25.226974,0.012933,60,25.422848,25.453957,25.397881,0.012513,60,25.122655,25.152206,25.096130,0.011242,60,24.900000,24.900000,24.900000,0.000000,60,24.579622,24.598099,24.556900,0.008524,60,24.656414,24.671127,24.640091,0.006208,60,24.448295,24.466873,24.434494,0.006608,60,1001.600000,1001.600000,1001.600000,0.000053,60,1001.600000,1001.600000,1001.600000,0.000053,60,24.300000,24.300000,24.300000,0.000001,60,-0.002180,0.090095,-0.131255,0.045143,60,-0.094730,-0.056999,-0.186377,0.027812,60,-0.064953,-0.018811,-0.144955,0.030161,60,-0.000709,-0.000205,-0.001583,0.000329,60,-0.000023,0.000952,-0.001387,0.000477,60,-0.001013,-0.000609,-0.001992,0.000297,60,1.404691,1.512251,1.294659,0.051528,60,-178.831952,-178.713333,-178.970749,0.050256,60,-0.387356,-0.293026,-0.531659,0.046946,60,7.398119,7.491341,7.295824,0.042455,60,179.258425,179.380753,179.165131,0.054561,60,0.206568,0.292217,0.081122,0.047897,60,0.000000,8.383333,11.000000,6.000000,1.473974,60,2338.800000,2601.000000,2109.000000,103.147056,60,0.838333,1.100000,0.600000,0.147397,60,233.859074,10.210529,60,60,60,60,60,60,60,60,60,60,60,60,60,60,60,60,60,60,60,60,60,60,60,60,60,60,60,60,60,60,12.8295,12.88,12.78,27.20,29,25,26.60,6839532
2026-10-03 00:32:00,22.217518,22.275120,22.156099,0.021597,60,14.060782,14.145113,13.994049,0.031750,60,18.356858,18.406958,18.294041,0.029230,60,96.525000,96.800000,96.200000,0.180981,60,25.261784,25.283058,25.226974,0.013239,60,25.419777,25.440605,25.384529,0.012571,60,25.120608,25.136185,25.096130,0.011832,60,24.846667,24.900000,24.800000,0.050310,60,24.579814,24.594406,24.564987,0.006183,60,24.652041,24.669601,24.639999,0.007079,60,24.445927,24.461990,24.424057,0.006856,60,1001.600000,1001.600000,1001.600000,0.000053,60,1001.600000,1001.600000,1001.600000,0.000053,60,24.341667,24.400000,24.300000,0.049717,60,0.001848,0.076603,-0.104272,0.040101,60,-0.084563,-0.032571,-0.196782,0.030781,60,-0.060940,-0.006418,-0.164208,0.032341,60,-0.000665,-0.000070,-0.001793,0.000353,60,0.000020,0.000810,-0.001102,0.000424,60,-0.000904,-0.000348,-0.002104,0.000329,60,1.397139,1.568389,1.286053,0.054645,60,-178.822814,-178.688095,-178.904556,0.049545,60,-0.395619,-0.291848,-0.503862,0.049086,60,7.398141,7.534758,7.275687,0.048058,60,179.264849,179.380463,179.153244,0.050641,60,0.197899,0.292217,0.081122,0.047436,60,0.000000,9.916667,13.000000,7.000000,1.266139,60,2424.133333,2598.000000,2306.000000,67.681324,60,0.991667,1.300000,0.700000,0.126614,60,242.409799,6.708093,60,60,60,60,60,60,60,60,60,60,60,60,60,60,60,60,60,60,60,60,60,60,60,60,60,60,60,60,60,60,12.8309,12.88,12.78,27.14,29,26,26.59,6839566
2026-10-03 00:33:00,22.220213,22.276646,22.137789,0.024846,60,14.060705,14.108492,13.977264,0.023935,60,18.358943,18.422216,18.294041,0.027701,60,96.600000,96.600000,96.600000,0.000000,60,25.263030,25.283058,25.240326,0.011022,60,25.419777,25.440605,25.384529,0.013089,60,25.121587,25.152206,25.109482,0.012432,60,24.800000,24.800000,24.800000,0.000001,60,24.579174,24.592484,24.565750,0.005702,60,24.653076,24.669052,24.638657,0.007350,60,24.446583,24.457993,24.426529,0.006414,60,1001.600000,1001.600000,1001.600000,0.000053,60,1001.600000,1001.600000,1001.600000,0.000053,60,24.270000,24.300000,24.100000,0.072017,60,-0.010633,0.073173,-0.123709,0.042634,60,-0.101931,-0.051344,-0.179365,0.025614,60,-0.084561,-0.049351,-0.168192,0.025316,60,-0.000923,-0.000539,-0.001837,0.000276,60,-0.000112,0.000773,-0.001308,0.000451,60,-0.001090,-0.000549,-0.001917,0.000274,60,1.397850,1.496084,1.284442,0.047211,60,-178.828214,-178.672699,-178.958664,0.057136,60,-0.391159,-0.292169,-0.465314,0.039866,60,7.394448,7.501654,7.256432,0.047960,60,179.279330,179.409195,179.111862,0.059939,60,0.196514,0.265398,0.054464,0.043967,60,0.000000,10.150000,12.000000,7.000000,1.204863,60,2289.033333,2469.000000,2163.000000,54.569491,60,1.015000,1.200000,0.700000,0.120486,60,228.901155,5.405953,60,60,60,60,60,60,60,60,60,60,60,60,60,60,60,60,60,60,60,60,60,60,60,60,60,60,60,60,60,60,12.8284,12.88,12.77,27.12,29,25,26.55,6839600
2026-10-03 00:34:00,22.218713,22.304111,22.153048,0.028143,60,14.060273,14.145113,14.012360,0.024980,60,18.359376,18.422216,18.310825,0.028161,60,96.665000,96.700000,96.600000,0.048099,60,25.259024,25.296410,25.240326,0.013377,60,25.416350,25.440605,25.384529,0.011236,60,25.119495,25.136185,25.096130,0.011431,60,24.800000,24.800000,24.800000,0.000001,60,24.578853,24.592850,24.563461,0.006668,60,24.651758,24.666428,24.641342,0.005965,60,24.446758,24.468369,24.431686,0.007582,60,1001.600000,1001.600000,1001.600000,0.000053,60,1001.600000,1001.600000,1001.600000,0.000053,60,24.293333,24.400000,24.100000,0.116250,60,-0.025397,0.045733,-0.166012,0.045767,60,-0.096627,-0.055868,-0.178913,0.026422,60,-0.071610,-0.004426,-0.168413,0.027879,60,-0.000782,-0.000048,-0.001839,0.000304,60,-0.000268,0.000483,-0.001755,0.000484,60,-0.001033,-0.000597,-0.001913,0.000282,60,1.398161,1.562278,1.257529,0.054509,60,-178.825707,-178.713638,-178.958664,0.055776,60,-0.393763,-0.291955,-0.478432,0.041542,60,7.387867,7.518217,7.268610,0.057507,60,179.265275,179.435425,179.124725,0.058847,60,0.193185,0.291738,0.054774,0.052099,60,0.000000,8.766667,11.000000,7.000000,0.810245,60,2275.716667,2381.000000,2141.000000,45.556481,60,0.876667,1.100000,0.700000,0.081025,60,227.575629,4.514629,60,60,60,60,60,60,60,60,60,60,60,60,60,60,60,60,60,60,60,60,60,60,60,60,60,60,60,60,60,60,12.8292,12.88,12.78,27.12,29,25,26.61,6839633
2026-10-03 00:35:00,22.214033,22.275120,22.156099,0.025896,60,14.054983,14.108492,13.977264,0.028580,60,18.357545,18.406958,18.294041,0.025833,60,96.781667,96.800000,96.700000,0.039020,60,25.257912,25.283058,25.240326,0.010799,60,25.416128,25.440605,25.397881,0.011363,60,25.117448,25.136185,25.080109,0.012711,60,24.800000,24.800000,24.800000,0.000001,60,24.576748,24.595078,24.560593,0.007393,60,24.652525,24.666824,24.638718,0.006388,60,24.447656,24.464005,24.424606,0.007106,60,1001.606667,1001.700000,1001.600000,0.025155,60,1001.606667,1001.700000,1001.600000,0.025155,60,24.378333,24.400000,24.300000,0.041545,60,-0.006719,0.071801,-0.147947,0.044782,60,-0.084955,-0.053606,-0.146116,0.021654,60,-0.064706,-0.009516,-0.156462,0.033155,60,-0.000707,-0.000104,-0.001709,0.000362,60,-0.000071,0.000759,-0.001564,0.000473,60,-0.000908,-0.000573,-0.001562,0.000231,60,1.409841,1.567446,1.283638,0.062533,60,-178.826974,-178.689041,-178.969788,0.065635,60,-0.389386,-0.292811,-0.504963,0.045381,60,7.390199,7.486482,7.289811,0.041030,60,179.256376,179.436066,179.122650,0.065302,60,0.191044,0.291898,0.107123,0.042871,60,0.000000,8.200000,11.000000,6.000000,1.232333,60,2331.300000,2583.000000,2173.000000,104.038177,60,0.820000,1.100000,0.600000,0.123233,60,233.084232,10.299601,60,60,60,60,60,60,60,60,60,60,60,60,60,60,60,60,60,60,60,60,60,60,60,60,60,60,60,60,60,60,12.8282,12.87,12.78,27.08,29,25,26.58,6839667
2026-10-03 00:36:00,22.215203,22.275120,22.156099,0.028066,60,14.057883,14.126802,14.009308,0.028948,60,18.357544,18.425268,18.310825,0.026782,60,96.863333,96.900000,96.800000,0.048596,60,25.258846,25.283058,25.213623,0.013519,60,25.417507,25.440605,25.384529,0.012819,60,25.118917,25.152206,25.096130,0.011064,60,24.800000,24.800000,24.800000,0.000001,60,24.576938,24.590195,24.564957,0.006031,60,24.653085,24.670517,24.635910,0.006663,60,24.446522,24.464371,24.423386,0.008193,60,1001.605000,1001.700000,1001.600000,0.021978,60,1001.605000,1001.700000,1001.600000,0.021978,60,24.386667,24.400000,24.300000,0.034280,60,-0.019501,0.072716,-0.151835,0.046036,60,-0.089517,-0.043880,-0.170092,0.029467,60,-0.067269,-0.017483,-0.150266,0.030813,60,-0.000735,-0.000191,-0.001641,0.000336,60,-0.000206,0.000769,-0.001605,0.000487,60,-0.000957,-0.000469,-0.001818,0.000315,60,1.391530,1.497443,1.244466,0.054263,60,-178.824757,-178.687180,-178.995956,0.057849,60,-0.387932,-0.292168,-0.465611,0.044267,60,7.394428,7.528549,7.289773,0.053031,60,179.275419,179.381454,179.112274,0.055857,60,0.191125,0.265859,0.107007,0.040824,60,0.000000,7.883333,10.000000,5.000000,1.427237,60,2391.650000,2534.000000,2184.000000,77.124119,60,0.788333,1.000000,0.500000,0.142724,60,239.174571,7.639302,60,60,60,60,60,60,60,60,60,60,60,60,60,60,60,60,60,60,60,60,60,60,60,60,60,60,60,60,60,60,12.8288,12.89,12.77,27.20,29,26,26.57,6839701
2026-10-03 00:37:00,22.211185,22.258335,22.166780,0.022672,60,14.058518,14.145113,13.977264,0.028955,60,18.357875,18.406958,18.310825,0.026587,60,96.825000,96.900000,96.800000,0.043667,60,25.258045,25.283058,25.226974,0.011883,60,25.414748,25.440605,25.384529,0.011451,60,25.120029,25.152206,25.096130,0.013468,60,24.800000,24.800000,24.800000,0.000001,60,24.578588,24.590988,24.564621,0.006200,60,24.654247,24.671616,24.638077,0.007073,60,24.445454,24.460617,24.434982,0.005466,60,1001.600000,1001.600000,1001.600000,0.000053,60,1001.600000,1001.600000,1001.600000,0.000053,60,24.331667,24.400000,24.300000,0.046910,60,-0.022047,0.061511,-0.107931,0.039250,60,-0.089754,-0.021488,-0.168508,0.029476,60,-0.075214,-0.020803,-0.191207,0.033484,60,-0.000821,-0.000227,-0.002088,0.000366,60,-0.000233,0.000650,-0.001141,0.000415,60,-0.000959,-0.000230,-0.001801,0.000315,60,1.409015,1.510880,1.284844,0.054069,60,-178.838578,-178.688736,-178.956711,0.059630,60,-0.393442,-0.318897,-0.478886,0.042938,60,7.392029,7.489279,7.305916,0.045223,60,179.265139,179.368439,179.125732,0.060539,60,0.195740,0.292697,0.054774,0.049693,60,0.000000,7.416667,10.000000,5.000000,1.266139,60,2397.383333,2806.000000,1975.000000,186.731212,60,0.741667,1.000000,0.500000,0.126614,60,239.537869,18.475062,60,60,60,60,60,60,60,60,60,60,60,60,60,60,60,60,60,60,60,60,60,60,60,60,60,60,60,60,60,60,12.8273,12.88,12.78,27.04,29,26,26.60,6839735
2026-10-03 00:38:00,22.211032,22.275120,22.137789,0.027983,60,14.050431,14.128328,14.009308,0.025123,60,18.360088,18.422216,18.310825,0.024212,60,96.595000,97.300000,96.100000,0.291940,60,25.254305,25.283058,25.213623,0.013868,60,25.412923,25.440605,25.384529,0.012112,60,25.119050,25.152206,25.080109,0.011564,60,24.796667,24.800000,24.700000,0.018102,60,24.578224,24.590103,24.564438,0.006799,60,24.654383,24.665726,24.641830,0.006529,60,24.446491,24.460129,24.433182,0.006654,60,1001.600000,1001.600000,1001.600000,0.000053,60,1001.600000,1001.600000,1001.600000,0.000053,60,24.243333,24.300000,24.100000,0.090884,60,-0.032852,0.048935,-0.170128,0.041373,60,-0.083421,-0.044332,-0.150640,0.026678,60,-0.065816,-0.018147,-0.167528,0.033841,60,-0.000719,-0.000198,-0.001829,0.000370,60,-0.000347,0.000517,-0.001798,0.000437,60,-0.000892,-0.000474,-0.001610,0.000285,60,1.409896,1.538216,1.325221,0.050904,60,-178.828191,-178.712723,-178.969543,0.059468,60,-0.374287,-0.292811,-0.531495,0.048466,60,7.411397,7.565108,7.281719,0.053767,60,179.274475,179.407990,179.151077,0.059116,60,0.197555,0.330740,0.042806,0.057049,60,0.000000,7.416667,10.000000,6.000000,1.154089,60,2281.416667,2498.000000,2177.000000,76.918687,60,0.741667,1.000000,0.600000,0.115409,60,228.122577,7.618314,60,60,60,60,60,60,60,60,60,60,60,60,60,60,60,60,60,60,60,60,60,60,60,60,60,60,60,60,60,60,12.8259,12.89,12.77,27.13,29,26,26.53,6839769
2026-10-03 00:39:00,22.219679,22.258335,22.156099,0.021590,60,14.047455,14.110018,13.994049,0.026935,60,18.354111,18.406958,18.310825,0.023163,60,96.501667,97.300000,96.100000,0.391214,60,25.258713,25.296410,25.226974,0.013332,60,25.418442,25.440605,25.397881,0.011606,60,25.120831,25.136185,25.096130,0.010378,60,24.776667,24.800000,24.700000,0.042652,60,24.575852,24.590378,24.563828,0.006221,60,24.656282,24.671951,24.641983,0.006984,60,24.447367,24.459335,24.426895,0.006454,60,1001.600000,1001.600000,1001.600000,0.000053,60,1001.600000,1001.600000,1001.600000,0.000053,60,24.200000,24.300000,24.100000,0.100844,60,-0.010107,0.070658,-0.115019,0.038422,60,-0.092668,-0.038678,-0.186377,0.028935,60,-0.070124,-0.023901,-0.142078,0.028651,60,-0.000766,-0.000261,-0.001551,0.000313,60,-0.000107,0.000747,-0.001216,0.000406,60,-0.000991,-0.000413,-0.001992,0.000309,60,1.409872,1.499713,1.257529,0.045797,60,-178.821890,-178.686539,-178.930847,0.052013,60,-0.385325,-0.292811,-0.465908,0.042744,60,7.385952,7.511331,7.279707,0.052345,60,179.286322,179.448135,179.152664,0.060081,60,0.183721,0.291419,0.081013,0.049327,60,0.000000,8.333333,10.000000,7.000000,0.950765,60,2297.216667,2364.000000,2165.000000,45.225271,60,0.833333,1.000000,0.700000,0.095077,60,229.726772,4.481703,60,60,60,60,60,60,60,60,60,60,60,60,60,60,60,60,60,60,60,60,60,60,60,60,60,60,60,60,60,60,12.8268,12.88,12.78,27.26,29,26,26.53,6839802
2026-10-03 00:40:00,22.211058,22.258335,22.169832,0.023680,60,14.059230,14.128328,13.994049,0.029225,60,18.357010,18.406958,18.294041,0.028223,60,96.528333,97.300000,96.200000,0.394922,60,25.257110,25.283058,25.226974,0.012036,60,25.421023,25.453957,25.397881,0.012307,60,25.119807,25.152206,25.080109,0.014194,60,24.776667,24.800000,24.700000,0.042652,60,24.576883,24.593399,24.562088,0.006608,60,24.655413,24.669785,24.640976,0.006532,60,24.447534,24.461868,24.436020,0.006711,60,1001.600000,1001.600000,1001.600000,0.000053,60,1001.600000,1001.600000,1001.600000,0.000053,60,24.190000,24.300000,24.100000,0.100338,60,-0.011384,0.042989,-0.158924,0.040883,60,-0.095590,-0.053154,-0.179591,0.025349,60,-0.080658,-0.030761,-0.172839,0.029899,60,-0.000881,-0.000336,-0.001887,0.000327,60,-0.000120,0.000454,-0.001680,0.000432,60,-0.001022,-0.000568,-0.001920,0.000271,60,1.395578,1.567446,1.286053,0.053009,60,-178.842489,-178.686539,-178.957947,0.052253,60,-0.393248,-0.293026,-0.479190,0.047002,60,7.391005,7.509268,7.275687,0.050137,60,179.266437,179.369308,179.152054,0.051543,60,0.190261,0.291259,0.082001,0.048098,60,0.000000,9.500000,12.000000,8.000000,1.096991,60,2216.733333,2350.000000,2139.000000,58.040274,60,0.950000,1.200000,0.800000,0.109699,60,221.668078,5.753731,60,60,60,60,60,60,60,60,60,60,60,60,60,60,60,60,60,60,60,60,60,60,60,60,60,60,60,60,60,60,12.8300,12.88,12.78,27.18,29,25,26.54,6839838
2026-10-03 00:41:00,22.208413,22.275120,22.156099,0.028346,60,14.056814,14.108492,13.977264,0.028151,60,18.356095,18.422216,18.275730,0.027008,60,96.540000,97.300000,96.100000,0.267569,60,25.256131,25.269707,25.226974,0.009488,60,25.419154,25.453957,25.397881,0.011891,60,25.116336,25.136185,25.080109,0.012777,60,24.733333,24.800000,24.700000,0.047538,60,24.578988,24.593857,24.566635,0.006478,60,24.656884,24.674545,24.642136,0.007085,60,24.446552,24.468613,24.432724,0.007303,60,1001.518333,1001.600000,1001.500000,0.039020,60,1001.518333,1001.600000,1001.500000,0.039020,60,24.216667,24.300000,24.100000,0.099433,60,-0.017851,0.074088,-0.169900,0.045394,60,-0.095447,-0.059939,-0.184568,0.028863,60,-0.078689,-0.027442,-0.164208,0.031776,60,-0.000859,-0.000300,-0.001793,0.000347,60,-0.000189,0.000783,-0.001796,0.000480,60,-0.001020,-0.000641,-0.001973,0.000309,60,1.401503,1.563685,1.297087,0.052986,60,-178.829634,-178.673645,-178.956223,0.058570,60,-0.375595,-0.266474,-0.466801,0.045991,60,7.392886,7.530617,7.275688,0.054962,60,179.260579,179.409195,179.110199,0.068167,60,0.195577,0.358639,0.054464,0.055918,60,0.000000,9.450000,12.000000,7.000000,1.294382,60,2274.483333,2486.000000,2153.000000,79.127336,60,0.945000,1.200000,0.700000,0.129438,60,227.433875,7.838871,60,60,60,60,60,60,60,60,60,60,60,60,60,60,60,60,60,60,60,60,60,60,60,60,60,60,60,60,60,60,12.8275,12.89,12.77,27.16,29,25,26.54,6839872
2026-10-03 00:42:00,22.209787,22.258335,22.139315,0.019719,60,14.061265,14.126802,13.995575,0.026779,60,18.352992,18.406958,18.294041,0.027260,60,96.726667,96.800000,96.700000,0.044595,60,25.254484,25.269707,25.240326,0.010331,60,25.419065,25.440605,25.384529,0.014666,60,25.124124,25.152206,25.096130,0.013442,60,24.700000,24.700000,24.700000,0.000000,60,24.580581,24.597641,24.560471,0.006308,60,24.656250,24.674026,24.637619,0.006752,60,24.449829,24.468552,24.430527,0.006975,60,1001.500000,1001.500000,1001.500000,0.000000,60,1001.500000,1001.500000,1001.500000,0.000000,60,24.300000,24.300000,24.300000,0.000001,60,-0.013369,0.089866,-0.152750,0.044171,60,-0.106473,-0.051797,-0.206055,0.025727,60,-0.094652,-0.028991,-0.204264,0.033851,60,-0.001034,-0.000317,-0.002231,0.000370,60,-0.000141,0.000950,-0.001615,0.000467,60,-0.001138,-0.000554,-0.002203,0.000275,60,1.389576,1.513166,1.258718,0.056321,60,-178.835582,-178.648163,-178.996902,0.069827,60,-0.371897,-0.265868,-0.479190,0.047114,60,7.394117,7.511992,7.276651,0.050015,60,179.265666,179.382156,179.151657,0.060203,60,0.198264,0.291898,0.106775,0.043875,60,0.000000,12.600000,16.000000,9.000000,1.805829,60,2331.016667,2475.000000,2183.000000,65.934094,60,1.260000,1.600000,0.900000,0.180583,60,233.099141,6.533313,60,60,60,60,60,60,60,60,60,60,60,60,60,60,60,60,60,60,60,60,60,60,60,60,60,60,60,60,60,60,12.8291,12.89,12.78,27.21,29,25,26.55,6839906
2026-10-03 00:43:00,22.210066,22.275120,22.137789,0.027960,60,14.057399,14.126802,14.009308,0.027483,60,18.356324,18.406958,18.278782,0.024329,60,96.680000,96.700000,96.600000,0.040338,60,25.256531,25.283058,25.226974,0.014403,60,25.422136,25.453957,25.384529,0.014098,60,25.119228,25.136185,25.080109,0.012638,60,24.700000,24.700000,24.700000,0.000000,60,24.583326,24.605362,24.566879,0.008079,60,24.655861,24.668808,24.640732,0.006946,60,24.452378,24.471085,24.439224,0.006985,60,1001.440000,1001.500000,1001.400000,0.049403,60,1001.440000,1001.500000,1001.400000,0.049403,60,24.260000,24.300000,24.100000,0.080675,60,-0.011845,0.065856,-0.108617,0.040399,60,-0.130196,-0.073284,-0.214650,0.029248,60,-0.126129,-0.065064,-0.223739,0.038388,60,-0.001377,-0.000710,-0.002443,0.000419,60,-0.000125,0.000696,-0.001148,0.000427,60,-0.001392,-0.000783,-0.002295,0.000313,60,1.403474,1.497444,1.297087,0.053712,60,-178.841978,-178.684998,-178.972198,0.068061,60,-0.378627,-0.292168,-0.466057,0.042566,60,7.392616,7.517526,7.307934,0.047539,60,179.278981,179.381897,179.150665,0.060121,60,0.186489,0.266166,0.106775,0.039407,60,0.000000,16.616667,22.000000,13.000000,2.307627,60,2433.883333,2576.000000,2298.000000,72.928823,60,1.661667,2.200000,1.300000,0.230763,60,243.386052,7.228596,60,60,60,60,60,60,60,60,60,60,60,60,60,60,60,60,60,60,60,60,60,60,60,60,60,60,60,60,60,60,12.8273,12.88,12.77,27.29,29,25,26.49,6839939
2026-10-03 00:44:00,22.211185,22.258335,22.156099,0.026100,60,14.059815,14.128328,13.962005,0.031588,60,18.356553,18.406958,18.310825,0.023177,60,96.600000,96.600000,96.600000,0.000000,59,25.262986,25.296410,25.240326,0.012637,60,25.423649,25.440605,25.397881,0.013200,60,25.126883,25.165558,25.096130,0.014884,60,24.700000,24.700000,24.700000,0.000000,59,24.591990,24.605270,24.579697,0.006822,60,24.655855,24.675003,24.638382,0.007704,60,24.456766,24.476974,24.444412,0.006593,60,1001.400000,1001.400000,1001.400000,0.000000,59,1001.400000,1001.400000,1001.400000,0.000000,59,24.100000,24.100000,24.100000,0.000001,59,-0.042250,0.037501,-0.175159,0.045904,60,-0.143176,-0.093867,-0.230483,0.029863,60,-0.159830,-0.108218,-0.248746,0.034158,60,-0.001745,-0.001182,-0.002716,0.000373,60,-0.000447,0.000396,-0.001851,0.000485,60,-0.001531,-0.001003,-0.002464,0.000319,60,1.397089,1.578059,1.280428,0.059928,60,-178.829037,-178.643997,-178.930847,0.056378,60,-0.384138,-0.318670,-0.465908,0.038757,60,7.383943,7.522347,7.236386,0.056730,60,179.263087,179.380341,179.191513,0.045844,60,0.180123,0.265398,0.054361,0.043692,60,0.000000,14.950000,19.000000,11.000000,1.741079,60,2457.550000,2577.000000,2305.000000,65.329264,60,1.495000,1.900000,1.100000,0.174108,60,245.758678,6.474493,60,60,60,60,60,60,60,60,60,60,60,60,60,60,60,60,60,60,60,60,60,60,59,59,59,59,59,59,60,60,12.8254,12.88,12.77,27.12,29,26,26.48,6839973
2026-10-03 00:45:00,22.204853,22.275120,22.156099,0.024690,60,14.053839,14.128328,13.994049,0.027511,60,18.358333,18.394751,18.294041,0.025338,60,96.735000,96.800000,96.200000,0.119071,60,25.265122,25.283058,25.240326,0.013538,60,25.422625,25.453957,25.397881,0.011808,60,25.131423,25.165558,25.109482,0.013696,60,24.705000,24.800000,24.700000,0.021978,60,24.599508,24.613815,24.587357,0.006436,60,24.657967,24.672775,24.639786,0.006973,60,24.461606,24.486526,24.444962,0.007343,60,1001.400000,1001.400000,1001.400000,0.000000,60,1001.400000,1001.400000,1001.400000,0.000000,60,24.276667,24.300000,24.100000,0.064746,60,-0.024784,0.056252,-0.124852,0.044340,60,-0.132839,-0.098843,-0.213746,0.025809,60,-0.127940,-0.076350,-0.216215,0.029560,60,-0.001397,-0.000834,-0.002361,0.000323,60,-0.000262,0.000595,-0.001320,0.000469,60,-0.001420,-0.001057,-0.002285,0.000276,60,1.403173,1.575698,1.255948,0.056675,60,-178.838647,-178.687485,-178.969788,0.051687,60,-0.380069,-0.292811,-0.479341,0.041199,60,7.387417,7.491341,7.273679,0.045188,60,179.279665,179.409195,179.191711,0.047987,60,0.197609,0.293178,0.054464,0.057662,60,0.000000,13.300000,17.000000,8.000000,1.976986,60,2328.866667,2604.000000,2180.000000,81.723068,60,1.330000,1.700000,0.800000,0.197699,60,232.848712,8.079866,60,60,60,60,60,60,60,60,60,60,60,60,60,60,60,60,60,60,60,60,60,60,60,60,60,60,60,60,60,60,12.8273,12.89,12.77,27.10,29,25,26.43,6840007
2026-10-03 00:46:00,22.208769,22.261387,22.125582,0.028253,60,14.056611,14.128328,13.995575,0.028590,60,18.355103,18.422216,18.310825,0.026062,60,96.560000,96.800000,96.200000,0.267569,60,25.272377,25.296410,25.256355,0.010658,60,25.421201,25.440605,25.397881,0.012131,60,25.135161,25.165558,25.109482,0.013854,60,24.746667,24.800000,24.700000,0.050310,60,24.601912,24.613632,24.589981,0.007192,60,24.658318,24.672470,24.638626,0.007401,60,24.466944,24.482864,24.450241,0.006991,60,1001.400000,1001.400000,1001.400000,0.000000,60,1001.400000,1001.400000,1001.400000,0.000000,60,24.206667,24.300000,24.100000,0.100620,60,-0.020336,0.052136,-0.116849,0.035011,60,-0.113624,-0.077582,-0.194067,0.024546,60,-0.109063,-0.037843,-0.208912,0.030769,60,-0.001191,-0.000413,-0.002281,0.000336,60,-0.000215,0.000551,-0.001235,0.000370,60,-0.001215,-0.000829,-0.002075,0.000262,60,1.393565,1.510880,1.255948,0.056986,60,-178.831087,-178.751617,-178.958191,0.047486,60,-0.376393,-0.265969,-0.504491,0.047118,60,7.398240,7.518217,7.295824,0.052216,60,179.279075,179.368713,179.153641,0.055136,60,0.191083,0.357586,0.106545,0.052342,60,0.000000,12.083333,15.000000,9.000000,1.543622,60,2353.566667,2530.000000,2221.000000,76.078320,60,1.208333,1.500000,0.900000,0.154362,60,235.345317,7.538899,60,60,60,60,60,60,60,60,60,60,60,60,60,60,60,60,60,60,60,60,60,60,60,60,60,60,60,60,60,60,12.8239,12.88,12.77,27.13,29,25,26.46,6840041
2026-10-03 00:47:00,22.205590,22.258335,22.156099,0.022590,60,14.055568,14.128328,13.994049,0.027732,60,18.352789,18.406958,18.278782,0.024580,60,96.423333,96.900000,96.200000,0.135755,60,25.275804,25.312431,25.256355,0.013572,60,25.424984,25.453957,25.397881,0.010299,60,25.137030,25.165558,25.109482,0.014005,60,24.800000,24.800000,24.800000,0.000001,60,24.607445,24.622147,24.594254,0.006071,60,24.657199,24.671127,24.641769,0.006310,60,24.471154,24.488052,24.456100,0.007528,60,1001.400000,1001.400000,1001.400000,0.000000,60,1001.400000,1001.400000,1001.400000,0.000000,60,24.113333,24.300000,24.100000,0.050310,60,-0.012927,0.062426,-0.119364,0.037208,60,-0.109127,-0.062201,-0.174389,0.024523,60,-0.097418,-0.031425,-0.202494,0.034321,60,-0.001064,-0.000343,-0.002211,0.000375,60,-0.000137,0.000660,-0.001262,0.000393,60,-0.001167,-0.000665,-0.001864,0.000262,60,1.408306,1.513166,1.284844,0.051469,60,-178.838357,-178.689041,-178.957199,0.055591,60,-0.382070,-0.292490,-0.479190,0.044402,60,7.388002,7.505786,7.262589,0.054142,60,179.265637,179.409195,179.125320,0.056313,60,0.200027,0.397094,0.080793,0.052642,60,0.000000,12.716667,16.000000,11.000000,1.303082,60,2373.350000,2572.000000,2219.000000,98.504379,60,1.271667,1.600000,1.100000,0.130308,60,237.322183,9.764592,60,60,60,60,60,60,60,60,60,60,60,60,60,60,60,60,60,60,60,60,60,60,60,60,60,60,60,60,60,60,12.8241,12.89,12.77,27.04,29,26,26.48,6840074
2026-10-03 00:48:00,22.203861,22.258335,22.139315,0.026466,60,14.060299,14.110018,13.994049,0.027698,60,18.359554,18.425268,18.280308,0.026402,60,96.525000,96.900000,96.400000,0.218333,60,25.280388,25.296410,25.269707,0.008795,60,25.422892,25.453957,25.397881,0.011146,60,25.142193,25.165558,25.109482,0.012920,60,24.800000,24.800000,24.800000,0.000001,60,24.610337,24.628708,24.587448,0.008720,60,24.659036,24.671036,24.639297,0.006836,60,24.472081,24.484207,24.456802,0.006403,60,1001.400000,1001.400000,1001.400000,0.000000,60,1001.400000,1001.400000,1001.400000,0.000000,60,24.150000,24.300000,24.100000,0.087333,60,-0.013049,0.098098,-0.135828,0.039960,60,-0.093792,-0.043654,-0.166699,0.027254,60,-0.080872,-0.038507,-0.158675,0.027004,60,-0.000883,-0.000420,-0.001733,0.000295,60,-0.000138,0.001037,-0.001436,0.000422,60,-0.001003,-0.000467,-0.001782,0.000291,60,1.397791,1.510880,1.187594,0.054327,60,-178.831470,-178.685623,-178.971710,0.060066,60,-0.383500,-0.292490,-0.503705,0.044056,60,7.398524,7.511331,7.273679,0.054302,60,179.265645,179.368439,179.122650,0.059330,60,0.188927,0.331247,0.081561,0.056304,60,0.000000,12.066667,16.000000,8.000000,1.774267,60,2270.750000,2370.000000,2150.000000,42.374691,60,1.206667,1.600000,0.800000,0.177427,60,227.075622,4.200045,60,60,60,60,60,60,60,60,60,60,60,60,60,60,60,60,60,60,60,60,60,60,60,60,60,60,60,60,60,60,12.8268,12.89,12.77,27.14,29,25,26.48,6840108
2026-10-03 00:49:00,22.202208,22.247654,22.169832,0.020798,60,14.056942,14.108492,13.977264,0.023554,60,18.350093,18.406958,18.297092,0.023726,60,96.450000,96.900000,96.200000,0.260052,60,25.284082,25.325783,25.226974,0.014652,60,25.421646,25.440605,25.397881,0.011847,60,25.145575,25.178909,25.109482,0.014622,60,24.800000,24.800000,24.800000,0.000001,60,24.612034,24.627426,24.599930,0.006481,60,24.657522,24.675034,24.643204,0.007070,60,24.472976,24.489273,24.460312,0.007078,60,1001.400000,1001.400000,1001.400000,0.000000,60,1001.400000,1001.400000,1001.400000,0.000000,60,24.156667,24.300000,24.100000,0.090884,60,0.008766,0.091009,-0.143603,0.048159,60,-0.088450,-0.042523,-0.183889,0.029472,60,-0.070917,-0.021024,-0.161774,0.030215,60,-0.000774,-0.000230,-0.001767,0.000330,60,0.000093,0.000962,-0.001518,0.000509,60,-0.000946,-0.000455,-0.001966,0.000315,60,1.396514,1.513624,1.295872,0.047990,60,-178.833713,-178.712097,-178.968811,0.051885,60,-0.368686,-0.265164,-0.464870,0.042819,60,7.390721,7.554723,7.279707,0.059706,60,179.258097,179.368439,179.121429,0.061249,60,0.198789,0.293820,0.081891,0.045295,60,0.000000,13.216667,15.000000,11.000000,1.236338,60,2345.000000,2495.000000,2224.000000,60.128957,60,1.321667,1.500000,1.100000,0.123634,60,234.494543,5.956982,60,60,60,60,60,60,60,60,60,60,60,60,60,60,60,60,60,60,60,60,60,60,60,60,60,60,60,60,60,60,12.8270,12.89,12.78,27.24,29,25,26.41,6840142
2026-10-03 00:50:00,22.204064,22.261387,22.156099,0.022781,60,14.052033,14.108492,13.977264,0.024374,60,18.351746,18.406958,18.297092,0.028046,60,96.418333,97.300000,96.200000,0.306700,60,25.284037,25.312431,25.256355,0.011706,60,25.420845,25.440605,25.384529,0.012907,60,25.145709,25.165558,25.109482,0.013241,60,24.790000,24.800000,24.700000,0.030253,60,24.609789,24.621445,24.593552,0.006396,60,24.657883,24.673019,24.642868,0.007451,60,24.472337,24.486160,24.456467,0.006012,60,1001.400000,1001.400000,1001.400000,0.000000,60,1001.400000,1001.400000,1001.400000,0.000000,60,24.170000,24.300000,24.100000,0.096199,60,-0.004291,0.082091,-0.109531,0.039546,60,-0.098598,-0.061975,-0.180496,0.025922,60,-0.073978,-0.025229,-0.151151,0.027577,60,-0.000808,-0.000275,-0.001651,0.000301,60,-0.000045,0.000868,-0.001158,0.000418,60,-0.001054,-0.000663,-0.001930,0.000277,60,1.394197,1.471912,1.284844,0.046810,60,-178.840331,-178.673645,-178.929596,0.046696,60,-0.383212,-0.266171,-0.465611,0.049015,60,7.383600,7.485163,7.289811,0.042032,60,179.277865,179.380341,179.124313,0.055255,60,0.187124,0.358991,0.080794,0.047929,60,0.000000,11.766667,15.000000,9.000000,1.488563,60,2365.883333,2528.000000,2207.000000,81.810258,60,1.176667,1.500000,0.900000,0.148856,60,236.588189,8.107619,60,60,60,60,60,60,60,60,60,60,60,60,60,60,60,60,60,60,60,60,60,60,60,60,60,60,60,60,60,60,12.8241,12.88,12.76,27.16,29,26,26.44,6840176
2026-10-03 00:51:00,22.202793,22.290379,22.139315,0.028371,60,14.052974,14.128328,13.980316,0.031707,60,18.351593,18.406958,18.297092,0.028346,60,96.401667,97.300000,96.200000,0.261347,60,25.285016,25.312431,25.256355,0.013913,60,25.422136,25.453957,25.397881,0.013167,60,25.146020,25.165558,25.122833,0.012711,60,24.790000,24.800000,24.700000,0.030253,60,24.612763,24.624924,24.598679,0.006449,60,24.654386,24.673233,24.640579,0.006861,60,24.473416,24.490036,24.458847,0.006783,60,1001.400000,1001.400000,1001.400000,0.000000,60,1001.400000,1001.400000,1001.400000,0.000000,60,24.136667,24.300000,24.100000,0.078041,60,-0.013331,0.073402,-0.099470,0.038387,60,-0.094930,-0.047499,-0.185246,0.029499,60,-0.081462,-0.020360,-0.177265,0.032073,60,-0.000890,-0.000222,-0.001936,0.000350,60,-0.000141,0.000776,-0.001051,0.000406,60,-0.001015,-0.000508,-0.001980,0.000315,60,1.389370,1.499713,1.219479,0.059292,60,-178.826467,-178.715164,-178.957443,0.056106,60,-0.384825,-0.292811,-0.478886,0.042187,60,7.383762,7.530617,7.266603,0.060739,60,179.281159,179.435043,179.151077,0.068413,60,0.196839,0.318576,0.107470,0.047071,60,0.000000,12.200000,14.000000,10.000000,0.898209,60,2365.066667,2475.000000,2257.000000,49.122423,60,1.220000,1.400000,1.000000,0.089821,60,236.505214,4.869575,60,60,60,60,60,60,60,60,60,60,60,60,60,60,60,60,60,60,60,60,60,60,60,60,60,60,60,60,60,60,12.8240,12.88,12.77,27.08,29,25,26.44,6840210
2026-10-03 00:52:00,22.209710,22.247654,22.139315,0.025968,60,14.051499,14.128328,14.009308,0.024327,60,18.348974,18.394751,18.297092,0.022901,60,96.508333,97.500000,96.200000,0.288357,60,25.282391,25.296410,25.256355,0.011898,60,25.418531,25.440605,25.384529,0.013624,60,25.147667,25.178909,25.109482,0.013322,60,24.795000,24.800000,24.700000,0.021978,60,24.611673,24.625229,24.600327,0.005691,60,24.656035,24.670212,24.638382,0.006122,60,24.476876,24.492050,24.458176,0.006503,60,1001.400000,1001.400000,1001.400000,0.000000,60,1001.400000,1001.400000,1001.400000,0.000000,60,24.150000,24.300000,24.100000,0.087333,60,-0.016838,0.061054,-0.135599,0.040210,60,-0.097098,-0.045237,-0.187282,0.028273,60,-0.073879,-0.021245,-0.157569,0.031114,60,-0.000807,-0.000232,-0.001721,0.000340,60,-0.000178,0.000645,-0.001433,0.000425,60,-0.001038,-0.000484,-0.002002,0.000302,60,1.394802,1.503813,1.257529,0.048688,60,-178.855276,-178.716064,-178.957443,0.055377,60,-0.388732,-0.292811,-0.477978,0.044014,60,7.380597,7.482362,7.256575,0.052742,60,179.276409,179.368149,179.153641,0.052503,60,0.181831,0.265551,0.054155,0.052959,60,0.000000,12.100000,16.000000,10.000000,1.230957,60,2384.133333,2486.000000,2257.000000,52.461921,60,1.210000,1.600000,1.000000,0.123096,60,238.414045,5.200333,60,60,60,60,60,60,60,60,60,60,60,60,60,60,60,60,60,60,60,60,60,60,60,60,60,60,60,60,60,60,12.8241,12.89,12.78,27.15,29,26,26.42,6840243
2026-10-03 00:53:00,22.205972,22.276646,22.156099,0.024548,60,14.050228,14.108492,14.009308,0.028057,60,18.352255,18.406958,18.280308,0.026791,60,96.515000,97.000000,96.400000,0.209782,60,25.287642,25.312431,25.256355,0.012468,60,25.417908,25.440605,25.397881,0.009802,60,25.145397,25.165558,25.122833,0.012256,60,24.796667,24.800000,24.700000,0.018102,60,24.614334,24.627213,24.600113,0.006035,60,24.654701,24.670761,24.634232,0.008175,60,24.476277,24.485977,24.458176,0.005296,60,1001.400000,1001.400000,1001.400000,0.000000,60,1001.400000,1001.400000,1001.400000,0.000000,60,24.143333,24.300000,24.100000,0.083090,60,-0.008129,0.078661,-0.131255,0.045076,60,-0.094135,-0.043201,-0.183889,0.027531,60,-0.078464,-0.034302,-0.162216,0.029976,60,-0.000857,-0.000375,-0.001771,0.000327,60,-0.000086,0.000831,-0.001387,0.000476,60,-0.001006,-0.000462,-0.001966,0.000294,60,1.404449,1.502445,1.217546,0.061801,60,-178.839423,-178.750427,-178.955490,0.049125,60,-0.383696,-0.266777,-0.478886,0.047346,60,7.388850,7.478243,7.289773,0.045826,60,179.260743,179.380753,179.150070,0.056250,60,0.194807,0.317746,0.054671,0.054618,60,0.000000,11.633333,14.000000,7.000000,1.540049,60,2409.850000,2624.000000,2209.000000,100.378407,60,1.163333,1.400000,0.700000,0.154005,60,240.976565,9.944871,60,60,60,60,60,60,60,60,60,60,60,60,60,60,60,60,60,60,60,60,60,60,60,60,60,60,60,60,60,60,12.8246,12.88,12.77,27.07,29,25,26.38,6840277
2026-10-03 00:54:00,22.204039,22.261387,22.139315,0.024736,60,14.049973,14.108492,13.977264,0.027558,60,18.355306,18.406958,18.280308,0.024756,60,96.516667,96.900000,96.400000,0.213261,60,25.288488,25.312431,25.269707,0.012886,60,25.419821,25.453957,25.384529,0.012736,60,25.150382,25.178909,25.109482,0.013297,60,24.796667,24.800000,24.700000,0.018102,60,24.614228,24.629837,24.598434,0.006754,60,24.654621,24.668808,24.644943,0.005666,60,24.477905,24.491348,24.462265,0.007259,60,1001.400000,1001.400000,1001.400000,0.000000,60,1001.400000,1001.400000,1001.400000,0.000000,60,24.146667,24.300000,24.100000,0.085304,60,-0.007070,0.099927,-0.132169,0.044920,60,-0.093686,-0.051344,-0.177782,0.028183,60,-0.073706,-0.027220,-0.159561,0.027959,60,-0.000805,-0.000297,-0.001742,0.000305,60,-0.000075,0.001056,-0.001397,0.000475,60,-0.001002,-0.000549,-0.001900,0.000301,60,1.392403,1.539143,1.218705,0.052241,60,-178.821110,-178.648163,-178.957199,0.059883,60,-0.386965,-0.265667,-0.479190,0.040948,60,7.390411,7.517526,7.258441,0.050269,60,179.270741,179.381042,179.152664,0.053332,60,0.185132,0.266320,0.107007,0.039636,60,0.000000,11.466667,13.000000,9.000000,1.016252,60,2447.700000,2601.000000,2257.000000,113.107464,60,1.146667,1.300000,0.900000,0.101625,60,244.797109,11.218103,60,60,60,60,60,60,60,60,60,60,60,60,60,60,60,60,60,60,60,60,60,60,60,60,60,60,60,60,60,60,12.8223,12.88,12.77,27.14,29,26,26.40,6840311
2026-10-03 00:55:00,22.205031,22.276646,22.139315,0.022740,60,14.052033,14.108492,14.009308,0.025247,60,18.350703,18.425268,18.294041,0.028585,60,96.801667,97.500000,96.200000,0.168233,60,25.288666,25.312431,25.256355,0.012347,60,25.419554,25.440605,25.397881,0.011234,60,25.153542,25.178909,25.122833,0.014355,60,24.703333,24.800000,24.700000,0.018102,60,24.615324,24.625259,24.603683,0.005521,60,24.653377,24.670120,24.636703,0.007431,60,24.479006,24.490219,24.463486,0.005786,60,1001.400000,1001.400000,1001.400000,0.000000,60,1001.400000,1001.400000,1001.400000,0.000000,60,24.290000,24.300000,24.100000,0.043957,60,-0.015115,0.063798,-0.152978,0.041534,60,-0.093660,-0.040940,-0.178687,0.029060,60,-0.078353,-0.027442,-0.162438,0.030708,60,-0.000856,-0.000300,-0.001774,0.000335,60,-0.000160,0.000674,-0.001617,0.000439,60,-0.001001,-0.000438,-0.001910,0.000311,60,1.399515,1.512251,1.257529,0.048630,60,-178.832824,-178.741333,-178.957443,0.051975,60,-0.388003,-0.265969,-0.479190,0.041612,60,7.398260,7.521662,7.256575,0.047504,60,179.271171,179.408508,179.124725,0.063720,60,0.197136,0.318077,0.080684,0.045261,60,0.000000,9.600000,13.000000,6.000000,1.729113,60,2425.133333,2566.000000,2272.000000,82.050102,60,0.960000,1.300000,0.600000,0.172911,60,242.515281,8.133551,60,60,60,60,60,60,60,60,60,60,60,60,60,60,60,60,60,60,60,60,60,60,60,60,60,60,60,60,60,60,12.8242,12.88,12.78,27.12,29,25,26.40,6840345
2026-10-03 00:56:00,22.204725,22.276646,22.128633,0.028444,60,14.054119,14.108492,13.994049,0.029355,60,18.352941,18.408484,18.294041,0.027260,60,96.791667,96.900000,96.200000,0.078744,60,25.291826,25.312431,25.269707,0.011266,60,25.417507,25.440605,25.384529,0.012289,60,25.152918,25.178909,25.122833,0.013328,60,24.701667,24.800000,24.700000,0.012910,60,24.615557,24.627335,24.601028,0.006322,60,24.655365,24.669083,24.639725,0.007775,60,24.478378,24.492752,24.466629,0.006547,60,1001.400000,1001.400000,1001.400000,0.000000,60,1001.400000,1001.400000,1001.400000,0.000000,60,24.296667,24.300000,24.100000,0.025820,60,-0.003076,0.088494,-0.128282,0.045350,60,-0.089536,-0.043201,-0.176425,0.028143,60,-0.068302,-0.016155,-0.170405,0.034106,60,-0.000746,-0.000176,-0.001861,0.000372,60,-0.000033,0.000935,-0.001356,0.000479,60,-0.000957,-0.000462,-0.001886,0.000301,60,1.396345,1.565094,1.294659,0.056897,60,-178.842418,-178.740723,-178.970993,0.061720,60,-0.382365,-0.292490,-0.504963,0.041817,60,7.394508,7.491341,7.268610,0.051612,60,179.271908,179.381454,179.151077,0.062494,60,0.191535,0.291259,0.054671,0.051208,60,0.000000,11.083333,15.000000,9.000000,1.816046,60,2463.283333,2605.000000,2363.000000,59.835677,60,1.108333,1.500000,0.900000,0.181605,60,246.322976,5.930223,60,60,60,60,60,60,60,60,60,60,60,60,60,60,60,60,60,60,60,60,60,60,60,60,60,60,60,60,60,60,12.8245,12.89,12.77,27.07,29,26,26.34,6840379
2026-10-03 00:57:00,22.203174,22.276646,22.139315,0.026498,60,14.051855,14.128328,13.977264,0.029343,60,18.344294,18.406958,18.278782,0.026863,60,96.810000,96.900000,96.800000,0.030253,60,25.290268,25.312431,25.256355,0.012460,60,25.420712,25.440605,25.397881,0.012226,60,25.151316,25.178909,25.122833,0.011495,60,24.700000,24.700000,24.700000,0.000000,60,24.617898,24.634995,24.596024,0.007478,60,24.654660,24.670120,24.642319,0.006082,60,24.481230,24.500748,24.463486,0.007322,60,1001.400000,1001.400000,1001.400000,0.000000,60,1001.400000,1001.400000,1001.400000,0.000000,60,24.300000,24.300000,24.300000,0.000001,60,-0.016102,0.040931,-0.142002,0.043103,60,-0.099646,-0.062653,-0.175746,0.023910,60,-0.089071,-0.044925,-0.177044,0.026335,60,-0.000973,-0.000491,-0.001933,0.000288,60,-0.000170,0.000433,-0.001501,0.000456,60,-0.001065,-0.000670,-0.001879,0.000256,60,1.403873,1.537752,1.244466,0.058292,60,-178.841159,-178.715775,-178.971710,0.065799,60,-0.390825,-0.252611,-0.505911,0.051240,60,7.389157,7.554723,7.226399,0.066803,60,179.282749,179.381042,179.124100,0.058580,60,0.200149,0.317746,0.054671,0.047811,60,0.000000,11.533333,13.000000,10.000000,0.853044,60,2443.716667,2564.000000,2317.000000,60.405155,60,1.153333,1.300000,1.000000,0.085304,60,244.372767,5.986893,60,60,60,60,60,60,60,60,60,60,60,60,60,60,60,60,60,60,60,60,60,60,60,60,60,60,60,60,60,60,12.8253,12.89,12.77,27.14,29,25,26.38,6840412
2026-10-03 00:58:00,22.205133,22.261387,22.156099,0.025517,60,14.050736,14.091706,13.994049,0.025398,60,18.343582,18.406958,18.294041,0.027807,60,96.808333,96.900000,96.400000,0.176877,60,25.289645,25.325783,25.269707,0.013297,60,25.419599,25.453957,25.384529,0.012481,60,25.151049,25.178909,25.122833,0.011966,60,24.715000,24.800000,24.700000,0.036008,60,24.618703,24.632614,24.601791,0.007282,60,24.653673,24.665146,24.641983,0.006318,60,24.482050,24.499954,24.460129,0.007728,60,1001.375000,1001.400000,1001.300000,0.043667,60,1001.375000,1001.400000,1001.300000,0.043667,60,24.270000,24.300000,24.100000,0.072017,60,-0.013964,0.065627,-0.149777,0.044479,60,-0.101422,-0.037773,-0.184794,0.026138,60,-0.089990,-0.034081,-0.167749,0.030581,60,-0.000983,-0.000372,-0.001832,0.000334,60,-0.000148,0.000694,-0.001583,0.000470,60,-0.001084,-0.000404,-0.001975,0.000279,60,1.394084,1.601101,1.218318,0.061464,60,-178.834777,-178.716064,-178.970749,0.049756,60,-0.389241,-0.292490,-0.465314,0.039494,60,7.406078,7.501655,7.240387,0.053309,60,179.280825,179.409454,179.165726,0.051084,60,0.185202,0.318576,0.055188,0.048526,60,0.000000,10.950000,13.000000,10.000000,0.909926,60,2522.866667,2671.000000,2391.000000,57.430420,60,1.095000,1.300000,1.000000,0.090993,60,252.281336,5.690698,60,60,60,60,60,60,60,60,60,60,60,60,60,60,60,60,60,60,60,60,60,60,60,60,60,60,60,60,60,60,12.8228,12.88,12.77,27.12,29,26,26.33,6840446
2026-10-03 00:59:00,22.204115,22.276646,22.142366,0.026241,60,14.045624,14.091706,13.977264,0.024934,60,18.349381,18.406958,18.280308,0.027091,60,96.775000,96.900000,96.400000,0.218333,60,25.296143,25.325783,25.269707,0.013208,60,25.419287,25.453957,25.384529,0.011184,60,25.156167,25.192261,25.122833,0.014371,60,24.725000,24.800000,24.700000,0.043667,60,24.619114,24.642471,24.601944,0.006642,60,24.653840,24.670792,24.637741,0.007262,60,24.482316,24.496017,24.464401,0.008040,60,1001.353333,1001.400000,1001.300000,0.050310,60,1001.353333,1001.400000,1001.300000,0.050310,60,24.250000,24.300000,24.100000,0.087333,60,-0.020660,0.056709,-0.129654,0.038956,60,-0.096887,-0.055642,-0.170092,0.024826,60,-0.083543,-0.040277,-0.190986,0.027465,60,-0.000912,-0.000440,-0.002086,0.000300,60,-0.000218,0.000599,-0.001370,0.000412,60,-0.001036,-0.000595,-0.001818,0.000265,60,1.388134,1.539143,1.244466,0.059542,60,-178.831515,-178.713333,-178.958191,0.058016,60,-0.376575,-0.292490,-0.477374,0.039943,60,7.387953,7.505144,7.305916,0.046473,60,179.285128,179.382156,179.151260,0.054974,60,0.189970,0.292537,0.079919,0.051332,60,0.000000,11.350000,16.000000,9.000000,1.232677,60,2489.950000,2612.000000,2358.000000,65.007281,60,1.135000,1.600000,0.900000,0.123268,60,248.995508,6.444527,60,60,60,60,60,60,60,60,60,60,60,60,60,60,60,60,60,60,60,60,60,60,60,60,60,60,60,60,60,60,12.8234,12.88,12.77,27.17,29,25,26.35,6840480
2026-10-03 01:00:00,22.199512,22.261387,22.156099,0.022094,60,14.058544,14.142061,13.994049,0.027371,60,18.349025,18.406958,18.297092,0.021868,60,96.770000,97.000000,96.400000,0.214160,60,25.297567,25.325783,25.269707,0.015291,60,25.415371,25.440605,25.384529,0.012577,60,25.156523,25.178909,25.136185,0.014485,60,24.733333,24.800000,24.700000,0.047538,60,24.622637,24.643021,24.606552,0.007645,60,24.654547,24.667740,24.640915,0.006719,60,24.487375,24.503220,24.471512,0.005980,60,1001.361667,1001.400000,1001.300000,0.049030,60,1001.361667,1001.400000,1001.300000,0.049030,60,24.236667,24.300000,24.100000,0.093820,60,-0.018743,0.058539,-0.120050,0.037902,60,-0.092035,-0.048178,-0.189317,0.030045,60,-0.078866,-0.034745,-0.160446,0.028818,60,-0.000861,-0.000379,-0.001752,0.000315,60,-0.000198,0.000619,-0.001269,0.000401,60,-0.000984,-0.000515,-0.002024,0.000321,60,1.391123,1.510880,1.280429,0.051720,60,-178.834584,-178.711807,-178.970749,0.052281,60,-0.373165,-0.226370,-0.465166,0.044130,60,7.380871,7.491341,7.240387,0.047725,60,179.263530,179.434647,179.151077,0.060025,60,0.187660,0.265551,0.080794,0.049590,60,0.000000,11.200000,13.000000,9.000000,0.953139,60,2493.233333,2609.000000,2383.000000,48.384185,60,1.120000,1.300000,0.900000,0.095314,60,249.324400,4.795504,60,60,60,60,60,60,60,60,60,60,60,60,60,60,60,60,60,60,60,60,60,60,60,60,60,60,60,60,60,60,12.8234,12.89,12.78,27.21,29,25,26.41,6840514
2026-10-03 01:01:00,22.206099,22.261387,22.142366,0.021730,60,14.052288,14.108492,13.994049,0.025161,60,18.348211,18.406958,18.298618,0.025061,60,96.675000,97.000000,96.400000,0.243996,60,25.294807,25.325783,25.269707,0.012737,60,25.419554,25.453957,25.397881,0.013438,60,25.160840,25.192261,25.122833,0.014826,60,24.761667,24.800000,24.700000,0.049030,60,24.621228,24.640244,24.607193,0.007476,60,24.654227,24.666214,24.642136,0.005434,60,24.487568,24.503769,24.473984,0.006932,60,1001.355000,1001.400000,1001.300000,0.050169,60,1001.355000,1001.400000,1001.300000,0.050169,60,24.173333,24.300000,24.100000,0.097192,60,-0.012554,0.085979,-0.113876,0.045936,60,-0.089788,-0.041618,-0.167377,0.025365,60,-0.076855,-0.035409,-0.154692,0.028922,60,-0.000839,-0.000387,-0.001689,0.000316,60,-0.000133,0.000909,-0.001204,0.000486,60,-0.000960,-0.000445,-0.001789,0.000271,60,1.383474,1.496537,1.297898,0.042518,60,-178.823459,-178.686539,-178.930847,0.049621,60,-0.384897,-0.292383,-0.478583,0.042671,60,7.375469,7.462322,7.234386,0.048841,60,179.270949,179.407440,179.153244,0.054305,60,0.194506,0.290463,0.106775,0.043446,60,0.000000,11.350000,13.000000,10.000000,0.684576,60,2485.966667,2542.000000,2381.000000,31.635084,60,1.135000,1.300000,1.000000,0.068458,60,248.597651,3.136071,60,60,60,60,60,60,60,60,60,60,60,60,60,60,60,60,60,60,60,60,60,60,60,60,60,60,60,60,60,60,12.8195,12.90,12.78,27.00,29,25,26.32,6840547
2026-10-03 01:02:00,22.204344,22.261387,22.156099,0.025313,60,14.047659,14.076447,13.977264,0.026429,60,18.345414,18.425268,18.280308,0.024949,60,96.745000,97.000000,96.400000,0.247992,60,25.295653,25.325783,25.256355,0.015305,60,25.414792,25.440605,25.384529,0.013023,60,25.158215,25.192261,25.122833,0.014754,60,24.745000,24.800000,24.700000,0.050169,60,24.624310,24.640457,24.604965,0.007807,60,24.654301,24.668289,24.643448,0.005095,60,24.488745,24.508804,24.475723,0.006962,60,1001.398333,1001.400000,1001.300000,0.012910,60,1001.398333,1001.400000,1001.300000,0.012910,60,24.213333,24.300000,24.100000,0.099943,60,-0.025378,0.060597,-0.144289,0.041753,60,-0.095292,-0.037999,-0.164889,0.025860,60,-0.078589,-0.020803,-0.178593,0.032257,60,-0.000858,-0.000227,-0.001950,0.000352,60,-0.000268,0.000641,-0.001525,0.000441,60,-0.001019,-0.000406,-0.001763,0.000276,60,1.390625,1.510880,1.259908,0.058065,60,-178.825733,-178.714249,-178.928345,0.053419,60,-0.362420,-0.226096,-0.478886,0.044101,60,7.384559,7.515460,7.285745,0.047779,60,179.277864,179.475449,179.165726,0.058382,60,0.191931,0.318908,0.080684,0.048894,60,0.000000,9.450000,11.000000,8.000000,0.891105,60,2449.650000,2578.000000,2334.000000,65.928524,60,0.945000,1.100000,0.800000,0.089110,60,244.966825,6.536321,60,60,60,60,60,60,60,60,60,60,60,60,60,60,60,60,60,60,60,60,60,60,60,60,60,60,60,60,60,60,12.8230,12.89,12.77,27.16,29,26,26.36,6840581
2026-10-03 01:03:00,22.201292,22.261387,22.128633,0.023623,60,14.053229,14.108492,13.994049,0.026778,60,18.340581,18.394751,18.280308,0.028280,60,96.550000,97.000000,96.400000,0.124192,60,25.301261,25.339134,25.269707,0.013424,60,25.417908,25.440605,25.384529,0.010743,60,25.160173,25.192261,25.122833,0.013540,60,24.793333,24.800000,24.700000,0.025155,60,24.625557,24.646378,24.614487,0.006443,60,24.656357,24.669540,24.638168,0.005998,60,24.488114,24.503555,24.470871,0.006960,60,1001.400000,1001.400000,1001.400000,0.000000,60,1001.400000,1001.400000,1001.400000,0.000000,60,24.113333,24.300000,24.100000,0.050310,60,-0.028096,0.061283,-0.120507,0.044352,60,-0.086426,-0.051344,-0.167377,0.027057,60,-0.074521,-0.031647,-0.159339,0.029535,60,-0.000814,-0.000346,-0.001740,0.000323,60,-0.000297,0.000648,-0.001274,0.000469,60,-0.000924,-0.000549,-0.001789,0.000289,60,1.394807,1.615954,1.257529,0.059991,60,-178.841087,-178.672073,-178.996902,0.061107,60,-0.373044,-0.291848,-0.464426,0.044023,60,7.375524,7.501025,7.268610,0.051270,60,179.279554,179.408508,179.111862,0.060562,60,0.187334,0.330909,0.079592,0.049010,60,0.000000,8.200000,10.000000,6.000000,1.116896,60,2510.300000,2617.000000,2402.000000,41.020995,60,0.820000,1.000000,0.600000,0.111690,60,251.031837,4.065585,60,60,60,60,60,60,60,60,60,60,60,60,60,60,60,60,60,60,60,60,60,60,60,60,60,60,60,60,60,60,12.8211,12.88,12.76,27.18,29,25,26.37,6840615
2026-10-03 01:04:00,22.205743,22.261387,22.142366,0.025083,60,14.057018,14.128328,13.994049,0.026179,60,18.346151,18.394751,18.280308,0.027024,60,96.550000,97.000000,96.500000,0.077021,60,25.304242,25.355156,25.269707,0.012922,60,25.417952,25.440605,25.384529,0.012148,60,25.162443,25.192261,25.122833,0.014577,60,24.800000,24.800000,24.800000,0.000001,60,24.624422,24.640976,24.611526,0.006055,60,24.656919,24.674301,24.635666,0.007794,60,24.488629,24.502243,24.470718,0.006013,60,1001.400000,1001.400000,1001.400000,0.000000,60,1001.400000,1001.400000,1001.400000,0.000000,60,24.110000,24.300000,24.100000,0.043957,60,-0.024700,0.066542,-0.178818,0.048348,60,-0.085291,-0.042975,-0.158104,0.025785,60,-0.064724,-0.021024,-0.147168,0.027795,60,-0.000707,-0.000230,-0.001607,0.000304,60,-0.000261,0.000703,-0.001890,0.000511,60,-0.000912,-0.000459,-0.001690,0.000276,60,1.387219,1.510880,1.254764,0.060776,60,-178.844644,-178.673950,-178.997375,0.064878,60,-0.369279,-0.266272,-0.479797,0.040145,60,7.381116,7.491341,7.288745,0.046013,60,179.270862,179.475327,179.124313,0.064955,60,0.180743,0.291259,0.053640,0.047783,60,0.000000,8.400000,10.000000,7.000000,0.924250,60,2482.600000,2637.000000,2384.000000,62.275822,60,0.840000,1.000000,0.700000,0.092425,60,248.255105,6.172290,60,60,60,60,60,60,60,60,60,60,60,60,60,60,60,60,60,60,60,60,60,60,60,60,60,60,60,60,60,60,12.8225,12.88,12.78,27.20,29,25,26.35,6840649
2026-10-03 01:05:00,22.202360,22.261387,22.142366,0.025727,60,14.054856,14.126802,14.012360,0.022543,60,18.345948,18.425268,18.294041,0.028521,60,96.516667,97.000000,96.500000,0.090510,60,25.303797,25.355156,25.283058,0.014159,60,25.420355,25.440605,25.397881,0.011019,60,25.161597,25.192261,25.136185,0.012177,60,24.796667,24.800000,24.700000,0.018102,60,24.625780,24.640244,24.609451,0.005907,60,24.656530,24.671097,24.638321,0.007769,60,24.490337,24.509384,24.469528,0.008168,60,1001.398333,1001.400000,1001.300000,0.012910,60,1001.398333,1001.400000,1001.300000,0.012910,60,24.106667,24.300000,24.100000,0.036204,60,-0.035786,0.043675,-0.170586,0.049333,60,-0.092751,-0.050666,-0.180496,0.027752,60,-0.069862,-0.022130,-0.173060,0.032458,60,-0.000763,-0.000242,-0.001890,0.000354,60,-0.000378,0.000462,-0.001803,0.000521,60,-0.000992,-0.000542,-0.001930,0.000297,60,1.391061,1.566975,1.254764,0.058346,60,-178.842263,-178.672073,-178.969788,0.064960,60,-0.383315,-0.319578,-0.466057,0.038200,60,7.396296,7.509268,7.291789,0.049993,60,179.277672,179.434906,179.164734,0.053537,60,0.189630,0.330403,0.080794,0.050865,60,0.000000,8.450000,10.000000,7.000000,0.832089,60,2395.650000,2505.000000,2298.000000,50.213721,60,0.845000,1.000000,0.700000,0.083209,60,239.563571,4.977948,60,60,60,60,60,60,60,60,60,60,60,60,60,60,60,60,60,60,60,60,60,60,60,60,60,60,60,60,60,60,12.8200,12.89,12.77,27.11,29,26,26.29,6840683
2026-10-03 01:06:00,22.203861,22.276646,22.142366,0.031386,60,14.051677,14.108492,13.994049,0.023410,60,18.343761,18.379492,18.297092,0.021258,60,96.550000,97.100000,96.500000,0.145556,60,25.301083,25.325783,25.269707,0.012099,60,25.418353,25.440605,25.384529,0.013299,60,25.165291,25.178909,25.136185,0.010968,60,24.796667,24.800000,24.700000,0.018102,60,24.626206,24.643967,24.612411,0.006548,60,24.659875,24.671036,24.641037,0.006402,60,24.488955,24.505692,24.479324,0.005600,60,1001.395000,1001.400000,1001.300000,0.021978,60,1001.395000,1001.400000,1001.300000,0.021978,60,24.116667,24.300000,24.100000,0.055744,60,-0.030763,0.047791,-0.142459,0.037333,60,-0.083304,-0.045916,-0.176199,0.027904,60,-0.060187,-0.005754,-0.141414,0.031642,60,-0.000657,-0.000063,-0.001544,0.000346,60,-0.000325,0.000505,-0.001506,0.000395,60,-0.000891,-0.000491,-0.001884,0.000298,60,1.395938,1.500168,1.282433,0.044835,60,-178.836854,-178.686234,-178.969040,0.063375,60,-0.374745,-0.266777,-0.478432,0.047272,60,7.394758,7.485163,7.279707,0.045229,60,179.278468,179.381454,179.152847,0.052353,60,0.184212,0.317249,0.054671,0.052447,60,0.000000,6.850000,9.000000,6.000000,0.879619,60,2245.000000,2353.000000,2158.000000,49.012624,60,0.685000,0.900000,0.600000,0.087962,60,224.498494,4.859058,60,60,60,60,60,60,60,60,60,60,60,60,60,60,60,60,60,60,60,60,60,60,60,60,60,60,60,60,60,60,12.8227,12.87,12.78,27.11,29,26,26.33,6840716
2026-10-03 01:07:00,22.201597,22.261387,22.142366,0.024883,60,14.049236,14.108492,13.980316,0.025957,60,18.354111,18.406958,18.280308,0.025932,60,96.693333,97.100000,96.500000,0.233519,60,25.305222,25.325783,25.269707,0.011710,60,25.423960,25.440605,25.397881,0.011752,60,25.164089,25.192261,25.136185,0.012510,60,24.800000,24.800000,24.800000,0.000001,60,24.624997,24.637833,24.614670,0.005458,60,24.660253,24.674850,24.644669,0.007037,60,24.490004,24.504257,24.475601,0.006573,60,1001.326667,1001.400000,1001.300000,0.044595,60,1001.326667,1001.400000,1001.300000,0.044595,60,24.153333,24.300000,24.100000,0.089190,60,-0.023755,0.037959,-0.114333,0.037330,60,-0.086203,-0.038678,-0.164663,0.027842,60,-0.064366,-0.018590,-0.139201,0.027736,60,-0.000703,-0.000203,-0.001520,0.000303,60,-0.000251,0.000401,-0.001209,0.000395,60,-0.000922,-0.000413,-0.001760,0.000298,60,1.396942,1.535439,1.189487,0.056042,60,-178.821100,-178.738327,-178.931610,0.047101,60,-0.367908,-0.318444,-0.439060,0.037475,60,7.384845,7.495462,7.281718,0.048966,60,179.271655,179.436066,179.151260,0.061748,60,0.204617,0.265859,0.081342,0.039641,60,0.000000,6.766667,9.000000,6.000000,1.014583,60,2225.366667,2319.000000,2154.000000,44.617382,60,0.676667,0.900000,0.600000,0.101458,60,222.534676,4.423334,60,60,60,60,60,60,60,60,60,60,60,60,60,60,60,60,60,60,60,60,60,60,60,60,60,60,60,60,60,60,12.8218,12.90,12.77,27.15,29,25,26.30,6840750
2026-10-03 01:08:00,22.199690,22.261387,22.142366,0.023790,60,14.050558,14.108492,13.994049,0.025269,60,18.342235,18.425268,18.280308,0.028561,60,96.916667,97.100000,96.500000,0.242981,60,25.301350,25.325783,25.269707,0.012705,60,25.425207,25.440605,25.384529,0.010831,60,25.162754,25.178909,25.136185,0.011513,60,24.800000,24.800000,24.800000,0.000001,60,24.625859,24.645767,24.609665,0.007773,60,24.661267,24.679886,24.646561,0.007213,60,24.490970,24.502914,24.471420,0.007174,60,1001.300000,1001.300000,1001.300000,0.000000,60,1001.300000,1001.300000,1001.300000,0.000000,60,24.241667,24.400000,24.100000,0.099646,60,-0.027169,0.038645,-0.125538,0.040275,60,-0.083851,-0.042975,-0.166699,0.026088,60,-0.061335,-0.019696,-0.157569,0.028862,60,-0.000670,-0.000215,-0.001721,0.000315,60,-0.000287,0.000408,-0.001327,0.000426,60,-0.000896,-0.000459,-0.001782,0.000279,60,1.399865,1.532671,1.284442,0.057199,60,-178.839364,-178.741623,-178.996658,0.055381,60,-0.395924,-0.292704,-0.479190,0.040676,60,7.401439,7.530617,7.299870,0.047243,60,179.269365,179.381180,179.110611,0.058749,60,0.190730,0.265398,0.107007,0.043721,60,0.000000,6.616667,9.000000,5.000000,0.845560,60,2245.166667,2355.000000,2083.000000,56.901689,60,0.661667,0.900000,0.500000,0.084556,60,224.519517,5.639433,60,60,60,60,60,60,60,60,60,60,60,60,60,60,60,60,60,60,60,60,60,60,60,60,60,60,60,60,60,60,12.8222,12.87,12.76,27.16,29,26,26.28,6840784
2026-10-03 01:09:00,22.196053,22.247654,22.156099,0.023318,60,14.047964,14.108492,13.995575,0.025941,60,18.338394,18.394751,18.278782,0.029227,60,96.870000,97.100000,96.500000,0.247222,60,25.298902,25.325783,25.269707,0.014764,60,25.426230,25.453957,25.397881,0.011552,60,25.162131,25.192261,25.122833,0.014368,60,24.800000,24.800000,24.800000,0.000001,60,24.623736,24.639206,24.608109,0.005825,60,24.662152,24.676132,24.643936,0.006848,60,24.490210,24.505112,24.469833,0.007624,60,1001.300000,1001.300000,1001.300000,0.000000,60,1001.300000,1001.300000,1001.300000,0.000000,60,24.231667,24.400000,24.100000,0.103321,60,-0.031026,0.050078,-0.124395,0.042882,60,-0.086471,-0.042297,-0.154032,0.025385,60,-0.063537,-0.007303,-0.154028,0.030995,60,-0.000694,-0.000080,-0.001682,0.000338,60,-0.000328,0.000529,-0.001315,0.000453,60,-0.000924,-0.000452,-0.001647,0.000271,60,1.390336,1.511337,1.286859,0.043317,60,-178.824650,-178.713333,-178.971710,0.052945,60,-0.379493,-0.252221,-0.464870,0.044553,60,7.377627,7.486483,7.281718,0.047825,60,179.275718,179.409195,179.109161,0.063518,60,0.181868,0.292537,0.054155,0.048609,60,0.000000,6.716667,8.000000,4.000000,1.043002,60,2219.483333,2340.000000,2003.000000,76.225244,60,0.671667,0.800000,0.400000,0.104300,60,221.962033,7.547170,60,60,60,60,60,60,60,60,60,60,60,60,60,60,60,60,60,60,60,60,60,60,60,60,60,60,60,60,60,60,12.8190,12.89,12.76,27.12,29,26,26.27,6840820
2026-10-03 01:10:00,22.196257,22.230869,22.142366,0.020066,60,14.047176,14.094759,13.994049,0.023640,60,18.346355,18.425268,18.261997,0.028979,60,97.043333,97.200000,96.600000,0.162988,60,25.298101,25.325783,25.269707,0.010159,60,25.428500,25.453957,25.397881,0.011936,60,25.162843,25.192261,25.122833,0.014989,60,24.800000,24.800000,24.800000,0.000001,60,24.625182,24.639664,24.612137,0.006716,60,24.664878,24.678635,24.644302,0.006807,60,24.491974,24.509781,24.476761,0.006552,60,1001.300000,1001.300000,1001.300000,0.000000,60,1001.300000,1001.300000,1001.300000,0.000000,60,24.320000,24.400000,24.100000,0.081926,60,-0.035946,0.043904,-0.140401,0.041399,60,-0.089596,-0.048178,-0.168961,0.025449,60,-0.062954,-0.005533,-0.148053,0.032882,60,-0.000687,-0.000060,-0.001617,0.000359,60,-0.000380,0.000464,-0.001484,0.000438,60,-0.000958,-0.000515,-0.001806,0.000272,60,1.395411,1.497897,1.293852,0.048426,60,-178.831621,-178.684677,-178.959152,0.067142,60,-0.381241,-0.292168,-0.504648,0.041359,60,7.402899,7.548504,7.269666,0.052670,60,179.286176,179.448746,179.152054,0.063674,60,0.189313,0.291898,0.054981,0.048756,60,0.000000,5.566667,8.000000,4.000000,0.963163,60,2310.416667,2480.000000,2168.000000,65.441471,60,0.556667,0.800000,0.400000,0.096316,60,231.046453,6.483377,60,60,60,60,60,60,60,60,60,60,60,60,60,60,60,60,60,60,60,60,60,60,60,60,60,60,60,60,60,60,12.8218,12.87,12.76,27.12,29,26,26.32,6840853
2026-10-03 01:11:00,22.199919,22.261387,22.125582,0.026040,60,14.046947,14.108492,13.995575,0.026168,60,18.345948,18.408484,18.297092,0.024618,60,97.145763,97.200000,96.600000,0.087734,59,25.298012,25.312431,25.269707,0.012459,60,25.426853,25.453957,25.397881,0.013498,60,25.164579,25.192261,25.136185,0.014601,60,24.800000,24.800000,24.800000,0.000001,59,24.624670,24.638504,24.608017,0.007321,60,24.668391,24.680984,24.656754,0.006173,60,24.492717,24.505295,24.475113,0.006511,60,1001.225424,1001.300000,1001.200000,0.043917,59,1001.225424,1001.300000,1001.200000,0.043917,59,24.384746,24.400000,24.300000,0.036263,59,-0.021891,0.061740,-0.122108,0.037230,60,-0.087937,-0.052023,-0.165568,0.025405,60,-0.063035,-0.015270,-0.135660,0.028971,60,-0.000688,-0.000167,-0.001481,0.000316,60,-0.000231,0.000653,-0.001291,0.000394,60,-0.000940,-0.000556,-0.001770,0.000272,60,1.399008,1.535439,1.295872,0.045408,60,-178.831584,-178.712723,-178.997849,0.060556,60,-0.382716,-0.266979,-0.478886,0.045606,60,7.383920,7.482361,7.242390,0.046735,60,179.271468,179.409195,179.164169,0.057774,60,0.190362,0.266320,0.107354,0.039370,60,0.000000,6.416667,7.000000,6.000000,0.497167,60,2356.716667,2416.000000,2241.000000,30.507066,60,0.641667,0.700000,0.600000,0.049717,60,235.673159,3.023702,60,60,60,60,60,60,60,60,60,60,60,60,60,60,60,60,60,60,60,60,60,60,59,59,59,59,59,59,60,60,12.8226,12.87,12.77,27.17,29,25,26.32,6840887
2026-10-03 01:12:00,22.196460,22.230869,22.125582,0.023762,60,14.046108,14.110018,13.995575,0.026886,60,18.343557,18.408484,18.280308,0.030053,60,97.138333,97.200000,97.100000,0.049030,60,25.299258,25.325783,25.283058,0.012021,60,25.428411,25.453957,25.397881,0.013566,60,25.164445,25.192261,25.136185,0.014727,60,24.800000,24.800000,24.800000,0.000001,60,24.622944,24.635941,24.607101,0.005983,60,24.669471,24.686172,24.657211,0.006692,60,24.492461,24.505783,24.478287,0.006650,60,1001.200000,1001.200000,1001.200000,0.000038,60,1001.200000,1001.200000,1001.200000,0.000038,60,24.396667,24.400000,24.300000,0.018102,60,-0.029361,0.033385,-0.141316,0.038508,60,-0.089385,-0.051797,-0.158104,0.024222,60,-0.063916,-0.015049,-0.154913,0.030968,60,-0.000698,-0.000164,-0.001692,0.000338,60,-0.000310,0.000353,-0.001494,0.000407,60,-0.000956,-0.000554,-0.001690,0.000259,60,1.389106,1.496084,1.281631,0.046440,60,-178.828665,-178.673645,-178.969788,0.060525,60,-0.374351,-0.292168,-0.478129,0.044958,60,7.380444,7.485163,7.262589,0.047424,60,179.281997,179.407990,179.191711,0.053869,60,0.183126,0.370756,0.082442,0.054079,60,0.000000,6.966667,8.000000,6.000000,0.636906,60,2404.016667,2514.000000,2345.000000,45.539140,60,0.696667,0.800000,0.600000,0.063691,60,240.398549,4.514383,60,60,60,60,60,60,60,60,60,60,60,60,60,60,60,60,60,60,60,60,60,60,60,60,60,60,60,60,60,60,12.8175,12.87,12.77,27.10,29,26,26.32,6840921
2026-10-03 01:13:00,22.201597,22.276646,22.142366,0.029135,60,14.040920,14.094759,13.977264,0.027775,60,18.344600,18.408484,18.278782,0.028271,60,97.111667,97.200000,97.100000,0.032373,60,25.300237,25.325783,25.269707,0.011226,60,25.427432,25.469978,25.384529,0.013983,60,25.164979,25.208282,25.136185,0.015202,60,24.800000,24.800000,24.800000,0.000001,60,24.623865,24.637558,24.608963,0.006325,60,24.669270,24.681747,24.656296,0.005738,60,24.493072,24.508560,24.475327,0.007480,60,1001.200000,1001.200000,1001.200000,0.000038,60,1001.200000,1001.200000,1001.200000,0.000038,60,24.390000,24.400000,24.300000,0.030253,60,-0.031579,0.060597,-0.156637,0.038234,60,-0.100705,-0.063558,-0.197234,0.028131,60,-0.073296,-0.030097,-0.151372,0.028995,60,-0.000800,-0.000329,-0.001653,0.000317,60,-0.000334,0.000641,-0.001656,0.000404,60,-0.001077,-0.000679,-0.002108,0.000301,60,1.393917,1.507689,1.245251,0.054675,60,-178.835563,-178.712097,-178.970993,0.058240,60,-0.385427,-0.293563,-0.479645,0.044492,60,7.390322,7.528549,7.273679,0.059681,60,179.287134,179.408386,179.165527,0.051340,60,0.184037,0.265859,0.080247,0.049238,60,0.000000,7.416667,9.000000,6.000000,0.849560,60,2396.533333,2489.000000,2302.000000,43.266015,60,0.741667,0.900000,0.600000,0.084956,60,239.653189,4.289558,60,60,60,60,60,60,60,60,60,60,60,60,60,60,60,60,60,60,60,60,60,60,60,60,60,60,60,60,60,60,12.8211,12.88,12.77,27.18,29,25,26.29,6840955
2026-10-03 01:14:00,22.199309,22.261387,22.128633,0.027944,60,14.044073,14.110018,13.980316,0.025617,60,18.346583,18.406958,18.280308,0.029691,60,97.203333,97.300000,97.200000,0.018102,60,25.301305,25.325783,25.269707,0.012670,60,25.432594,25.453957,25.413902,0.010195,60,25.167249,25.192261,25.136185,0.011881,60,24.800000,24.800000,24.800000,0.000001,60,24.627799,24.642136,24.603989,0.007741,60,24.671857,24.691269,24.652695,0.008333,60,24.494277,24.506668,24.482224,0.006692,60,1001.200000,1001.200000,1001.200000,0.000038,60,1001.200000,1001.200000,1001.200000,0.000038,60,24.400000,24.400000,24.400000,0.000000,60,-0.039666,0.046419,-0.126224,0.039778,60,-0.108143,-0.060844,-0.204020,0.027099,60,-0.081691,-0.035851,-0.154028,0.025760,60,-0.000892,-0.000391,-0.001682,0.000281,60,-0.000419,0.000491,-0.001334,0.000420,60,-0.001156,-0.000650,-0.002181,0.000290,60,1.399350,1.536363,1.294659,0.051673,60,-178.838579,-178.687485,-179.008606,0.059059,60,-0.372185,-0.292704,-0.505437,0.044640,60,7.396736,7.517526,7.263653,0.055562,60,179.262995,179.407700,179.056000,0.063819,60,0.192661,0.293018,0.080684,0.045891,60,0.000000,7.950000,9.000000,6.000000,0.768556,60,2380.050000,2469.000000,2330.000000,30.239398,60,0.795000,0.900000,0.600000,0.076856,60,238.003754,2.997730,60,60,60,60,60,60,60,60,60,60,60,60,60,60,60,60,60,60,60,60,60,60,60,60,60,60,60,60,60,60,12.8216,12.89,12.77,27.10,29,26,26.23,6840988
2026-10-03 01:15:00,22.197427,22.230869,22.142366,0.019896,60,14.045497,14.094759,13.977264,0.027826,60,18.348898,18.408484,18.280308,0.027507,60,97.210000,97.300000,97.200000,0.030253,60,25.302240,25.339134,25.269707,0.015410,60,25.434374,25.453957,25.413902,0.010564,60,25.168584,25.208282,25.136185,0.015418,60,24.800000,24.800000,24.800000,0.000001,60,24.626920,24.649155,24.611649,0.006630,60,24.675762,24.692917,24.662796,0.006526,60,24.497496,24.512497,24.483597,0.007200,60,1001.200000,1001.200000,1001.200000,0.000038,60,1001.200000,1001.200000,1001.200000,0.000038,60,24.400000,24.400000,24.400000,0.000000,60,-0.034452,0.045733,-0.148176,0.039918,60,-0.112950,-0.075094,-0.192936,0.027038,60,-0.088559,-0.021909,-0.188109,0.031482,60,-0.000967,-0.000239,-0.002054,0.000344,60,-0.000364,0.000483,-0.001566,0.000422,60,-0.001207,-0.000803,-0.002062,0.000289,60,1.387766,1.499713,1.256738,0.048696,60,-178.844568,-178.740723,-178.998093,0.055874,60,-0.361019,-0.253197,-0.466057,0.043587,60,7.383229,7.468494,7.214170,0.045940,60,179.261254,179.409195,179.153641,0.057530,60,0.186793,0.329897,0.054671,0.047624,60,0.000000,8.633333,10.000000,8.000000,0.519670,60,2437.283333,2528.000000,2351.000000,43.529881,60,0.863333,1.000000,0.800000,0.051967,60,243.728675,4.315769,60,60,60,60,60,60,60,60,60,60,60,60,60,60,60,60,60,60,60,60,60,60,60,60,60,60,60,60,60,60,12.8192,12.88,12.77,27.20,29,25,26.21,6841022
2026-10-03 01:16:00,22.207065,22.276646,22.142366,0.026968,60,14.051779,14.110018,13.995575,0.027435,60,18.344803,18.379492,18.297092,0.021386,60,97.210000,97.300000,97.200000,0.030253,60,25.302729,25.325783,25.283058,0.011921,60,25.435087,25.483330,25.413902,0.012533,60,25.171967,25.192261,25.136185,0.013240,60,24.800000,24.800000,24.800000,0.000001,60,24.632181,24.649155,24.618118,0.007058,60,24.675661,24.692673,24.662643,0.006913,60,24.502474,24.514572,24.486435,0.006785,60,1001.193333,1001.200000,1001.100000,0.025155,60,1001.193333,1001.200000,1001.100000,0.025155,60,24.400000,24.400000,24.400000,0.000000,60,-0.037764,0.033385,-0.164640,0.037093,60,-0.115140,-0.070118,-0.200853,0.027023,60,-0.099174,-0.054441,-0.197404,0.031468,60,-0.001083,-0.000594,-0.002156,0.000344,60,-0.000399,0.000353,-0.001740,0.000392,60,-0.001231,-0.000750,-0.002147,0.000289,60,1.398566,1.498805,1.222582,0.053013,60,-178.840648,-178.739243,-178.959152,0.057008,60,-0.373620,-0.292704,-0.466057,0.033484,60,7.378965,7.476188,7.266602,0.048904,60,179.284963,179.381897,179.151657,0.053033,60,0.187906,0.265552,0.107122,0.044705,60,0.000000,9.533333,10.000000,9.000000,0.503098,60,2481.500000,2556.000000,2426.000000,26.584372,60,0.953333,1.000000,0.900000,0.050310,60,248.149543,2.635765,60,60,60,60,60,60,60,60,60,60,60,60,60,60,60,60,60,60,60,60,60,60,60,60,60,60,60,60,60,60,12.8192,12.89,12.77,27.10,29,25,26.28,6841056
2026-10-03 01:17:00,22.197350,22.262913,22.156099,0.020988,60,14.055441,14.110018,13.980316,0.027703,60,18.340938,18.406958,18.297092,0.021434,60,97.108333,97.200000,97.100000,0.027872,60,25.308515,25.325783,25.283058,0.012432,60,25.435754,25.469978,25.413902,0.012881,60,25.177708,25.208282,25.152206,0.014753,60,24.800000,24.800000,24.800000,0.000001,60,24.633205,24.647751,24.620224,0.006557,60,24.680045,24.698563,24.667465,0.006794,60,24.507456,24.523422,24.491898,0.006523,60,1001.146667,1001.200000,1001.100000,0.050310,60,1001.146667,1001.200000,1001.100000,0.050310,60,24.390000,24.400000,24.300000,0.030253,60,-0.046545,0.027669,-0.174702,0.045395,60,-0.130882,-0.066499,-0.219400,0.030467,60,-0.111600,-0.059974,-0.205592,0.031563,60,-0.001219,-0.000655,-0.002245,0.000345,60,-0.000492,0.000292,-0.001847,0.000480,60,-0.001399,-0.000711,-0.002345,0.000326,60,1.389423,1.508600,1.220253,0.050444,60,-178.828826,-178.711807,-178.957199,0.063750,60,-0.373822,-0.265868,-0.478432,0.044462,60,7.383827,7.517526,7.200740,0.063317,60,179.279078,179.435425,179.151260,0.061332,60,0.183310,0.332263,0.055188,0.049986,60,0.000000,9.666667,11.000000,9.000000,0.542020,60,2493.766667,2580.000000,2387.000000,47.423575,60,0.966667,1.100000,0.900000,0.054202,60,249.377379,4.701696,60,60,60,60,60,60,60,60,60,60,60,60,60,60,60,60,60,60,60,60,60,60,60,60,60,60,60,60,60,60,12.8178,12.87,12.77,27.10,29,25,26.25,6841090
2026-10-03 01:18:00,22.194807,22.249180,22.142366,0.024061,60,14.047684,14.110018,13.995575,0.026381,60,18.344091,18.408484,18.280308,0.026094,60,97.046667,97.100000,97.000000,0.050310,60,25.309361,25.339134,25.283058,0.013597,60,25.440605,25.469978,25.413902,0.013818,60,25.178865,25.208282,25.136185,0.015782,60,24.800000,24.800000,24.800000,0.000001,60,24.640342,24.661087,24.623032,0.007433,60,24.683576,24.700150,24.669144,0.006474,60,24.513251,24.526718,24.502731,0.005455,60,1001.105000,1001.200000,1001.100000,0.021978,60,1001.105000,1001.200000,1001.100000,0.021978,60,24.330000,24.400000,24.300000,0.046212,60,-0.055947,0.031785,-0.198940,0.045452,60,-0.127222,-0.080748,-0.210579,0.028371,60,-0.115447,-0.075907,-0.208469,0.030879,60,-0.001261,-0.000829,-0.002276,0.000337,60,-0.000591,0.000336,-0.002103,0.000480,60,-0.001360,-0.000863,-0.002251,0.000303,60,1.388643,1.513624,1.247219,0.053304,60,-178.838929,-178.714554,-178.933121,0.054633,60,-0.375576,-0.292704,-0.465908,0.043358,60,7.386251,7.534760,7.279707,0.045606,60,179.274149,179.381042,179.164551,0.054583,60,0.188748,0.290622,0.120168,0.038072,60,0.000000,9.433333,10.000000,9.000000,0.499717,60,2540.516667,2623.000000,2445.000000,31.169570,60,0.943333,1.000000,0.900000,0.049972,60,254.052028,3.089626,60,60,60,60,60,60,60,60,60,60,60,60,60,60,60,60,60,60,60,60,60,60,60,60,60,60,60,60,60,60,12.8185,12.87,12.77,27.26,29,25,26.26,6841124
2026-10-03 01:19:00,22.196613,22.261387,22.142366,0.025737,60,14.046438,14.094759,13.995575,0.025581,60,18.346050,18.394751,18.297092,0.023586,60,97.075000,97.100000,96.600000,0.109892,60,25.311853,25.339134,25.283058,0.014585,60,25.442563,25.469978,25.413902,0.013246,60,25.184339,25.221634,25.136185,0.012801,60,24.800000,24.800000,24.800000,0.000001,60,24.646271,24.662613,24.628616,0.007166,60,24.686768,24.699844,24.670364,0.006882,60,24.516446,24.527908,24.496262,0.007496,60,1001.100000,1001.100000,1001.100000,0.000053,60,1001.100000,1001.100000,1001.100000,0.000053,60,24.326667,24.400000,24.100000,0.063424,60,-0.056828,0.028812,-0.164183,0.041209,60,-0.125518,-0.086855,-0.199722,0.023495,60,-0.117244,-0.071481,-0.202051,0.028467,60,-0.001280,-0.000781,-0.002206,0.000311,60,-0.000601,0.000305,-0.001735,0.000436,60,-0.001342,-0.000928,-0.002135,0.000251,60,1.394496,1.498805,1.282433,0.058007,60,-178.852632,-178.753983,-178.972198,0.054537,60,-0.374108,-0.292169,-0.464870,0.040379,60,7.373703,7.486482,7.268610,0.049625,60,179.274502,179.435684,179.166107,0.055551,60,0.196949,0.318243,0.054361,0.048075,60,0.000000,9.600000,11.000000,9.000000,0.558448,60,2552.966667,2605.000000,2479.000000,26.185108,60,0.960000,1.100000,0.900000,0.055845,60,255.296836,2.596195,60,60,60,60,60,60,60,60,60,60,60,60,60,60,60,60,60,60,60,60,60,60,60,60,60,60,60,60,60,60,12.8192,12.88,12.77,27.13,30,26,26.21,6841157
2026-10-03 01:20:00,22.191984,22.249180,22.111849,0.030454,60,14.049312,14.110018,13.995575,0.027705,60,18.346940,18.394751,18.280308,0.024584,60,97.168333,97.200000,97.100000,0.046910,60,25.319107,25.339134,25.296410,0.011021,60,25.444255,25.469978,25.413902,0.011686,60,25.189012,25.221634,25.165558,0.014742,60,24.800000,24.800000,24.800000,0.000001,60,24.651041,24.666397,24.634415,0.007115,60,24.691971,24.709793,24.678177,0.007261,60,24.522876,24.536301,24.505600,0.005984,60,1001.100000,1001.100000,1001.100000,0.000053,60,1001.100000,1001.100000,1001.100000,0.000053,60,24.376667,24.400000,24.300000,0.042652,60,-0.053192,0.028355,-0.133541,0.036675,60,-0.130030,-0.090474,-0.208769,0.024510,60,-0.112954,-0.070154,-0.198289,0.030189,60,-0.001233,-0.000766,-0.002165,0.000330,60,-0.000562,0.000300,-0.001412,0.000388,60,-0.001390,-0.000967,-0.002232,0.000262,60,1.375576,1.536363,1.256738,0.055807,60,-178.837785,-178.739838,-178.999252,0.059161,60,-0.371761,-0.266676,-0.478886,0.048625,60,7.391606,7.522347,7.285745,0.050659,60,179.272310,179.380341,179.152267,0.055990,60,0.193960,0.290622,0.107354,0.045751,60,0.000000,9.000000,10.000000,8.000000,0.520756,60,2533.400000,2649.000000,2438.000000,54.193376,60,0.900000,1.000000,0.800000,0.052076,60,253.339877,5.372399,60,60,60,60,60,60,60,60,60,60,60,60,60,60,60,60,60,60,60,60,60,60,60,60,60,60,60,60,60,60,12.8156,12.88,12.76,27.12,29,25,26.26,6841191
2026-10-03 01:21:00,22.195672,22.249180,22.142366,0.025467,60,14.052695,14.110018,13.995575,0.025983,60,18.344676,18.397802,18.297092,0.025246,60,97.266667,97.300000,97.200000,0.047538,60,25.322801,25.355156,25.296410,0.011708,60,25.450530,25.483330,25.413902,0.011912,60,25.191193,25.234985,25.165558,0.015572,60,24.800000,24.800000,24.800000,0.000001,60,24.654802,24.666550,24.638046,0.006173,60,24.692912,24.712082,24.677872,0.006938,60,24.523466,24.541153,24.506485,0.006364,60,1001.083333,1001.100000,1001.000000,0.037582,60,1001.083333,1001.100000,1001.000000,0.037582,60,24.400000,24.400000,24.400000,0.000000,60,-0.039087,0.047791,-0.175388,0.038573,60,-0.115423,-0.075772,-0.197686,0.027986,60,-0.100458,-0.061523,-0.184125,0.029578,60,-0.001097,-0.000672,-0.002011,0.000323,60,-0.000413,0.000505,-0.001854,0.000408,60,-0.001234,-0.000810,-0.002113,0.000299,60,1.386213,1.497897,1.295064,0.045139,60,-178.841120,-178.711807,-178.997375,0.061246,60,-0.368202,-0.266474,-0.479190,0.045156,60,7.390825,7.527871,7.291789,0.057367,60,179.271571,179.382584,179.110611,0.064539,60,0.187794,0.291419,0.080684,0.051023,60,0.000000,9.783333,11.000000,8.000000,0.845560,60,2561.133333,2635.000000,2474.000000,35.706177,60,0.978333,1.100000,0.800000,0.084556,60,256.112347,3.539893,60,60,60,60,60,60,60,60,60,60,60,60,60,60,60,60,60,60,60,60,60,60,60,60,60,60,60,60,60,60,12.8177,12.87,12.77,27.14,29,25,26.24,6841225
2026-10-03 01:22:00,22.195417,22.262913,22.157625,0.023516,60,14.045065,14.110018,13.980316,0.029633,60,18.342006,18.397802,18.280308,0.029519,60,97.211667,97.300000,97.200000,0.032373,60,25.327073,25.355156,25.296410,0.012491,60,25.453378,25.483330,25.427254,0.011071,60,25.198224,25.234985,25.165558,0.014354,60,24.800000,24.800000,24.800000,0.000001,60,24.660907,24.678024,24.647263,0.006624,60,24.697793,24.710281,24.680527,0.006722,60,24.531336,24.547958,24.514847,0.008352,60,1001.006667,1001.100000,1001.000000,0.025155,60,1001.006667,1001.100000,1001.000000,0.025155,60,24.400000,24.400000,24.400000,0.000000,60,-0.044339,0.026983,-0.211288,0.044050,60,-0.120071,-0.081879,-0.192258,0.027260,60,-0.099915,-0.045589,-0.176822,0.029475,60,-0.001091,-0.000498,-0.001931,0.000322,60,-0.000469,0.000285,-0.002233,0.000466,60,-0.001284,-0.000875,-0.002055,0.000291,60,1.396882,1.497897,1.286053,0.047884,60,-178.837408,-178.740433,-178.998550,0.056281,60,-0.362067,-0.292704,-0.438776,0.033735,60,7.392338,7.593979,7.275687,0.060399,60,179.284202,179.435303,179.126968,0.057168,60,0.181488,0.265551,0.107122,0.042874,60,0.000000,10.266667,11.000000,9.000000,0.482461,60,2540.800000,2597.000000,2453.000000,29.841275,60,1.026667,1.100000,0.900000,0.048246,60,254.080662,2.958529,60,60,60,60,60,60,60,60,60,60,60,60,60,60,60,60,60,60,60,60,60,60,60,60,60,60,60,60,60,60,12.8190,12.88,12.76,27.27,29,25,26.31,6841259
2026-10-03 01:23:00,22.194604,22.249180,22.114901,0.026286,60,14.046260,14.128328,13.980316,0.026395,60,18.343354,18.411535,18.283360,0.029580,60,97.241667,97.300000,97.200000,0.049717,60,25.330945,25.368507,25.296410,0.013922,60,25.458897,25.483330,25.427254,0.012705,60,25.201162,25.248337,25.178909,0.014432,60,24.800000,24.800000,24.800000,0.000001,60,24.664023,24.680557,24.652054,0.007115,60,24.700599,24.715042,24.685226,0.007714,60,24.534523,24.551376,24.519241,0.007070,60,1001.000000,1001.000000,1001.000000,0.000000,60,1001.000000,1001.000000,1001.000000,0.000000,60,24.400000,24.400000,24.400000,0.000000,60,-0.038740,0.061740,-0.150463,0.039436,60,-0.120218,-0.074415,-0.195424,0.025513,60,-0.103888,-0.051564,-0.207141,0.032117,60,-0.001134,-0.000563,-0.002262,0.000351,60,-0.000409,0.000653,-0.001590,0.000417,60,-0.001285,-0.000795,-0.002089,0.000273,60,1.397498,1.511337,1.296277,0.051527,60,-178.831448,-178.673950,-178.929092,0.055743,60,-0.362396,-0.253002,-0.478432,0.044052,60,7.385343,7.482361,7.226162,0.055419,60,179.263289,179.475800,179.150467,0.064664,60,0.188607,0.319074,0.107354,0.048424,60,0.000000,10.483333,12.000000,9.000000,0.650728,60,2553.000000,2611.000000,2503.000000,27.831210,60,1.048333,1.200000,0.900000,0.065073,60,255.299702,2.759527,60,60,60,60,60,60,60,60,60,60,60,60,60,60,60,60,60,60,60,60,60,60,60,60,60,60,60,60,60,60,12.8197,12.88,12.77,27.19,29,25,26.26,6841292
2026-10-03 01:24:00,22.193129,22.252232,22.143892,0.023118,60,14.052466,14.110018,13.980316,0.024153,60,18.347575,18.397802,18.265049,0.029578,60,97.306667,97.400000,97.300000,0.025155,60,25.333838,25.368507,25.312431,0.013884,60,25.456805,25.483330,25.440605,0.010859,60,25.202096,25.221634,25.178909,0.011619,60,24.800000,24.800000,24.800000,0.000001,60,24.668992,24.684311,24.654282,0.006318,60,24.700976,24.717056,24.686874,0.006423,60,24.540088,24.563614,24.528244,0.006478,60,1001.000000,1001.000000,1001.000000,0.000000,60,1001.000000,1001.000000,1001.000000,0.000000,60,24.400000,24.400000,24.400000,0.000000,60,-0.032158,0.040931,-0.126910,0.034194,60,-0.121684,-0.082558,-0.195424,0.026050,60,-0.105153,-0.055105,-0.187445,0.028659,60,-0.001148,-0.000602,-0.002047,0.000313,60,-0.000340,0.000433,-0.001341,0.000361,60,-0.001301,-0.000883,-0.002089,0.000278,60,1.397886,1.497897,1.258718,0.060309,60,-178.852668,-178.689972,-178.973648,0.062552,60,-0.355864,-0.265969,-0.426619,0.044468,60,7.386333,7.492670,7.266602,0.047009,60,179.271631,179.379898,179.152267,0.057141,60,0.193095,0.266782,0.082001,0.047154,60,0.000000,12.466667,14.000000,11.000000,0.724081,60,2553.733333,2615.000000,2493.000000,26.239359,60,1.246667,1.400000,1.100000,0.072408,60,255.373260,2.601554,60,60,60,60,60,60,60,60,60,60,60,60,60,60,60,60,60,60,60,60,60,60,60,60,60,60,60,60,60,60,12.8160,12.87,12.77,27.14,29,25,26.23,6841326
2026-10-03 01:25:00,22.190891,22.249180,22.143892,0.024231,60,14.050838,14.094759,13.995575,0.023771,60,18.347448,18.394751,18.298618,0.023453,60,97.300000,97.300000,97.300000,0.000000,60,25.338734,25.368507,25.312431,0.013597,60,25.461967,25.483330,25.427254,0.013818,60,25.212332,25.234985,25.192261,0.013866,60,24.800000,24.800000,24.800000,0.000001,60,24.673429,24.689865,24.660599,0.006804,60,24.702761,24.713425,24.690109,0.006177,60,24.544067,24.563156,24.518967,0.008335,60,1001.000000,1001.000000,1001.000000,0.000000,60,1001.000000,1001.000000,1001.000000,0.000000,60,24.400000,24.400000,24.400000,0.000000,60,-0.042658,0.055109,-0.148634,0.040709,60,-0.125345,-0.078486,-0.201305,0.026308,60,-0.109232,-0.066391,-0.214223,0.030452,60,-0.001193,-0.000725,-0.002339,0.000333,60,-0.000451,0.000582,-0.001571,0.000430,60,-0.001340,-0.000839,-0.002152,0.000281,60,1.387137,1.503357,1.282834,0.044013,60,-178.845664,-178.714554,-178.958664,0.054332,60,-0.382815,-0.293348,-0.478583,0.045606,60,7.384053,7.478995,7.265656,0.048902,60,179.280589,179.408783,179.163971,0.058712,60,0.185191,0.265859,0.106545,0.046930,60,0.000000,12.200000,14.000000,11.000000,0.776782,60,2548.850000,2641.000000,2462.000000,40.179186,60,1.220000,1.400000,1.100000,0.077678,60,254.884460,3.983322,60,60,60,60,60,60,60,60,60,60,60,60,60,60,60,60,60,60,60,60,60,60,60,60,60,60,60,60,60,60,12.8199,12.88,12.77,27.23,29,26,26.25,6841360
2026-10-03 01:26:00,22.195138,22.279697,22.143892,0.026531,60,14.042522,14.110018,13.980316,0.030234,60,18.344702,18.397802,18.266575,0.026076,60,97.313333,97.400000,97.300000,0.034280,60,25.342250,25.381859,25.312431,0.012860,60,25.467130,25.483330,25.427254,0.010520,60,25.217940,25.248337,25.192261,0.014028,60,24.800000,24.800000,24.800000,0.000001,60,24.678698,24.694443,24.666458,0.006569,60,24.707778,24.721115,24.694901,0.006517,60,24.548770,24.559464,24.534317,0.005542,60,1001.000000,1001.000000,1001.000000,0.000000,60,1001.000000,1001.000000,1001.000000,0.000000,60,24.400000,24.400000,24.400000,0.000000,60,-0.032368,0.040703,-0.133313,0.041190,60,-0.122857,-0.082105,-0.192258,0.024361,60,-0.106669,-0.060859,-0.196297,0.030217,60,-0.001165,-0.000665,-0.002144,0.000330,60,-0.000342,0.000430,-0.001409,0.000435,60,-0.001313,-0.000878,-0.002055,0.000260,60,1.377082,1.496537,1.259908,0.050511,60,-178.839750,-178.741623,-178.996902,0.057979,60,-0.378150,-0.292168,-0.544426,0.046515,60,7.381507,7.465917,7.246396,0.047443,60,179.267983,179.367996,179.110611,0.058171,60,0.191743,0.291898,0.081013,0.052325,60,0.000000,12.200000,14.000000,10.000000,1.086122,60,2501.966667,2627.000000,2384.000000,49.073783,60,1.220000,1.400000,1.000000,0.108612,60,250.196494,4.863455,60,60,60,60,60,60,60,60,60,60,60,60,60,60,60,60,60,60,60,60,60,60,60,60,60,60,60,60,60,60,12.8158,12.87,12.77,27.13,29,25,26.20,6841394
2026-10-03 01:27:00,22.197986,22.252232,22.143892,0.025085,60,14.048956,14.110018,13.980316,0.026576,60,18.343659,18.411535,18.283360,0.027802,60,97.305000,97.400000,97.300000,0.021978,60,25.348035,25.368507,25.325783,0.011442,60,25.471625,25.496681,25.440605,0.012679,60,25.221545,25.248337,25.192261,0.012251,60,24.800000,24.800000,24.800000,0.000001,60,24.681723,24.700790,24.658615,0.007371,60,24.708712,24.724655,24.696213,0.006454,60,24.554126,24.578323,24.537552,0.007882,60,1000.993333,1001.000000,1000.900000,0.025155,60,1000.993333,1001.000000,1000.900000,0.025155,60,24.400000,24.400000,24.400000,0.000000,60,-0.032166,0.075003,-0.142688,0.046882,60,-0.107713,-0.055642,-0.209222,0.029461,60,-0.087744,-0.032310,-0.183904,0.032606,60,-0.000958,-0.000353,-0.002008,0.000356,60,-0.000340,0.000793,-0.001508,0.000496,60,-0.001151,-0.000595,-0.002237,0.000315,60,1.397471,1.499713,1.242113,0.053846,60,-178.845543,-178.710281,-178.970993,0.051889,60,-0.357143,-0.226920,-0.439344,0.040709,60,7.393200,7.491341,7.216166,0.052425,60,179.272210,179.380463,179.190567,0.049594,60,0.190223,0.318077,0.107122,0.047920,60,0.000000,12.250000,14.000000,11.000000,0.815631,60,2458.850000,2525.000000,2374.000000,35.026298,60,1.225000,1.400000,1.100000,0.081563,60,245.885452,3.472735,60,60,60,60,60,60,60,60,60,60,60,60,60,60,60,60,60,60,60,60,60,60,60,60,60,60,60,60,60,60,12.8177,12.87,12.77,27.17,29,25,26.26,6841428
2026-10-03 01:28:00,22.195875,22.281223,22.143892,0.023834,60,14.049541,14.110018,13.995575,0.027575,60,18.341650,18.381018,18.283360,0.023274,60,97.248333,97.300000,97.200000,0.050394,60,25.351195,25.381859,25.325783,0.016071,60,25.467175,25.496681,25.427254,0.012758,60,25.229289,25.264366,25.192261,0.014212,60,24.800000,24.800000,24.800000,0.000001,60,24.683226,24.697739,24.670120,0.007383,60,24.708176,24.723099,24.692184,0.007163,60,24.554996,24.568008,24.544205,0.005572,60,1000.920000,1001.000000,1000.900000,0.040338,60,1000.920000,1001.000000,1000.900000,0.040338,60,24.400000,24.400000,24.400000,0.000000,60,-0.036598,0.026297,-0.141088,0.036116,60,-0.101557,-0.060844,-0.184115,0.027732,60,-0.081536,-0.030983,-0.179478,0.032380,60,-0.000890,-0.000338,-0.001960,0.000354,60,-0.000387,0.000278,-0.001491,0.000382,60,-0.001086,-0.000650,-0.001968,0.000296,60,1.390794,1.513166,1.286053,0.056079,60,-178.843119,-178.712097,-178.998093,0.054587,60,-0.366616,-0.226187,-0.466057,0.048380,60,7.394604,7.499590,7.284710,0.049237,60,179.286173,179.381607,179.151077,0.058824,60,0.194550,0.318908,0.120882,0.046114,60,0.000000,11.333333,13.000000,10.000000,0.728748,60,2522.066667,2648.000000,2388.000000,58.309190,60,1.133333,1.300000,1.000000,0.072875,60,252.207836,5.779386,60,60,60,60,60,60,60,60,60,60,60,60,60,60,60,60,60,60,60,60,60,60,60,60,60,60,60,60,60,60,12.8159,12.88,12.77,27.14,29,25,26.20,6841461
2026-10-03 01:29:00,22.194756,22.252232,22.130159,0.024719,60,14.047990,14.110018,13.980316,0.026809,60,18.340505,18.397802,18.266575,0.027291,60,97.258333,97.300000,97.200000,0.049717,60,25.354444,25.381859,25.325783,0.013517,60,25.470512,25.496681,25.440605,0.012513,60,25.229912,25.264366,25.208282,0.011683,60,24.800000,24.800000,24.800000,0.000001,60,24.686771,24.698898,24.670212,0.007254,60,24.711613,24.723190,24.695419,0.005799,60,24.559614,24.575333,24.543228,0.007718,60,1000.900000,1000.900000,1000.900000,0.000000,60,1000.900000,1000.900000,1000.900000,0.000000,60,24.398333,24.400000,24.300000,0.012910,60,-0.034498,0.032013,-0.167613,0.038356,60,-0.096800,-0.051118,-0.161044,0.023360,60,-0.076096,-0.030540,-0.164651,0.027497,60,-0.000831,-0.000333,-0.001798,0.000300,60,-0.000365,0.000338,-0.001772,0.000405,60,-0.001035,-0.000546,-0.001722,0.000250,60,1.383893,1.462026,1.256738,0.048245,60,-178.840263,-178.738327,-178.969788,0.060305,60,-0.381788,-0.265969,-0.477676,0.045794,60,7.387574,7.505786,7.291821,0.050116,60,179.271152,179.381897,179.125931,0.061743,60,0.176061,0.266320,0.041300,0.050868,60,0.000000,11.133333,13.000000,9.000000,0.675646,60,2506.116667,2576.000000,2414.000000,34.902815,60,1.113333,1.300000,0.900000,0.067565,60,250.612467,3.460055,60,60,60,60,60,60,60,60,60,60,60,60,60,60,60,60,60,60,60,60,60,60,60,60,60,60,60,60,60,60,12.8157,12.86,12.77,27.08,29,26,26.16,6841495
2026-10-03 01:30:00,22.193205,22.252232,22.143892,0.025150,60,14.043895,14.128328,13.980316,0.028246,60,18.340556,18.399328,18.266575,0.027783,60,97.345000,97.400000,97.300000,0.050169,60,25.358316,25.381859,25.325783,0.011130,60,25.471046,25.496681,25.440605,0.011246,60,25.233294,25.264366,25.208282,0.012133,60,24.800000,24.800000,24.800000,0.000001,60,24.687137,24.700790,24.674332,0.006253,60,24.714797,24.732956,24.700577,0.007435,60,24.559863,24.575882,24.546768,0.007148,60,1000.900000,1000.900000,1000.900000,0.000000,60,1000.900000,1000.900000,1000.900000,0.000000,60,24.400000,24.400000,24.400000,0.000000,60,-0.026144,0.048935,-0.138572,0.038466,60,-0.081054,-0.042975,-0.159235,0.025644,60,-0.063832,-0.020360,-0.152921,0.027670,60,-0.000697,-0.000222,-0.001670,0.000302,60,-0.000276,0.000517,-0.001465,0.000407,60,-0.000866,-0.000459,-0.001702,0.000274,60,1.374672,1.497443,1.283638,0.046712,60,-178.833834,-178.672699,-178.968811,0.061910,60,-0.390495,-0.292704,-0.505121,0.045672,60,7.382359,7.501654,7.246396,0.057696,60,179.266408,179.407990,179.125320,0.064277,60,0.188178,0.330403,0.055292,0.050157,60,0.000000,10.333333,12.000000,9.000000,0.795467,60,2520.466667,2590.000000,2444.000000,36.385631,60,1.033333,1.200000,0.900000,0.079547,60,252.046971,3.607496,60,60,60,60,60,60,60,60,60,60,60,60,60,60,60,60,60,60,60,60,60,60,60,60,60,60,60,60,60,60,12.8157,12.87,12.74,27.16,29,25,26.23,6841529
2026-10-03 01:31:00,22.192671,22.249180,22.143892,0.025424,60,14.052084,14.110018,13.995575,0.028252,60,18.341828,18.399328,18.284885,0.021742,60,97.405000,97.500000,97.400000,0.021978,60,25.361298,25.381859,25.325783,0.013029,60,25.472960,25.510033,25.440605,0.014241,60,25.236722,25.264366,25.208282,0.013392,60,24.800000,24.800000,24.800000,0.000001,60,24.685384,24.703842,24.670700,0.006725,60,24.715563,24.727676,24.704483,0.005539,60,24.558546,24.582962,24.546677,0.008113,60,1000.885000,1000.900000,1000.800000,0.036008,60,1000.885000,1000.900000,1000.800000,0.036008,60,24.400000,24.400000,24.400000,0.000000,60,-0.033584,0.055109,-0.170586,0.045504,60,-0.051224,-0.008369,-0.124855,0.028883,60,-0.046677,0.002213,-0.143848,0.029352,60,-0.000510,0.000024,-0.001571,0.000321,60,-0.000355,0.000582,-0.001803,0.000481,60,-0.000548,-0.000089,-0.001335,0.000309,60,1.390459,1.510880,1.284442,0.049620,60,-178.842460,-178.687180,-178.996658,0.062570,60,-0.387194,-0.266676,-0.478886,0.042942,60,7.378699,7.494735,7.289774,0.048042,60,179.274958,179.368713,179.164734,0.056938,60,0.193278,0.292537,0.119931,0.048830,60,0.000000,10.600000,12.000000,9.000000,0.785461,60,2604.433333,2728.000000,2515.000000,56.694652,60,1.060000,1.200000,0.900000,0.078546,60,260.439085,5.620199,60,60,60,60,60,60,60,60,60,60,60,60,60,60,60,60,60,60,60,60,60,60,60,60,60,60,60,60,60,60,12.8162,12.89,12.77,27.15,29,25,26.21,6841563
2026-10-03 01:32:00,22.190865,22.252232,22.133211,0.027983,60,14.042929,14.110018,13.995575,0.026186,60,18.343379,18.399328,18.266575,0.030272,60,97.416667,97.600000,97.400000,0.049289,60,25.358761,25.381859,25.325783,0.012041,60,25.474918,25.510033,25.453957,0.012978,60,25.234407,25.264366,25.208282,0.012114,60,24.800000,24.800000,24.800000,0.000001,60,24.682814,24.698044,24.663315,0.007340,60,24.715049,24.725784,24.701370,0.005916,60,24.557132,24.568008,24.540695,0.006716,60,1000.811667,1000.900000,1000.800000,0.032373,60,1000.811667,1000.900000,1000.800000,0.032373,60,24.400000,24.400000,24.400000,0.000000,60,-0.028488,0.052822,-0.127139,0.037296,60,-0.039590,0.014476,-0.152902,0.033992,60,-0.032174,0.029876,-0.108218,0.028844,60,-0.000351,0.000326,-0.001182,0.000315,60,-0.000301,0.000558,-0.001344,0.000394,60,-0.000423,0.000155,-0.001635,0.000363,60,1.381162,1.566975,1.281631,0.045004,60,-178.828114,-178.713333,-178.932114,0.062975,60,-0.390917,-0.292704,-0.479341,0.045335,60,7.381427,7.486482,7.268610,0.047653,60,179.283675,179.407303,179.123489,0.057704,60,0.196288,0.266166,0.106429,0.044908,60,0.000000,9.200000,11.000000,7.000000,0.935188,60,2605.550000,2707.000000,2522.000000,41.866384,60,0.920000,1.100000,0.700000,0.093519,60,260.553873,4.150485,60,60,60,60,60,60,60,60,60,60,60,60,60,60,60,60,60,60,60,60,60,60,60,60,60,60,60,60,60,60,12.8152,12.88,12.77,27.26,29,26,26.21,6841597
2026-10-03 01:33:00,22.192569,22.235447,22.143892,0.021805,60,14.051169,14.094759,13.995575,0.028717,60,18.340556,18.399328,18.283360,0.028456,60,97.446667,97.700000,97.000000,0.264554,60,25.359072,25.381859,25.312431,0.012256,60,25.474251,25.510033,25.440605,0.013864,60,25.232449,25.264366,25.208282,0.013727,60,24.833333,24.900000,24.800000,0.047538,60,24.680832,24.696518,24.664047,0.006739,60,24.715238,24.730606,24.701309,0.007193,60,24.551292,24.566513,24.536209,0.005842,60,1000.800000,1000.800000,1000.800000,0.000000,60,1000.800000,1000.800000,1000.800000,0.000000,60,24.436667,24.600000,24.400000,0.078041,60,-0.018027,0.050307,-0.143831,0.044170,60,-0.050179,-0.004524,-0.140914,0.029191,60,-0.029168,0.024786,-0.122160,0.032573,60,-0.000319,0.000271,-0.001334,0.000356,60,-0.000191,0.000532,-0.001520,0.000467,60,-0.000536,-0.000048,-0.001506,0.000312,60,1.381454,1.511337,1.259908,0.054891,60,-178.836653,-178.689041,-178.957947,0.057864,60,-0.391422,-0.266171,-0.478432,0.040232,60,7.368046,7.476188,7.262588,0.048827,60,179.274447,179.448135,179.152664,0.058037,60,0.189123,0.329897,0.080247,0.054676,60,0.000000,9.650000,11.000000,8.000000,0.879619,60,2645.666667,2736.000000,2516.000000,50.924559,60,0.965000,1.100000,0.800000,0.087962,60,264.569043,5.047832,60,60,60,60,60,60,60,60,60,60,60,60,60,60,60,60,60,60,60,60,60,60,60,60,60,60,60,60,60,60,12.8164,12.88,12.77,27.20,29,26,26.23,6841630
2026-10-03 01:34:00,22.185067,22.235447,22.116426,0.027081,60,14.041581,14.094759,13.963531,0.025235,60,18.341395,18.397802,18.266575,0.026358,60,97.258333,97.700000,97.000000,0.285403,60,25.358672,25.381859,25.325783,0.012900,60,25.475719,25.496681,25.453957,0.011338,60,25.232137,25.264366,25.208282,0.012181,60,24.866667,24.900000,24.800000,0.047538,60,24.677370,24.689316,24.662399,0.006376,60,24.716159,24.728561,24.703690,0.005887,60,24.550402,24.567032,24.537643,0.006838,60,1000.800000,1000.800000,1000.800000,0.000000,60,1000.800000,1000.800000,1000.800000,0.000000,60,24.443333,24.600000,24.400000,0.083090,60,-0.019097,0.067914,-0.175159,0.046832,60,-0.050443,-0.008143,-0.129604,0.026164,60,-0.022639,0.044261,-0.117734,0.035041,60,-0.000247,0.000483,-0.001286,0.000383,60,-0.000202,0.000718,-0.001851,0.000495,60,-0.000539,-0.000087,-0.001385,0.000280,60,1.394769,1.562278,1.188729,0.066992,60,-178.824791,-178.686234,-178.954742,0.054244,60,-0.380108,-0.266676,-0.479190,0.046894,60,7.388838,7.540978,7.273679,0.054249,60,179.279505,179.381042,179.123077,0.057158,60,0.197842,0.316918,0.081342,0.045340,60,0.000000,9.783333,12.000000,8.000000,0.845560,60,2689.433333,2816.000000,2539.000000,59.929723,60,0.978333,1.200000,0.800000,0.084556,60,268.949500,5.938369,60,60,60,60,60,60,60,60,60,60,60,60,60,60,60,60,60,60,60,60,60,60,60,60,60,60,60,60,60,60,12.8137,12.88,12.77,27.12,29,25,26.24,6841664
2026-10-03 01:35:00,22.190738,22.233921,22.130159,0.023790,60,14.049261,14.128328,13.995575,0.028687,60,18.344498,18.397802,18.283360,0.024003,60,97.483333,97.600000,97.000000,0.116687,60,25.355022,25.381859,25.325783,0.013159,60,25.475986,25.510033,25.440605,0.013334,60,25.228532,25.264366,25.192261,0.011669,60,24.801667,24.900000,24.800000,0.012910,60,24.668302,24.689194,24.650833,0.008457,60,24.715965,24.727524,24.700180,0.006741,60,24.544182,24.561905,24.529007,0.006498,60,1000.800000,1000.800000,1000.800000,0.000000,60,1000.800000,1000.800000,1000.800000,0.000000,60,24.400000,24.400000,24.400000,0.000000,60,0.004047,0.098784,-0.148634,0.050839,60,-0.015814,0.045463,-0.137747,0.035039,60,0.024661,0.094718,-0.064842,0.037086,60,0.000269,0.001034,-0.000708,0.000405,60,0.000043,0.001044,-0.001571,0.000537,60,-0.000169,0.000486,-0.001473,0.000375,60,1.393461,1.504962,1.281230,0.049819,60,-178.836488,-178.715775,-178.958664,0.056945,60,-0.380503,-0.292490,-0.478583,0.050426,60,7.388023,7.486482,7.256432,0.052573,60,179.282517,179.515839,179.152054,0.058222,60,0.189483,0.332263,0.054155,0.052223,60,0.000000,12.216667,14.000000,9.000000,0.993055,60,2642.666667,2744.000000,2576.000000,40.251610,60,1.221667,1.400000,0.900000,0.099305,60,264.265726,3.990689,60,60,60,60,60,60,60,60,60,60,60,60,60,60,60,60,60,60,60,60,60,60,60,60,60,60,60,60,60,60,12.8162,12.88,12.77,27.05,29,25,26.22,6841698
2026-10-03 01:36:00,22.190051,22.252232,22.143892,0.024021,60,14.044480,14.110018,13.963531,0.029007,60,18.339183,18.411535,18.283360,0.025259,60,97.350000,97.400000,97.300000,0.050422,60,25.351329,25.368507,25.312431,0.012644,60,25.477544,25.510033,25.440605,0.011574,60,25.223503,25.248337,25.192261,0.013503,60,24.800000,24.800000,24.800000,0.000001,60,24.656913,24.674911,24.641098,0.007650,60,24.712920,24.734879,24.701920,0.007491,60,24.537605,24.555527,24.522385,0.006953,60,1000.761667,1000.800000,1000.700000,0.049030,60,1000.761667,1000.800000,1000.700000,0.049030,60,24.376667,24.400000,24.300000,0.042652,60,0.023686,0.124623,-0.085293,0.043637,60,0.016037,0.092284,-0.091605,0.035215,60,0.044619,0.109103,-0.068162,0.035212,60,0.000487,0.001191,-0.000744,0.000385,60,0.000250,0.001317,-0.000902,0.000461,60,0.000171,0.000987,-0.000979,0.000376,60,1.378168,1.472807,1.284442,0.044093,60,-178.835050,-178.740433,-178.932861,0.053934,60,-0.373924,-0.265365,-0.466057,0.042420,60,7.388889,7.517526,7.285745,0.051408,60,179.281615,179.449387,179.152054,0.063390,60,0.184029,0.292217,0.107007,0.051347,60,0.000000,13.633333,15.000000,12.000000,0.662984,60,2584.350000,2702.000000,2467.000000,38.398369,60,1.363333,1.500000,1.200000,0.066298,60,258.434149,3.805206,60,60,60,60,60,60,60,60,60,60,60,60,60,60,60,60,60,60,60,60,60,60,60,60,60,60,60,60,60,60,12.8125,12.87,12.76,27.12,29,25,26.22,6841732
2026-10-03 01:37:00,22.192289,22.233921,22.143892,0.020836,60,14.046693,14.110018,13.980316,0.027572,60,18.341268,18.397802,18.283360,0.031038,60,97.261667,97.800000,97.200000,0.086537,60,25.344030,25.368507,25.325783,0.013230,60,25.475408,25.496681,25.453957,0.011737,60,25.220121,25.248337,25.192261,0.013530,60,24.798333,24.800000,24.700000,0.012910,60,24.646194,24.669388,24.628159,0.007597,60,24.709369,24.722244,24.694473,0.006581,60,24.527729,24.541397,24.508713,0.006473,60,1000.706667,1000.800000,1000.700000,0.025155,60,1000.706667,1000.800000,1000.700000,0.025155,60,24.301667,24.400000,24.300000,0.012910,60,0.026091,0.095125,-0.089637,0.037645,60,0.003340,0.058582,-0.085046,0.030838,60,0.027932,0.089186,-0.079448,0.033408,60,0.000305,0.000974,-0.000868,0.000365,60,0.000276,0.001005,-0.000947,0.000398,60,0.000036,0.000626,-0.000909,0.000330,60,1.388819,1.499713,1.254764,0.055397,60,-178.824690,-178.646561,-178.959152,0.061449,60,-0.379151,-0.292811,-0.478583,0.046393,60,7.375732,7.501655,7.234386,0.056295,60,179.282495,179.407303,179.126755,0.059118,60,0.187462,0.291898,0.080793,0.045454,60,0.000000,12.633333,15.000000,11.000000,0.780410,60,2580.166667,2680.000000,2512.000000,40.860310,60,1.263333,1.500000,1.100000,0.078041,60,258.015976,4.050977,60,60,60,60,60,60,60,60,60,60,60,60,60,60,60,60,60,60,60,60,60,60,60,60,60,60,60,60,60,60,12.8148,12.87,12.77,27.20,29,25,26.22,6841766
2026-10-03 01:38:00,22.191704,22.233921,22.128633,0.024179,60,14.049032,14.128328,13.981842,0.031220,60,18.345261,18.411535,18.298618,0.024549,60,97.233333,97.300000,96.800000,0.171402,60,25.339223,25.368507,25.312431,0.014087,60,25.474473,25.510033,25.440605,0.014989,60,25.213712,25.234985,25.178909,0.012534,60,24.800000,24.800000,24.800000,0.000001,60,24.634884,24.647964,24.611710,0.007334,60,24.703910,24.720505,24.688675,0.007618,60,24.520305,24.543228,24.502457,0.008443,60,1000.700000,1000.700000,1000.700000,0.000052,60,1000.700000,1000.700000,1000.700000,0.000052,60,24.300000,24.300000,24.300000,0.000001,60,0.048275,0.135142,-0.063798,0.043269,60,0.016365,0.074867,-0.052023,0.030561,60,0.037968,0.092284,-0.050015,0.031366,60,0.000415,0.001008,-0.000546,0.000343,60,0.000510,0.001428,-0.000674,0.000457,60,0.000175,0.000800,-0.000556,0.000327,60,1.383145,1.507689,1.283638,0.049077,60,-178.825088,-178.715775,-178.906097,0.049604,60,-0.383865,-0.319010,-0.465166,0.037070,60,7.379551,7.488544,7.301885,0.042570,60,179.297623,179.407990,179.164734,0.050165,60,0.184687,0.265859,0.081013,0.046661,60,0.000000,13.633333,15.000000,12.000000,0.688074,60,2611.100000,2686.000000,2538.000000,31.227812,60,1.363333,1.500000,1.200000,0.068807,60,261.109685,3.095939,60,60,60,60,60,60,60,60,60,60,60,60,60,60,60,60,60,60,60,60,60,60,60,60,60,60,60,60,60,60,12.8142,12.86,12.76,27.27,29,26,26.17,6841799
2026-10-03 01:39:00,22.192900,22.247654,22.111849,0.026693,60,14.046514,14.110018,13.995575,0.025605,60,18.347041,18.411535,18.265049,0.030352,60,97.240000,97.900000,96.700000,0.309839,60,25.323914,25.339134,25.296410,0.011854,60,25.469711,25.496681,25.440605,0.011969,60,25.203743,25.234985,25.165558,0.014537,60,24.731667,24.800000,24.700000,0.046910,60,24.626185,24.640854,24.606674,0.008103,60,24.699704,24.713242,24.683945,0.006685,60,24.507977,24.530258,24.491806,0.008085,60,1000.700000,1000.700000,1000.700000,0.000052,60,1000.700000,1000.700000,1000.700000,0.000052,60,24.311667,24.400000,24.300000,0.032373,60,0.053577,0.141316,-0.034757,0.045127,60,0.023750,0.083689,-0.058582,0.030910,60,0.030780,0.080776,-0.056875,0.030921,60,0.000336,0.000882,-0.000621,0.000338,60,0.000566,0.001494,-0.000367,0.000477,60,0.000254,0.000895,-0.000626,0.000330,60,1.388670,1.498805,1.283638,0.047700,60,-178.835578,-178.690598,-178.954742,0.052449,60,-0.395643,-0.266676,-0.479341,0.046340,60,7.379175,7.532016,7.279707,0.053532,60,179.265582,179.381897,179.165527,0.055430,60,0.192876,0.293820,0.107702,0.043707,60,0.000000,13.083333,14.000000,12.000000,0.645497,60,2618.566667,2674.000000,2570.000000,29.074636,60,1.308333,1.400000,1.200000,0.064550,60,261.856343,2.882875,60,60,60,60,60,60,60,60,60,60,60,60,60,60,60,60,60,60,60,60,60,60,60,60,60,60,60,60,60,60,12.8129,12.87,12.76,27.13,29,25,26.19,6841835
2026-10-03 01:40:00,22.196308,22.249180,22.142366,0.025547,60,14.038631,14.077973,13.948272,0.024184,60,18.344778,18.425268,18.265049,0.029502,60,96.990000,97.900000,96.800000,0.249542,60,25.319775,25.355156,25.296410,0.012976,60,25.461745,25.483330,25.440605,0.012842,60,25.195109,25.221634,25.165558,0.013535,60,24.780000,24.800000,24.700000,0.040338,60,24.615057,24.630539,24.598892,0.006904,60,24.691905,24.704788,24.680588,0.006267,60,24.498587,24.510178,24.482437,0.006595,60,1000.700000,1000.700000,1000.700000,0.000052,60,1000.700000,1000.700000,1000.700000,0.000052,60,24.301667,24.400000,24.300000,0.012910,60,0.042745,0.135828,-0.047791,0.043133,60,0.002891,0.068760,-0.081427,0.033279,60,0.006720,0.055326,-0.074358,0.032383,60,0.000073,0.000604,-0.000812,0.000354,60,0.000452,0.001436,-0.000505,0.000456,60,0.000031,0.000735,-0.000870,0.000356,60,1.383985,1.471912,1.282433,0.048833,60,-178.834121,-178.713333,-178.957443,0.056019,60,-0.389489,-0.266272,-0.478432,0.046784,60,7.374682,7.486482,7.281718,0.048842,60,179.289566,179.407440,179.191147,0.050882,60,0.192259,0.318908,0.107122,0.049795,60,0.000000,12.216667,14.000000,9.000000,1.121314,60,2646.200000,2732.000000,2569.000000,43.496659,60,1.221667,1.400000,0.900000,0.112131,60,264.619224,4.312417,60,60,60,60,60,60,60,60,60,60,60,60,60,60,60,60,60,60,60,60,60,60,60,60,60,60,60,60,60,60,12.8120,12.88,12.76,27.15,29,26,26.20,6841869
2026-10-03 01:41:00,22.200173,22.249180,22.128633,0.024704,60,14.046845,14.094759,13.995575,0.025943,60,18.343939,18.408484,18.283360,0.027548,60,96.911667,97.400000,96.900000,0.066617,60,25.310429,25.339134,25.296410,0.011589,60,25.461077,25.496681,25.440605,0.012789,60,25.190748,25.221634,25.152206,0.015534,60,24.800000,24.800000,24.800000,0.000001,60,24.604985,24.621994,24.583847,0.008031,60,24.686283,24.705856,24.668564,0.007841,60,24.490136,24.505722,24.476547,0.007186,60,1000.686667,1000.700000,1000.600000,0.034280,60,1000.686667,1000.700000,1000.600000,0.034280,60,24.300000,24.300000,24.300000,0.000001,60,0.048942,0.128053,-0.086893,0.045198,60,0.028424,0.078034,-0.075094,0.033682,60,0.035346,0.092505,-0.075686,0.040016,60,0.000386,0.001010,-0.000826,0.000437,60,0.000517,0.001354,-0.000918,0.000478,60,0.000304,0.000834,-0.000803,0.000360,60,1.398729,1.511337,1.259114,0.055841,60,-178.829206,-178.688095,-178.973404,0.060295,60,-0.387101,-0.266474,-0.505437,0.047400,60,7.380696,7.579415,7.220160,0.053296,60,179.278260,179.435684,179.152054,0.057215,60,0.192289,0.292537,0.106198,0.047431,60,0.000000,13.350000,16.000000,10.000000,1.338162,60,2660.533333,2830.000000,2584.000000,54.986120,60,1.335000,1.600000,1.000000,0.133816,60,266.043063,5.446758,60,60,60,60,60,60,60,60,60,60,60,60,60,60,60,60,60,60,60,60,60,60,60,60,60,60,60,60,60,60,12.8122,12.87,12.77,27.13,29,25,26.19,6841903
2026-10-03 01:42:00,22.198800,22.247654,22.142366,0.023343,60,14.049643,14.128328,13.980316,0.030132,60,18.346762,18.408484,18.297092,0.027117,60,97.070000,97.600000,96.900000,0.211772,60,25.296321,25.325783,25.269707,0.013500,60,25.450396,25.469978,25.427254,0.012307,60,25.178019,25.208282,25.152206,0.013344,60,24.800000,24.800000,24.800000,0.000001,60,24.599370,24.614548,24.579391,0.007076,60,24.678416,24.695755,24.665268,0.007049,60,24.482383,24.503860,24.470322,0.006829,60,1000.606667,1000.700000,1000.600000,0.025155,60,1000.606667,1000.700000,1000.600000,0.025155,60,24.300000,24.300000,24.300000,0.000001,60,0.034433,0.100613,-0.069972,0.038963,60,-0.015185,0.045237,-0.104950,0.029428,60,-0.008446,0.052007,-0.107554,0.034058,60,-0.000092,0.000568,-0.001174,0.000372,60,0.000364,0.001063,-0.000740,0.000412,60,-0.000162,0.000484,-0.001122,0.000315,60,1.376012,1.468338,1.254764,0.055638,60,-178.834379,-178.741333,-178.955963,0.052373,60,-0.391829,-0.318897,-0.479341,0.043771,60,7.374645,7.511331,7.252414,0.049606,60,179.279366,179.408508,179.191513,0.053349,60,0.194574,0.266628,0.081122,0.045970,60,0.000000,12.483333,16.000000,9.000000,1.789723,60,2714.483333,2820.000000,2622.000000,47.737805,60,1.248333,1.600000,0.900000,0.178972,60,271.446449,4.732245,60,60,60,60,60,60,60,60,60,60,60,60,60,60,60,60,60,60,60,60,60,60,60,60,60,60,60,60,60,60,12.8125,12.88,12.76,27.10,29,26,26.20,6841936
2026-10-03 01:43:00,22.192518,22.247654,22.142366,0.026293,60,14.044582,14.094759,13.963531,0.030529,60,18.342540,18.408484,18.280308,0.025764,60,97.288333,98.000000,96.900000,0.251161,60,25.293250,25.325783,25.256355,0.012462,60,25.448126,25.469978,25.427254,0.010033,60,25.167694,25.192261,25.136185,0.012309,60,24.735000,24.800000,24.700000,0.048099,60,24.589634,24.602310,24.578171,0.006096,60,24.673955,24.691696,24.661118,0.007616,60,24.471978,24.493301,24.457535,0.007793,60,1000.600000,1000.600000,1000.600000,0.000039,60,1000.600000,1000.600000,1000.600000,0.000039,60,24.301667,24.400000,24.300000,0.012910,60,0.027406,0.122565,-0.099470,0.044277,60,-0.005180,0.074641,-0.098617,0.036965,60,0.010198,0.073694,-0.097374,0.038583,60,0.000111,0.000805,-0.001063,0.000421,60,0.000290,0.001296,-0.001051,0.000468,60,-0.000055,0.000798,-0.001054,0.000395,60,1.389745,1.501533,1.282834,0.049484,60,-178.829514,-178.687485,-178.904037,0.043823,60,-0.380761,-0.292704,-0.466354,0.037636,60,7.376723,7.528549,7.260583,0.052639,60,179.272354,179.407990,179.125122,0.061387,60,0.185338,0.265551,0.107122,0.042054,60,0.000000,12.800000,16.000000,10.000000,1.848499,60,2655.866667,2801.000000,2532.000000,66.510472,60,1.280000,1.600000,1.000000,0.184850,60,265.583280,6.592141,60,60,60,60,60,60,60,60,60,60,60,60,60,60,60,60,60,60,60,60,60,60,60,60,60,60,60,60,60,60,12.8101,12.86,12.76,27.23,29,25,26.20,6841970
2026-10-03 01:44:00,22.188067,22.230869,22.156099,0.021040,60,14.047328,14.110018,13.995575,0.026583,60,18.343150,18.379492,18.297092,0.024604,60,97.158333,97.500000,97.000000,0.219623,60,25.282658,25.312431,25.256355,0.011101,60,25.441896,25.469978,25.413902,0.012510,60,25.163600,25.192261,25.136185,0.013246,60,24.771667,24.800000,24.700000,0.045442,60,24.583168,24.600174,24.567978,0.006861,60,24.671387,24.688126,24.655899,0.007563,60,24.466679,24.481064,24.446762,0.007321,60,1000.600000,1000.600000,1000.600000,0.000039,60,1000.600000,1000.600000,1000.600000,0.000039,60,24.300000,24.300000,24.300000,0.000001,60,0.015797,0.112961,-0.080033,0.035627,60,-0.042067,0.033702,-0.128926,0.034210,60,-0.023163,0.021245,-0.135217,0.033779,60,-0.000253,0.000232,-0.001477,0.000369,60,0.000167,0.001194,-0.000846,0.000377,60,-0.000450,0.000360,-0.001378,0.000366,60,1.394210,1.566034,1.282433,0.054929,60,-178.831568,-178.714554,-178.958664,0.052403,60,-0.377651,-0.292168,-0.479190,0.048220,60,7.383711,7.489280,7.269666,0.049239,60,179.276862,179.448746,179.152847,0.058361,60,0.191029,0.291259,0.080684,0.044184,60,0.000000,12.150000,15.000000,9.000000,1.232677,60,2684.866667,2863.000000,2513.000000,71.076580,60,1.215000,1.500000,0.900000,0.123268,60,268.486729,7.039355,60,60,60,60,60,60,60,60,60,60,60,60,60,60,60,60,60,60,60,60,60,60,60,60,60,60,60,60,60,60,12.8140,12.88,12.74,27.10,29,26,26.19,6842004
2026-10-03 01:45:00,22.198698,22.247654,22.125582,0.025006,60,14.049872,14.128328,13.995575,0.028958,60,18.343989,18.406958,18.280308,0.026465,60,97.130000,97.700000,97.100000,0.131871,60,25.275893,25.296410,25.240326,0.011784,60,25.438869,25.469978,25.413902,0.012753,60,25.154521,25.178909,25.122833,0.013875,60,24.800000,24.800000,24.800000,0.000001,60,24.579170,24.590500,24.563614,0.006210,60,24.669616,24.684982,24.654282,0.006988,60,24.464847,24.485519,24.451218,0.006514,60,1000.600000,1000.600000,1000.600000,0.000039,60,1000.600000,1000.600000,1000.600000,0.000039,60,24.305000,24.400000,24.300000,0.021978,60,-0.004314,0.074317,-0.122794,0.041981,60,-0.060237,-0.008143,-0.162401,0.032811,60,-0.044405,0.021909,-0.153143,0.034756,60,-0.000485,0.000239,-0.001672,0.000380,60,-0.000046,0.000786,-0.001298,0.000444,60,-0.000644,-0.000087,-0.001736,0.000351,60,1.378264,1.510880,1.257529,0.047892,60,-178.839811,-178.714554,-178.997375,0.053863,60,-0.378260,-0.266171,-0.479341,0.042876,60,7.375596,7.482362,7.266603,0.050741,60,179.283513,179.383301,179.192459,0.045572,60,0.180429,0.290622,0.106545,0.046166,60,0.000000,9.600000,12.000000,6.000000,1.509293,60,2681.816667,2839.000000,2562.000000,64.352180,60,0.960000,1.200000,0.600000,0.150929,60,268.180251,6.377829,60,60,60,60,60,60,60,60,60,60,60,60,60,60,60,60,60,60,60,60,60,60,60,60,60,60,60,60,60,60,12.8104,12.87,12.77,27.17,29,26,26.17,6842038
2026-10-03 01:46:00,22.195875,22.258335,22.156099,0.022938,60,14.050457,14.094759,13.980316,0.025263,60,18.343964,18.394751,18.278782,0.029906,60,97.188333,97.800000,97.100000,0.209189,60,25.272377,25.283058,25.256355,0.009771,60,25.436377,25.453957,25.413902,0.009983,60,25.147400,25.165558,25.122833,0.012695,60,24.800000,24.800000,24.800000,0.000001,60,24.577147,24.593643,24.563400,0.006805,60,24.669881,24.685776,24.655563,0.007011,60,24.459909,24.473099,24.447220,0.006022,60,1000.600000,1000.600000,1000.600000,0.000039,60,1000.600000,1000.600000,1000.600000,0.000039,60,24.320000,24.600000,24.300000,0.051420,60,-0.011452,0.064027,-0.122337,0.037544,60,-0.062427,-0.013345,-0.146342,0.031443,60,-0.047647,0.019032,-0.134553,0.031736,60,-0.000520,0.000208,-0.001469,0.000347,60,-0.000121,0.000677,-0.001293,0.000397,60,-0.000667,-0.000143,-0.001564,0.000336,60,1.381644,1.497443,1.282834,0.055902,60,-178.839028,-178.689041,-178.998795,0.059033,60,-0.391785,-0.265969,-0.504176,0.049855,60,7.380469,7.491341,7.260583,0.057160,60,179.284709,179.448746,179.151657,0.064609,60,0.192758,0.318576,0.054671,0.047700,60,0.000000,8.466667,10.000000,6.000000,1.171218,60,2696.633333,2790.000000,2525.000000,57.432928,60,0.846667,1.000000,0.600000,0.117122,60,269.668979,5.690545,60,60,60,60,60,60,60,60,60,60,60,60,60,60,60,60,60,60,60,60,60,60,60,60,60,60,60,60,60,60,12.8131,12.87,12.76,27.13,29,25,26.18,6842071
2026-10-03 01:47:00,22.196740,22.258335,22.139315,0.024413,60,14.044963,14.094759,13.995575,0.025459,60,18.343531,18.394751,18.294041,0.026508,60,97.521667,97.800000,97.100000,0.303143,60,25.265968,25.283058,25.240326,0.012126,60,25.434419,25.469978,25.413902,0.011784,60,25.141080,25.165558,25.109482,0.011883,60,24.800000,24.800000,24.800000,0.000001,60,24.575006,24.594345,24.556839,0.007731,60,24.668826,24.684280,24.654221,0.007197,60,24.458278,24.475662,24.444748,0.006360,60,1000.600000,1000.600000,1000.600000,0.000039,60,1000.600000,1000.600000,1000.600000,0.000039,60,24.425000,24.600000,24.300000,0.100212,60,-0.011205,0.069972,-0.116620,0.040533,60,-0.077167,-0.027368,-0.150187,0.027340,60,-0.061733,-0.016598,-0.142078,0.029834,60,-0.000674,-0.000181,-0.001551,0.000326,60,-0.000118,0.000740,-0.001233,0.000428,60,-0.000825,-0.000293,-0.001606,0.000292,60,1.386452,1.507234,1.216388,0.050900,60,-178.832945,-178.715775,-178.959152,0.056361,60,-0.379435,-0.252416,-0.478886,0.050962,60,7.381232,7.482362,7.272629,0.049938,60,179.286962,179.382156,179.191513,0.048789,60,0.181385,0.290941,0.081561,0.043341,60,0.000000,6.950000,8.000000,5.000000,0.909926,60,2670.633333,2866.000000,2457.000000,105.789520,60,0.695000,0.800000,0.500000,0.090993,60,267.074771,10.483251,60,60,60,60,60,60,60,60,60,60,60,60,60,60,60,60,60,60,60,60,60,60,60,60,60,60,60,60,60,60,12.8115,12.87,12.77,27.18,29,26,26.15,6842105
2026-10-03 01:48:00,22.187431,22.261387,22.137789,0.026791,60,14.055365,14.110018,13.995575,0.024085,60,18.347194,18.406958,18.278782,0.028809,60,97.648333,97.800000,97.200000,0.261347,60,25.263519,25.296410,25.226974,0.014902,60,25.434152,25.469978,25.397881,0.012662,60,25.139612,25.178909,25.109482,0.015106,60,24.800000,24.800000,24.800000,0.000001,60,24.574167,24.587418,24.559799,0.006130,60,24.668823,24.684860,24.656357,0.006546,60,24.458631,24.481430,24.441605,0.006981,60,1000.600000,1000.600000,1000.600000,0.000039,60,1000.600000,1000.600000,1000.600000,0.000039,60,24.520000,24.600000,24.300000,0.108612,60,-0.014901,0.056481,-0.154350,0.044202,60,-0.064146,-0.021488,-0.156068,0.028519,60,-0.041458,0.014827,-0.143184,0.033399,60,-0.000453,0.000162,-0.001564,0.000365,60,-0.000158,0.000597,-0.001631,0.000467,60,-0.000686,-0.000230,-0.001668,0.000305,60,1.392773,1.509511,1.282433,0.042128,60,-178.837515,-178.687180,-178.971466,0.063201,60,-0.374938,-0.292704,-0.477676,0.045817,60,7.381882,7.485163,7.279707,0.047888,60,179.284495,179.382156,179.152054,0.051262,60,0.189862,0.266166,0.080684,0.043401,60,0.000000,8.216667,11.000000,6.000000,1.574066,60,2775.966667,2951.000000,2606.000000,82.174879,60,0.821667,1.100000,0.600000,0.157407,60,277.602107,8.142546,60,60,60,60,60,60,60,60,60,60,60,60,60,60,60,60,60,60,60,60,60,60,60,60,60,60,60,60,60,60,12.8110,12.87,12.76,27.14,29,25,26.18,6842139
2026-10-03 01:49:00,22.193866,22.244602,22.139315,0.027582,60,14.043590,14.094759,13.977264,0.025771,60,18.340658,18.406958,18.246738,0.029892,60,97.656667,97.800000,97.100000,0.241019,60,25.257867,25.283058,25.226974,0.011723,60,25.432817,25.453957,25.413902,0.012116,60,25.134583,25.178909,25.109482,0.013741,60,24.800000,24.800000,24.800000,0.000001,60,24.570331,24.585983,24.550430,0.007077,60,24.667660,24.680862,24.649216,0.006249,60,24.456462,24.468307,24.445572,0.005175,60,1000.600000,1000.600000,1000.600000,0.000039,60,1000.600000,1000.600000,1000.600000,0.000039,60,24.430000,24.600000,24.300000,0.096199,60,-0.011834,0.072945,-0.127139,0.040524,60,-0.078117,-0.013571,-0.151771,0.025244,60,-0.062489,0.035187,-0.157569,0.036996,60,-0.000682,0.000384,-0.001721,0.000404,60,-0.000125,0.000771,-0.001344,0.000428,60,-0.000835,-0.000145,-0.001622,0.000270,60,1.396326,1.494275,1.257529,0.053063,60,-178.832234,-178.753387,-178.931610,0.047261,60,-0.377903,-0.252416,-0.505437,0.052162,60,7.374600,7.491339,7.276651,0.047938,60,179.272964,179.408783,179.166306,0.055793,60,0.190616,0.291898,0.107470,0.045081,60,0.000000,6.616667,10.000000,4.000000,1.263459,60,2623.850000,2864.000000,2363.000000,136.851252,60,0.661667,1.000000,0.400000,0.126346,60,262.416820,13.568650,60,60,60,60,60,60,60,60,60,60,60,60,60,60,60,60,60,60,60,60,60,60,60,60,60,60,60,60,60,60,12.8123,12.88,12.77,27.18,29,25,26.23,6842173
2026-10-03 01:50:00,22.189695,22.229343,22.137789,0.020157,60,14.044582,14.094759,13.980316,0.027655,60,18.336512,18.394751,18.246738,0.024711,60,97.716667,97.800000,97.100000,0.166893,60,25.255107,25.283058,25.226974,0.013080,60,25.431971,25.469978,25.413902,0.012136,60,25.136674,25.165558,25.109482,0.013369,60,24.800000,24.800000,24.800000,0.000001,60,24.568331,24.582321,24.549240,0.007349,60,24.668844,24.686417,24.656540,0.007054,60,24.453591,24.467270,24.433731,0.007048,60,1000.596667,1000.600000,1000.500000,0.018102,60,1000.596667,1000.600000,1000.500000,0.018102,60,24.426667,24.600000,24.300000,0.082064,60,-0.014627,0.051907,-0.130340,0.043224,60,-0.054974,-0.003845,-0.140461,0.027657,60,-0.037069,0.008852,-0.126365,0.030455,60,-0.000405,0.000097,-0.001380,0.000333,60,-0.000155,0.000549,-0.001378,0.000457,60,-0.000588,-0.000041,-0.001502,0.000296,60,1.404826,1.538216,1.257529,0.049966,60,-178.836726,-178.675201,-178.970993,0.060357,60,-0.384969,-0.292704,-0.505121,0.048083,60,7.386698,7.521662,7.291821,0.049018,60,179.270892,179.368713,179.152267,0.056890,60,0.189731,0.318576,0.081122,0.054975,60,0.000000,5.900000,8.000000,4.000000,0.969011,60,2725.650000,2932.000000,2489.000000,111.175205,60,0.590000,0.800000,0.400000,0.096901,60,272.601612,11.007165,60,60,60,60,60,60,60,60,60,60,60,60,60,60,60,60,60,60,60,60,60,60,60,60,60,60,60,60,60,60,12.8127,12.87,12.77,27.15,29,26,26.13,6842207
2026-10-03 01:51:00,22.187737,22.229343,22.139315,0.024445,60,14.043742,14.094759,13.980316,0.025936,60,18.342769,18.422216,18.278782,0.027033,60,97.550000,97.700000,97.100000,0.262000,60,25.255819,25.283058,25.226974,0.013644,60,25.429880,25.453957,25.397881,0.011065,60,25.129420,25.165558,25.096130,0.013522,60,24.800000,24.800000,24.800000,0.000001,60,24.564927,24.580673,24.552902,0.006579,60,24.669567,24.681747,24.655441,0.007093,60,24.451381,24.468277,24.439224,0.006371,60,1000.593333,1000.600000,1000.500000,0.025155,60,1000.593333,1000.600000,1000.500000,0.025155,60,24.375000,24.400000,24.300000,0.043667,60,-0.012767,0.079805,-0.158924,0.050884,60,-0.059370,-0.009047,-0.153128,0.031909,60,-0.039647,0.016377,-0.134996,0.031697,60,-0.000433,0.000179,-0.001474,0.000346,60,-0.000135,0.000844,-0.001680,0.000538,60,-0.000635,-0.000097,-0.001637,0.000341,60,1.381883,1.471912,1.244073,0.050625,60,-178.832214,-178.712723,-178.971466,0.059286,60,-0.380676,-0.253491,-0.478129,0.047999,60,7.379278,7.550576,7.272629,0.058243,60,179.287298,179.380463,179.153641,0.053102,60,0.191177,0.330066,0.107934,0.052147,60,0.000000,7.516667,10.000000,5.000000,0.982761,60,2819.216667,2979.000000,2645.000000,73.522991,60,0.751667,1.000000,0.500000,0.098276,60,281.928171,7.284056,60,60,60,60,60,60,60,60,60,60,60,60,60,60,60,60,60,60,60,60,60,60,60,60,60,60,60,60,60,60,12.8099,12.87,12.76,27.18,29,25,26.15,6842240
2026-10-03 01:52:00,22.196206,22.244602,22.137789,0.024295,60,14.044938,14.108492,13.995575,0.024737,60,18.342056,18.393225,18.294041,0.026366,60,97.360000,97.800000,97.100000,0.298130,60,25.248474,25.283058,25.226974,0.013080,60,25.430681,25.453957,25.397881,0.013528,60,25.127462,25.152206,25.096130,0.011285,60,24.800000,24.800000,24.800000,0.000001,60,24.561962,24.574722,24.543655,0.006105,60,24.669018,24.684006,24.651505,0.006502,60,24.449772,24.464066,24.434830,0.006990,60,1000.533333,1000.600000,1000.500000,0.047538,60,1000.533333,1000.600000,1000.500000,0.047538,60,24.350000,24.600000,24.300000,0.067648,60,-0.022508,0.076146,-0.125538,0.040496,60,-0.081796,-0.032118,-0.168735,0.029283,60,-0.057727,0.001770,-0.145176,0.031705,60,-0.000630,0.000019,-0.001585,0.000346,60,-0.000238,0.000805,-0.001327,0.000428,60,-0.000874,-0.000343,-0.001804,0.000313,60,1.404316,1.506324,1.322751,0.047096,60,-178.818285,-178.713333,-178.957199,0.048658,60,-0.387158,-0.319010,-0.505121,0.043616,60,7.385752,7.485164,7.262589,0.053157,60,179.280018,179.381042,179.164734,0.051432,60,0.193226,0.291259,0.055188,0.040468,60,0.000000,8.316667,11.000000,6.000000,1.282102,60,2832.950000,3005.000000,2670.000000,76.648753,60,0.831667,1.100000,0.600000,0.128210,60,283.293949,7.592929,60,60,60,60,60,60,60,60,60,60,60,60,60,60,60,60,60,60,60,60,60,60,60,60,60,60,60,60,60,60,12.8120,12.88,12.76,27.15,29,26,26.11,6842274
2026-10-03 01:53:00,22.189390,22.244602,22.137789,0.024391,60,14.047328,14.094759,13.994049,0.025575,60,18.345948,18.406958,18.294041,0.027730,60,97.445000,97.800000,97.100000,0.294828,60,25.248296,25.269707,25.226974,0.012319,60,25.431704,25.453957,25.413902,0.011442,60,25.127150,25.152206,25.096130,0.013420,60,24.800000,24.800000,24.800000,0.000001,60,24.560814,24.579117,24.548691,0.006632,60,24.669935,24.684586,24.655228,0.006650,60,24.448754,24.465652,24.435623,0.006264,60,1000.515000,1000.600000,1000.500000,0.036008,60,1000.515000,1000.600000,1000.500000,0.036008,60,24.355000,24.400000,24.300000,0.050169,60,-0.022196,0.070887,-0.125995,0.038527,60,-0.087481,-0.036868,-0.187282,0.032349,60,-0.057971,0.018811,-0.168634,0.035688,60,-0.000633,0.000205,-0.001841,0.000390,60,-0.000235,0.000749,-0.001332,0.000407,60,-0.000935,-0.000394,-0.002002,0.000346,60,1.396709,1.499713,1.243288,0.055062,60,-178.818652,-178.714554,-178.971466,0.052532,60,-0.391410,-0.291955,-0.479645,0.048148,60,7.381224,7.492798,7.279707,0.049052,60,179.276069,179.382309,179.124100,0.059201,60,0.202047,0.318575,0.081891,0.048348,60,0.000000,8.166667,9.000000,6.000000,0.642207,60,2782.750000,2895.000000,2664.000000,49.033238,60,0.816667,0.900000,0.600000,0.064221,60,278.276093,4.860035,60,60,60,60,60,60,60,60,60,60,60,60,60,60,60,60,60,60,60,60,60,60,60,60,60,60,60,60,60,60,12.8098,12.88,12.74,27.15,29,25,26.15,6842308
2026-10-03 01:54:00,22.192035,22.243076,22.153048,0.022174,60,14.050202,14.094759,13.995575,0.024231,60,18.337657,18.422216,18.261997,0.028524,60,97.421667,98.100000,97.000000,0.328887,60,25.246471,25.269707,25.226974,0.013470,60,25.429924,25.453957,25.413902,0.010076,60,25.122388,25.136185,25.096130,0.010125,60,24.793333,24.800000,24.700000,0.025155,60,24.560862,24.579117,24.542160,0.006826,60,24.673746,24.698227,24.657181,0.008385,60,24.446985,24.465469,24.433395,0.007289,60,1000.505000,1000.600000,1000.500000,0.021978,60,1000.505000,1000.600000,1000.500000,0.021978,60,24.346667,24.400000,24.300000,0.050310,60,-0.023701,0.055795,-0.172186,0.045701,60,-0.084364,-0.030987,-0.179818,0.029401,60,-0.067004,-0.007524,-0.161110,0.035427,60,-0.000732,-0.000082,-0.001759,0.000387,60,-0.000251,0.000590,-0.001820,0.000483,60,-0.000902,-0.000331,-0.001922,0.000314,60,1.401703,1.509967,1.284442,0.053426,60,-178.833777,-178.716064,-178.957947,0.055481,60,-0.391048,-0.292383,-0.505753,0.037770,60,7.377808,7.511331,7.250407,0.049771,60,179.278444,179.408112,179.152054,0.059874,60,0.197971,0.318908,0.054671,0.047718,60,0.000000,10.833333,14.000000,8.000000,1.195566,60,2795.883333,2928.000000,2685.000000,48.795350,60,1.083333,1.400000,0.800000,0.119557,60,279.587263,4.836134,60,60,60,60,60,60,60,60,60,60,60,60,60,60,60,60,60,60,60,60,60,60,60,60,60,60,60,60,60,60,12.8122,12.87,12.77,27.21,29,25,26.16,6842342
2026-10-03 01:55:00,22.185473,22.258335,22.124056,0.025918,60,14.050380,14.110018,13.977264,0.030605,60,18.332443,18.393225,18.278782,0.028967,60,97.185000,98.100000,97.000000,0.262210,60,25.245536,25.269707,25.213623,0.014458,60,25.431571,25.453957,25.397881,0.014360,60,25.126394,25.165558,25.096130,0.014050,60,24.788333,24.800000,24.700000,0.032373,60,24.558290,24.570908,24.543594,0.006112,60,24.671733,24.688919,24.654556,0.006610,60,24.449210,24.469406,24.438309,0.006378,60,1000.500000,1000.500000,1000.500000,0.000000,60,1000.500000,1000.500000,1000.500000,0.000000,60,24.301667,24.400000,24.300000,0.012910,60,-0.024902,0.070658,-0.170586,0.044776,60,-0.099767,-0.056094,-0.176651,0.027454,60,-0.078497,-0.024786,-0.180142,0.032396,60,-0.000857,-0.000271,-0.001967,0.000354,60,-0.000263,0.000747,-0.001803,0.000473,60,-0.001067,-0.000600,-0.001888,0.000293,60,1.385404,1.512251,1.244073,0.055921,60,-178.834525,-178.741623,-178.956711,0.048859,60,-0.383022,-0.293026,-0.478886,0.041281,60,7.380557,7.482362,7.268610,0.047768,60,179.291724,179.408783,179.193588,0.050550,60,0.190879,0.357586,0.081561,0.056550,60,0.000000,10.666667,13.000000,9.000000,0.932768,60,2789.433333,2959.000000,2700.000000,45.861385,60,1.066667,1.300000,0.900000,0.093277,60,278.938966,4.543060,60,60,60,60,60,60,60,60,60,60,60,60,60,60,60,60,60,60,60,60,60,60,60,60,60,60,60,60,60,60,12.8091,12.87,12.76,27.19,29,26,26.10,6842376
2026-10-03 01:56:00,22.190076,22.244602,22.110323,0.023668,60,14.047786,14.110018,13.977264,0.027574,60,18.336843,18.406958,18.278782,0.031179,60,97.221667,97.800000,97.100000,0.217140,60,25.245269,25.283058,25.213623,0.015259,60,25.431793,25.469978,25.413902,0.012479,60,25.126750,25.165558,25.109482,0.012384,60,24.800000,24.800000,24.800000,0.000001,60,24.561642,24.577744,24.545975,0.006841,60,24.674011,24.690170,24.661972,0.006508,60,24.450541,24.464005,24.436203,0.005518,60,1000.500000,1000.500000,1000.500000,0.000000,60,1000.500000,1000.500000,1000.500000,0.000000,60,24.323333,24.600000,24.300000,0.062073,60,-0.035950,0.030184,-0.138343,0.038801,60,-0.117880,-0.058356,-0.191805,0.026154,60,-0.101678,-0.050015,-0.188994,0.029435,60,-0.001110,-0.000546,-0.002064,0.000321,60,-0.000380,0.000319,-0.001462,0.000410,60,-0.001260,-0.000624,-0.002050,0.000280,60,1.376119,1.473256,1.149134,0.060175,60,-178.816454,-178.684067,-178.931610,0.055092,60,-0.369728,-0.253002,-0.465314,0.041254,60,7.381506,7.494737,7.279707,0.047712,60,179.281350,179.408508,179.165726,0.057625,60,0.192391,0.266320,0.106429,0.041313,60,0.000000,11.450000,13.000000,10.000000,0.852215,60,2770.866667,2854.000000,2698.000000,38.735726,60,1.145000,1.300000,1.000000,0.085222,60,277.085920,3.840376,60,60,60,60,60,60,60,60,60,60,60,60,60,60,60,60,60,60,60,60,60,60,60,60,60,60,60,60,60,60,12.8102,12.87,12.77,27.18,29,26,26.13,6842409
2026-10-03 01:57:00,22.194146,22.258335,22.124056,0.028489,60,14.042801,14.094759,13.995575,0.024181,60,18.339005,18.393225,18.294041,0.024772,60,97.456667,97.800000,97.100000,0.313194,60,25.247539,25.269707,25.226974,0.012019,60,25.434374,25.453957,25.413902,0.010846,60,25.127239,25.165558,25.096130,0.014895,60,24.800000,24.800000,24.800000,0.000001,60,24.562550,24.578110,24.548264,0.006611,60,24.677294,24.692886,24.662277,0.006406,60,24.455046,24.466293,24.445602,0.005939,60,1000.500000,1000.500000,1000.500000,0.000000,60,1000.500000,1000.500000,1000.500000,0.000000,60,24.401667,24.600000,24.300000,0.104948,60,-0.040139,0.031556,-0.164869,0.039932,60,-0.120074,-0.071249,-0.193615,0.028172,60,-0.111165,-0.043154,-0.209797,0.037032,60,-0.001214,-0.000471,-0.002291,0.000404,60,-0.000424,0.000334,-0.001743,0.000422,60,-0.001284,-0.000762,-0.002070,0.000301,60,1.384772,1.510880,1.284442,0.046689,60,-178.840501,-178.739243,-178.930359,0.052842,60,-0.379480,-0.292490,-0.478886,0.044835,60,7.391759,7.491341,7.307935,0.045348,60,179.280165,179.434647,179.165726,0.058221,60,0.188467,0.357236,0.080247,0.055793,60,0.000000,9.666667,12.000000,6.000000,1.230498,60,2827.516667,3008.000000,2680.000000,72.623126,60,0.966667,1.200000,0.600000,0.123050,60,282.746020,7.195120,60,60,60,60,60,60,60,60,60,60,60,60,60,60,60,60,60,60,60,60,60,60,60,60,60,60,60,60,60,60,12.8059,12.86,12.76,27.11,29,26,26.15,6842443
2026-10-03 01:58:00,22.186491,22.244602,22.124056,0.026166,60,14.039775,14.091706,13.977264,0.024518,60,18.346329,18.406958,18.294041,0.029748,60,97.765000,97.900000,97.200000,0.171558,60,25.250522,25.269707,25.226974,0.012121,60,25.438202,25.469978,25.413902,0.011516,60,25.124302,25.152206,25.096130,0.013664,60,24.800000,24.800000,24.800000,0.000001,60,24.568788,24.584396,24.555222,0.006610,60,24.677335,24.696487,24.663559,0.007022,60,24.457771,24.474167,24.443619,0.006592,60,1000.500000,1000.500000,1000.500000,0.000000,60,1000.500000,1000.500000,1000.500000,0.000000,60,24.583333,24.600000,24.400000,0.055744,60,-0.035184,0.044133,-0.160753,0.042592,60,-0.120591,-0.054058,-0.219174,0.032569,60,-0.111172,-0.069047,-0.217764,0.033476,60,-0.001214,-0.000754,-0.002378,0.000366,60,-0.000372,0.000466,-0.001699,0.000450,60,-0.001289,-0.000578,-0.002343,0.000348,60,1.390717,1.474152,1.280429,0.049430,60,-178.843521,-178.675522,-178.969788,0.051529,60,-0.379759,-0.292704,-0.503705,0.050067,60,7.376423,7.470022,7.256575,0.048089,60,179.274668,179.408112,179.166306,0.052660,60,0.185650,0.318575,0.081561,0.052197,60,0.000000,9.466667,11.000000,7.000000,1.141908,60,2832.900000,3031.000000,2729.000000,61.256532,60,0.946667,1.100000,0.700000,0.114191,60,283.277423,6.066434,60,60,60,60,60,60,60,60,60,60,60,60,60,60,60,60,60,60,60,60,60,60,60,60,60,60,60,60,60,60,12.8110,12.87,12.76,27.22,29,25,26.12,6842477
2026-10-03 01:59:00,22.188932,22.244602,22.124056,0.025595,60,14.040716,14.108492,13.980316,0.026592,60,18.340353,18.393225,18.278782,0.026197,60,97.823333,97.900000,97.200000,0.099774,60,25.247762,25.269707,25.213623,0.014048,60,25.439760,25.469978,25.413902,0.011608,60,25.128841,25.152206,25.109482,0.011537,60,24.800000,24.800000,24.800000,0.000001,60,24.571822,24.587204,24.554977,0.006885,60,24.681436,24.694473,24.667984,0.005542,60,24.462958,24.480698,24.447861,0.007483,60,1000.500000,1000.500000,1000.500000,0.000000,60,1000.500000,1000.500000,1000.500000,0.000000,60,24.596667,24.600000,24.400000,0.025820,60,-0.037467,0.053965,-0.184992,0.042578,60,-0.127893,-0.078260,-0.210579,0.027170,60,-0.111482,-0.049351,-0.180806,0.029076,60,-0.001217,-0.000539,-0.001974,0.000318,60,-0.000396,0.000570,-0.001955,0.000450,60,-0.001367,-0.000837,-0.002251,0.000290,60,1.382252,1.499713,1.217546,0.057513,60,-178.853082,-178.712097,-179.010468,0.065198,60,-0.378416,-0.318670,-0.544927,0.042826,60,7.375866,7.517526,7.275687,0.047552,60,179.264646,179.434647,179.164551,0.057206,60,0.188036,0.291419,0.080684,0.046443,60,0.000000,9.683333,12.000000,7.000000,1.255384,60,2848.083333,3048.000000,2729.000000,78.084546,60,0.968333,1.200000,0.700000,0.125538,60,284.793297,7.736035,60,60,60,60,60,60,60,60,60,60,60,60,60,60,60,60,60,60,60,60,60,60,60,60,60,60,60,60,60,60,12.8089,12.87,12.77,27.22,29,26,26.11,6842511
2026-10-03 02:00:00,22.187228,22.244602,22.110323,0.024536,60,14.043386,14.110018,13.995575,0.026082,60,18.333817,18.393225,18.246738,0.031384,60,97.738333,97.800000,97.700000,0.049030,60,25.249765,25.269707,25.226974,0.011391,60,25.439938,25.453957,25.413902,0.009963,60,25.132135,25.152206,25.109482,0.011587,60,24.800000,24.800000,24.800000,0.000001,60,24.574964,24.592117,24.562515,0.007583,60,24.684521,24.700363,24.669327,0.007510,60,24.464006,24.482010,24.449539,0.006155,60,1000.475000,1000.500000,1000.400000,0.043667,60,1000.475000,1000.500000,1000.400000,0.043667,60,24.600000,24.600000,24.600000,0.000001,60,-0.033096,0.060368,-0.157323,0.040837,60,-0.104762,-0.057904,-0.193615,0.030609,60,-0.087471,-0.027884,-0.193863,0.033988,60,-0.000955,-0.000304,-0.002117,0.000371,60,-0.000350,0.000638,-0.001663,0.000432,60,-0.001120,-0.000619,-0.002070,0.000327,60,1.395522,1.534054,1.295064,0.055573,60,-178.832300,-178.686539,-178.996658,0.058865,60,-0.382110,-0.253002,-0.465611,0.045847,60,7.383090,7.582974,7.295824,0.054662,60,179.283614,179.409454,179.110611,0.052865,60,0.198100,0.291419,0.106776,0.042586,60,0.000000,10.783333,13.000000,7.000000,1.276803,60,2841.850000,2954.000000,2674.000000,65.096753,60,1.078333,1.300000,0.700000,0.127680,60,284.193338,6.450054,60,60,60,60,60,60,60,60,60,60,60,60,60,60,60,60,60,60,60,60,60,60,60,60,60,60,60,60,60,60,12.8117,12.87,12.76,27.25,29,25,26.12,6842544
2026-10-03 02:01:00,22.184481,22.244602,22.125582,0.026030,60,14.043463,14.094759,13.945220,0.026653,60,18.341370,18.406958,18.280308,0.029521,60,97.788333,97.900000,97.700000,0.049030,60,25.255285,25.283058,25.226974,0.013215,60,25.442430,25.469978,25.413902,0.013342,60,25.133915,25.165558,25.109482,0.011664,60,24.800000,24.800000,24.800000,0.000001,60,24.577114,24.590378,24.564316,0.006781,60,24.685753,24.701797,24.667984,0.007650,60,24.466881,24.485397,24.449844,0.007799,60,1000.423333,1000.500000,1000.400000,0.042652,60,1000.423333,1000.500000,1000.400000,0.042652,60,24.600000,24.600000,24.600000,0.000001,60,-0.026537,0.054880,-0.176074,0.039181,60,-0.102277,-0.042975,-0.189770,0.031198,60,-0.070113,0.001107,-0.161995,0.035729,60,-0.000766,0.000012,-0.001769,0.000390,60,-0.000280,0.000580,-0.001861,0.000414,60,-0.001093,-0.000459,-0.002029,0.000334,60,1.401608,1.509967,1.284844,0.052787,60,-178.841428,-178.713638,-179.010925,0.066054,60,-0.379271,-0.292168,-0.478886,0.049199,60,7.395696,7.521662,7.295824,0.047084,60,179.271315,179.368149,179.152664,0.046709,60,0.196589,0.318243,0.107123,0.045589,60,0.000000,10.166667,12.000000,7.000000,1.497644,60,2848.250000,3012.000000,2672.000000,80.086738,60,1.016667,1.200000,0.700000,0.149764,60,284.824014,7.936239,60,60,60,60,60,60,60,60,60,60,60,60,60,60,60,60,60,60,60,60,60,60,60,60,60,60,60,60,60,60,12.8090,12.87,12.76,27.14,29,25,26.14,6842578
2026-10-03 02:02:00,22.186007,22.244602,22.124056,0.028525,60,14.044302,14.110018,13.977264,0.024790,60,18.341243,18.406958,18.294041,0.024208,60,97.725000,97.800000,97.600000,0.054072,60,25.256754,25.283058,25.226974,0.014037,60,25.442474,25.469978,25.413902,0.012353,60,25.141169,25.165558,25.109482,0.014638,60,24.800000,24.800000,24.800000,0.000001,60,24.574075,24.589798,24.561142,0.006298,60,24.685785,24.701035,24.674759,0.005799,60,24.469233,24.484116,24.456924,0.006214,60,1000.400000,1000.400000,1000.400000,0.000000,60,1000.400000,1000.400000,1000.400000,0.000000,60,24.571667,24.600000,24.300000,0.073857,60,-0.036793,0.031099,-0.185220,0.042621,60,-0.113538,-0.047499,-0.190901,0.031686,60,-0.089012,-0.039835,-0.188330,0.032062,60,-0.000972,-0.000435,-0.002057,0.000350,60,-0.000389,0.000329,-0.001958,0.000450,60,-0.001214,-0.000508,-0.002041,0.000339,60,1.375702,1.509511,1.259114,0.052505,60,-178.837473,-178.675522,-178.931107,0.054050,60,-0.395128,-0.292383,-0.478886,0.038562,60,7.378678,7.494853,7.292783,0.046428,60,179.268576,179.382309,179.112274,0.053720,60,0.188633,0.319407,0.081122,0.046717,60,0.000000,9.416667,11.000000,7.000000,1.078160,60,2827.833333,3015.000000,2683.000000,68.242878,60,0.941667,1.100000,0.700000,0.107816,60,282.778331,6.760123,60,60,60,60,60,60,60,60,60,60,60,60,60,60,60,60,60,60,60,60,60,60,60,60,60,60,60,60,60,60,12.8070,12.87,12.76,27.10,29,25,26.10,6842612
2026-10-03 02:03:00,22.184074,22.244602,22.125582,0.025075,60,14.044277,14.094759,13.995575,0.026856,60,18.333918,18.393225,18.278782,0.027467,60,97.750000,97.800000,97.200000,0.087333,60,25.258445,25.296410,25.226974,0.013539,60,25.443943,25.469978,25.413902,0.011847,60,25.141748,25.165558,25.109482,0.011761,60,24.800000,24.800000,24.800000,0.000001,60,24.577541,24.592026,24.563461,0.007364,60,24.686926,24.701309,24.666580,0.007599,60,24.470062,24.489334,24.454727,0.006519,60,1000.400000,1000.400000,1000.400000,0.000000,60,1000.400000,1000.400000,1000.400000,0.000000,60,24.575000,24.600000,24.300000,0.070410,60,-0.021537,0.069057,-0.130569,0.040506,60,-0.097282,-0.032797,-0.187508,0.031736,60,-0.070187,-0.017483,-0.157569,0.032937,60,-0.000766,-0.000191,-0.001721,0.000360,60,-0.000228,0.000730,-0.001380,0.000428,60,-0.001040,-0.000351,-0.002004,0.000339,60,1.385338,1.509511,1.296277,0.052126,60,-178.833051,-178.688736,-178.955963,0.058473,60,-0.383760,-0.292704,-0.478886,0.041737,60,7.381488,7.534758,7.234386,0.058291,60,179.264440,179.434647,179.164734,0.058012,60,0.190512,0.332093,0.080684,0.055372,60,0.000000,10.650000,12.000000,8.000000,1.005493,60,2799.733333,2957.000000,2676.000000,61.019826,60,1.065000,1.200000,0.800000,0.100549,60,279.972007,6.045728,60,60,60,60,60,60,60,60,60,60,60,60,60,60,60,60,60,60,60,60,60,60,60,60,60,60,60,60,60,60,12.8082,12.89,12.76,27.23,29,25,26.12,6842646
2026-10-03 02:04:00,22.184405,22.226292,22.137789,0.020254,60,14.042064,14.110018,13.963531,0.031909,60,18.337988,18.394751,18.265049,0.025222,60,97.730000,97.800000,97.200000,0.090760,60,25.254974,25.283058,25.226974,0.012609,60,25.445946,25.469978,25.413902,0.012726,60,25.145041,25.178909,25.109482,0.013279,60,24.800000,24.800000,24.800000,0.000001,60,24.577149,24.599472,24.565201,0.006649,60,24.689667,24.708755,24.674423,0.007311,60,24.471716,24.488052,24.457016,0.006256,60,1000.400000,1000.400000,1000.400000,0.000000,60,1000.400000,1000.400000,1000.400000,0.000000,60,24.455000,24.600000,24.300000,0.098161,60,-0.026594,0.059453,-0.165326,0.042879,60,-0.110066,-0.051344,-0.208769,0.035872,60,-0.080806,-0.036294,-0.175495,0.031838,60,-0.000882,-0.000396,-0.001916,0.000348,60,-0.000281,0.000628,-0.001747,0.000453,60,-0.001177,-0.000549,-0.002232,0.000383,60,1.395403,1.496084,1.282834,0.044546,60,-178.833961,-178.739243,-178.931610,0.053012,60,-0.376083,-0.253002,-0.477374,0.049800,60,7.380740,7.486483,7.278666,0.054511,60,179.288615,179.408112,179.191711,0.057452,60,0.198903,0.331755,0.081122,0.051175,60,0.000000,10.216667,12.000000,9.000000,0.738566,60,2780.083333,2863.000000,2666.000000,42.773068,60,1.021667,1.200000,0.900000,0.073857,60,278.009778,4.239991,60,60,60,60,60,60,60,60,60,60,60,60,60,60,60,60,60,60,60,60,60,60,60,60,60,60,60,60,60,60,12.8092,12.88,12.76,27.14,29,26,26.10,6842680
2026-10-03 02:05:00,22.183744,22.244602,22.125582,0.027480,60,14.041149,14.094759,13.995575,0.027958,60,18.332164,18.376440,18.261997,0.026814,60,97.828333,97.900000,97.200000,0.099305,60,25.261383,25.283058,25.240326,0.011073,60,25.450663,25.469978,25.427254,0.012066,60,25.147978,25.192261,25.122833,0.014645,60,24.800000,24.800000,24.800000,0.000001,60,24.581812,24.593643,24.562576,0.006504,60,24.692169,24.705856,24.677139,0.006830,60,24.475467,24.486526,24.464523,0.005365,60,1000.400000,1000.400000,1000.400000,0.000000,60,1000.400000,1000.400000,1000.400000,0.000000,60,24.576667,24.600000,24.400000,0.064746,60,-0.029498,0.037959,-0.172415,0.041399,60,-0.121880,-0.039809,-0.225055,0.035601,60,-0.096662,-0.036073,-0.190543,0.032422,60,-0.001056,-0.000394,-0.002081,0.000354,60,-0.000312,0.000401,-0.001822,0.000438,60,-0.001303,-0.000426,-0.002406,0.000381,60,1.393889,1.511337,1.281230,0.048466,60,-178.826586,-178.714249,-178.998093,0.061396,60,-0.366712,-0.266777,-0.479190,0.041195,60,7.381840,7.486483,7.279709,0.048653,60,179.284255,179.408112,179.152664,0.061358,60,0.197098,0.317580,0.106198,0.042112,60,0.000000,10.350000,13.000000,9.000000,1.005493,60,2773.300000,2904.000000,2659.000000,58.905066,60,1.035000,1.300000,0.900000,0.100549,60,277.327200,5.838652,60,60,60,60,60,60,60,60,60,60,60,60,60,60,60,60,60,60,60,60,60,60,60,60,60,60,60,60,60,60,12.8060,12.86,12.76,27.12,29,25,26.10,6842713
2026-10-03 02:06:00,22.188474,22.244602,22.125582,0.024634,60,14.041276,14.128328,13.995575,0.027152,60,18.336487,18.425268,18.265049,0.027536,60,97.846667,97.900000,97.700000,0.059565,60,25.260983,25.283058,25.240326,0.010916,60,25.451464,25.483330,25.413902,0.013016,60,25.148335,25.178909,25.122833,0.013646,60,24.800000,24.800000,24.800000,0.000001,60,24.580780,24.596634,24.565750,0.007033,60,24.690891,24.707809,24.677872,0.007215,60,24.475852,24.489487,24.465225,0.005779,60,1000.400000,1000.400000,1000.400000,0.000000,60,1000.400000,1000.400000,1000.400000,0.000000,60,24.573333,24.600000,24.400000,0.068561,60,-0.016422,0.077061,-0.137200,0.045250,60,-0.085280,-0.015607,-0.200174,0.033332,60,-0.057034,0.007303,-0.155356,0.034474,60,-0.000623,0.000080,-0.001696,0.000376,60,-0.000174,0.000815,-0.001450,0.000478,60,-0.000912,-0.000167,-0.002140,0.000356,60,1.392933,1.509511,1.279628,0.052175,60,-178.834583,-178.716980,-178.996902,0.053562,60,-0.373999,-0.226828,-0.466800,0.044964,60,7.383365,7.515460,7.272629,0.051587,60,179.284219,179.408386,179.164734,0.050430,60,0.184999,0.320241,0.081891,0.049020,60,0.000000,10.100000,11.000000,9.000000,0.681474,60,2766.533333,2847.000000,2656.000000,46.850091,60,1.010000,1.100000,0.900000,0.068147,60,276.656606,4.644359,60,60,60,60,60,60,60,60,60,60,60,60,60,60,60,60,60,60,60,60,60,60,60,60,60,60,60,60,60,60,12.8084,12.86,12.77,27.20,29,25,26.10,6842747
2026-10-03 02:07:00,22.183540,22.244602,22.110323,0.023972,60,14.044938,14.128328,13.995575,0.027442,60,18.342489,18.406958,18.278782,0.027184,60,97.771667,97.800000,97.700000,0.045442,60,25.261784,25.283058,25.240326,0.011479,60,25.451820,25.483330,25.427254,0.013300,60,25.151405,25.178909,25.122833,0.015084,60,24.800000,24.800000,24.800000,0.000001,60,24.580231,24.594467,24.568130,0.005856,60,24.690247,24.709366,24.676956,0.005954,60,24.478240,24.492905,24.461929,0.007006,60,1000.400000,1000.400000,1000.400000,0.000000,60,1000.400000,1000.400000,1000.400000,0.000000,60,24.440000,24.600000,24.400000,0.080675,60,-0.019963,0.069743,-0.137429,0.040281,60,-0.085623,-0.014476,-0.183889,0.034701,60,-0.061641,-0.008410,-0.161331,0.033631,60,-0.000673,-0.000092,-0.001762,0.000367,60,-0.000211,0.000737,-0.001453,0.000426,60,-0.000915,-0.000155,-0.001966,0.000371,60,1.383024,1.497443,1.282433,0.046694,60,-178.838959,-178.685623,-178.957947,0.062467,60,-0.387926,-0.319010,-0.532480,0.048276,60,7.374789,7.501654,7.266603,0.051229,60,179.287941,179.449387,179.165527,0.065021,60,0.190925,0.291738,0.107122,0.048507,60,0.000000,10.316667,12.000000,8.000000,1.016669,60,2745.166667,2897.000000,2641.000000,57.964386,60,1.031667,1.200000,0.800000,0.101667,60,274.512295,5.744003,60,60,60,60,60,60,60,60,60,60,60,60,60,60,60,60,60,60,60,60,60,60,60,60,60,60,60,60,60,60,12.8080,12.86,12.76,27.17,29,25,26.10,6842781
2026-10-03 02:08:00,22.183668,22.244602,22.125582,0.026067,60,14.042725,14.094759,13.995575,0.024330,60,18.333028,18.376440,18.265049,0.025179,60,97.740000,98.200000,97.100000,0.223379,60,25.262896,25.283058,25.240326,0.012550,60,25.451553,25.483330,25.413902,0.013362,60,25.151895,25.178909,25.109482,0.014444,60,24.748333,24.800000,24.700000,0.050394,60,24.579172,24.591751,24.565689,0.006381,60,24.691799,24.704880,24.674759,0.005977,60,24.476233,24.492844,24.457260,0.007065,60,1000.400000,1000.400000,1000.400000,0.000000,60,1000.400000,1000.400000,1000.400000,0.000000,60,24.366667,24.400000,24.300000,0.047538,60,-0.030268,0.056938,-0.154579,0.040535,60,-0.072624,0.010405,-0.170770,0.038199,60,-0.055787,0.022352,-0.131676,0.033109,60,-0.000609,0.000244,-0.001438,0.000362,60,-0.000320,0.000602,-0.001634,0.000428,60,-0.000776,0.000111,-0.001826,0.000408,60,1.384858,1.511337,1.284442,0.053283,60,-178.834552,-178.689667,-178.932114,0.051030,60,-0.375483,-0.292811,-0.439344,0.035168,60,7.394021,7.596063,7.299870,0.055294,60,179.270062,179.381607,179.085999,0.059918,60,0.191528,0.330740,0.120168,0.051458,60,0.000000,10.883333,14.000000,6.000000,1.737831,60,2729.016667,2884.000000,2570.000000,85.099242,60,1.088333,1.400000,0.600000,0.173783,60,272.909165,8.433609,60,60,60,60,60,60,60,60,60,60,60,60,60,60,60,60,60,60,60,60,60,60,60,60,60,60,60,60,60,60,12.8081,12.89,12.76,27.29,29,25,26.11,6842815
2026-10-03 02:09:00,22.186516,22.256809,22.125582,0.027771,60,14.046743,14.110018,14.012360,0.023055,60,18.334732,18.408484,18.280308,0.028362,60,97.581667,98.100000,97.100000,0.158907,60,25.262051,25.283058,25.240326,0.012189,60,25.448438,25.469978,25.427254,0.011581,60,25.154298,25.178909,25.122833,0.012370,60,24.701667,24.800000,24.700000,0.012910,60,24.578317,24.597916,24.561356,0.006903,60,24.692966,24.706131,24.673874,0.007644,60,24.477604,24.493301,24.451920,0.008490,60,1000.400000,1000.400000,1000.400000,0.000000,60,1000.400000,1000.400000,1000.400000,0.000000,60,24.306667,24.400000,24.300000,0.025155,60,-0.048355,0.011891,-0.171729,0.038955,60,-0.108471,-0.059034,-0.198365,0.030907,60,-0.092730,-0.027884,-0.194305,0.031151,60,-0.001013,-0.000304,-0.002122,0.000340,60,-0.000511,0.000126,-0.001815,0.000412,60,-0.001160,-0.000631,-0.002121,0.000330,60,1.381278,1.469677,1.255948,0.049483,60,-178.848090,-178.684998,-178.971710,0.063195,60,-0.386026,-0.265667,-0.465166,0.046356,60,7.385069,7.511331,7.260583,0.046921,60,179.272857,179.380463,179.164734,0.056795,60,0.174534,0.290941,0.041500,0.045809,60,0.000000,7.650000,10.000000,5.000000,1.054852,60,2556.833333,2832.000000,2354.000000,98.824303,60,0.765000,1.000000,0.500000,0.105485,60,255.650478,9.774811,60,60,60,60,60,60,60,60,60,60,60,60,60,60,60,60,60,60,60,60,60,60,60,60,60,60,60,60,60,60,12.8072,12.87,12.76,27.18,29,26,26.08,6842850
2026-10-03 02:10:00,22.182218,22.244602,22.125582,0.021435,60,14.040640,14.077973,13.995575,0.023592,60,18.333257,18.394751,18.265049,0.026304,60,97.583333,97.700000,97.200000,0.178664,60,25.263342,25.283058,25.240326,0.012304,60,25.452399,25.483330,25.427254,0.014012,60,25.151450,25.178909,25.109482,0.014921,60,24.716667,24.800000,24.700000,0.037582,60,24.579853,24.593277,24.564560,0.006138,60,24.696824,24.714157,24.682327,0.007767,60,24.479428,24.489487,24.467209,0.005442,60,1000.461667,1000.500000,1000.400000,0.049030,60,1000.461667,1000.500000,1000.400000,0.049030,60,24.350000,24.400000,24.300000,0.050422,60,-0.029125,0.104729,-0.120736,0.041488,60,-0.081167,-0.014250,-0.174389,0.030413,60,-0.060612,-0.018811,-0.154471,0.031610,60,-0.000662,-0.000205,-0.001687,0.000345,60,-0.000308,0.001107,-0.001276,0.000439,60,-0.000868,-0.000152,-0.001864,0.000325,60,1.383041,1.508600,1.189487,0.061788,60,-178.829809,-178.686234,-178.957443,0.063346,60,-0.371624,-0.266676,-0.439487,0.044565,60,7.384070,7.511331,7.269667,0.052947,60,179.274757,179.381897,179.123489,0.061045,60,0.188122,0.290622,0.107354,0.039909,60,0.000000,6.466667,8.000000,5.000000,0.747123,60,2394.416667,2586.000000,2286.000000,73.736887,60,0.646667,0.800000,0.500000,0.074712,60,239.421007,7.302749,60,60,60,60,60,60,60,60,60,60,60,60,60,60,60,60,60,60,60,60,60,60,60,60,60,60,60,60,60,60,12.8051,12.87,12.74,27.10,29,26,26.08,6842884
2026-10-03 02:11:00,22.180107,22.258335,22.125582,0.023973,60,14.043742,14.110018,13.995575,0.026217,60,18.342413,18.394751,18.278782,0.023834,60,97.586667,97.700000,97.100000,0.124147,60,25.264010,25.296410,25.213623,0.012463,60,25.454980,25.483330,25.427254,0.011604,60,25.156301,25.192261,25.122833,0.015535,60,24.706667,24.800000,24.700000,0.025155,60,24.578547,24.592911,24.562881,0.006482,60,24.697592,24.712021,24.686356,0.006539,60,24.477816,24.499954,24.462112,0.007896,60,1000.500000,1000.500000,1000.500000,0.000000,60,1000.500000,1000.500000,1000.500000,0.000000,60,24.316667,24.400000,24.300000,0.037582,60,-0.012234,0.071344,-0.109303,0.041900,60,-0.061179,0.003845,-0.141818,0.029245,60,-0.035601,0.003762,-0.111980,0.026546,60,-0.000389,0.000041,-0.001223,0.000290,60,-0.000129,0.000754,-0.001155,0.000443,60,-0.000654,0.000041,-0.001516,0.000313,60,1.384576,1.472807,1.257925,0.053374,60,-178.847742,-178.716064,-178.958191,0.056288,60,-0.379175,-0.292383,-0.466801,0.044671,60,7.376714,7.544362,7.252414,0.053263,60,179.285244,179.409195,179.152054,0.063777,60,0.185300,0.318908,0.080684,0.049564,60,0.000000,7.166667,9.000000,6.000000,0.717025,60,2326.500000,2400.000000,2155.000000,47.451492,60,0.716667,0.900000,0.600000,0.071702,60,232.656455,4.700647,60,60,60,60,60,60,60,60,60,60,60,60,60,60,60,60,60,60,60,60,60,60,60,60,60,60,60,60,60,60,12.8065,12.87,12.76,27.16,29,26,26.10,6842918
2026-10-03 02:12:00,22.177386,22.226292,22.137789,0.021889,60,14.045345,14.094759,13.980316,0.026242,60,18.333562,18.394751,18.261997,0.029050,60,97.595000,97.600000,97.500000,0.021978,60,25.259335,25.283058,25.240326,0.012861,60,25.457918,25.483330,25.427254,0.012664,60,25.153230,25.178909,25.122833,0.014326,60,24.700000,24.700000,24.700000,0.000000,60,24.574692,24.589767,24.559952,0.005995,60,24.696242,24.706009,24.679062,0.006413,60,24.474332,24.489059,24.462448,0.006416,60,1000.500000,1000.500000,1000.500000,0.000000,60,1000.500000,1000.500000,1000.500000,0.000000,60,24.300000,24.300000,24.300000,0.000001,60,-0.006612,0.079805,-0.125767,0.041934,60,-0.056758,-0.012214,-0.149509,0.029852,60,-0.029699,0.023458,-0.130570,0.035886,60,-0.000324,0.000256,-0.001426,0.000392,60,-0.000070,0.000844,-0.001329,0.000443,60,-0.000607,-0.000131,-0.001598,0.000319,60,1.389591,1.496084,1.281631,0.048305,60,-178.833364,-178.713333,-178.970993,0.056262,60,-0.375603,-0.265667,-0.465611,0.044165,60,7.379463,7.515460,7.246396,0.055104,60,179.273476,179.409454,179.084717,0.061518,60,0.182856,0.290941,0.106775,0.047343,60,0.000000,6.516667,8.000000,5.000000,0.747689,60,2232.583333,2322.000000,2156.000000,46.302722,60,0.651667,0.800000,0.500000,0.074769,60,223.256897,4.590706,60,60,60,60,60,60,60,60,60,60,60,60,60,60,60,60,60,60,60,60,60,60,60,60,60,60,60,60,60,60,12.8045,12.87,12.76,27.14,29,25,26.07,6842952
2026-10-03 02:13:00,22.182091,22.244602,22.125582,0.025411,60,14.033621,14.094759,13.963531,0.027284,60,18.336665,18.406958,18.261997,0.027150,60,97.600000,97.600000,97.600000,0.000000,60,25.257822,25.283058,25.240326,0.010934,60,25.458941,25.483330,25.427254,0.013700,60,25.147845,25.178909,25.122833,0.013544,60,24.700000,24.700000,24.700000,0.000000,60,24.571083,24.588791,24.554123,0.007522,60,24.696104,24.714493,24.683884,0.007198,60,24.471850,24.484268,24.460556,0.006094,60,1000.500000,1000.500000,1000.500000,0.000000,60,1000.500000,1000.500000,1000.500000,0.000000,60,24.300000,24.300000,24.300000,0.000001,60,-0.015260,0.058996,-0.125995,0.036748,60,-0.060753,-0.021035,-0.192710,0.030159,60,-0.033332,0.015049,-0.133447,0.035142,60,-0.000364,0.000164,-0.001457,0.000384,60,-0.000161,0.000624,-0.001332,0.000388,60,-0.000649,-0.000225,-0.002060,0.000322,60,1.385684,1.560874,1.281230,0.055756,60,-178.827107,-178.684998,-178.959152,0.053678,60,-0.380198,-0.292168,-0.505121,0.046350,60,7.381718,7.501655,7.279709,0.048533,60,179.279956,179.407700,179.111862,0.060534,60,0.189154,0.290940,0.106776,0.045390,60,0.000000,6.483333,9.000000,4.000000,1.096863,60,2223.283333,2324.000000,2100.000000,57.028417,60,0.648333,0.900000,0.400000,0.109686,60,222.327833,5.653056,60,60,60,60,60,60,60,60,60,60,60,60,60,60,60,60,60,60,60,60,60,60,60,60,60,60,60,60,60,60,12.8048,12.87,12.76,27.14,29,25,26.08,6842986
2026-10-03 02:14:00,22.183083,22.258335,22.124056,0.029244,60,14.038783,14.110018,13.980316,0.028501,60,18.330332,18.393225,18.280308,0.024629,60,97.600000,97.600000,97.600000,0.000000,60,25.252213,25.283058,25.213623,0.014624,60,25.455692,25.483330,25.413902,0.013525,60,25.147311,25.178909,25.122833,0.013898,60,24.700000,24.700000,24.700000,0.000000,60,24.564870,24.589371,24.546982,0.007008,60,24.695951,24.715530,24.681076,0.007133,60,24.467360,24.485947,24.456802,0.006403,60,1000.500000,1000.500000,1000.500000,0.000000,60,1000.500000,1000.500000,1000.500000,0.000000,60,24.300000,24.300000,24.300000,0.000001,60,-0.004627,0.084149,-0.101757,0.042677,60,-0.041547,0.013571,-0.136164,0.030076,60,-0.019637,0.031425,-0.115521,0.030942,60,-0.000214,0.000343,-0.001261,0.000338,60,-0.000049,0.000889,-0.001076,0.000451,60,-0.000444,0.000145,-0.001456,0.000322,60,1.383170,1.511337,1.257529,0.061948,60,-178.835556,-178.714249,-178.958664,0.055309,60,-0.390675,-0.292704,-0.506702,0.052470,60,7.375978,7.472076,7.232169,0.053205,60,179.277400,179.409058,179.126968,0.061030,60,0.186844,0.290463,0.081342,0.041721,60,0.000000,6.650000,9.000000,5.000000,1.259876,60,2096.450000,2264.000000,1896.000000,95.125684,60,0.665000,0.900000,0.500000,0.125988,60,209.645396,9.428609,60,60,60,60,60,60,60,60,60,60,60,60,60,60,60,60,60,60,60,60,60,60,60,60,60,60,60,60,60,60,12.8072,12.86,12.74,27.23,29,25,26.08,6843019
2026-10-03 02:15:00,22.180260,22.215611,22.093538,0.024762,60,14.041199,14.094759,13.977264,0.025578,60,18.333384,18.379492,18.280308,0.024250,60,97.600000,97.600000,97.600000,0.000000,60,25.248163,25.283058,25.213623,0.014669,60,25.454268,25.483330,25.427254,0.011718,60,25.145575,25.178909,25.109482,0.014202,60,24.700000,24.700000,24.700000,0.000000,60,24.560472,24.574539,24.544083,0.006599,60,24.695589,24.719681,24.674423,0.008228,60,24.464017,24.479507,24.450760,0.005955,60,1000.500000,1000.500000,1000.500000,0.000000,60,1000.500000,1000.500000,1000.500000,0.000000,60,24.300000,24.300000,24.300000,0.000001,60,-0.021380,0.062426,-0.145889,0.038138,60,-0.055039,-0.005202,-0.152675,0.030089,60,-0.025406,0.014827,-0.116406,0.029447,60,-0.000277,0.000162,-0.001271,0.000322,60,-0.000226,0.000660,-0.001542,0.000403,60,-0.000588,-0.000056,-0.001632,0.000322,60,1.393299,1.578532,1.296277,0.046173,60,-178.837570,-178.645920,-178.958664,0.056302,60,-0.383675,-0.293348,-0.466057,0.037152,60,7.387305,7.522346,7.203052,0.056450,60,179.282815,179.435303,179.154221,0.055334,60,0.188921,0.318908,0.080247,0.047289,60,0.000000,6.000000,8.000000,5.000000,0.759125,60,2055.250000,2170.000000,1943.000000,55.027458,60,0.600000,0.800000,0.500000,0.075913,60,205.526028,5.454013,60,60,60,60,60,60,60,60,60,60,60,60,60,60,60,60,60,60,60,60,60,60,60,60,60,60,60,60,60,60,12.8042,12.86,12.74,27.14,29,25,26.09,6843053
2026-10-03 02:16:00,22.187660,22.229343,22.125582,0.022978,60,14.039190,14.094759,13.980316,0.026617,60,18.329112,18.394751,18.278782,0.025587,60,97.600000,97.600000,97.600000,0.000000,60,25.244156,25.269707,25.213623,0.012883,60,25.454936,25.483330,25.440605,0.009734,60,25.143751,25.178909,25.096130,0.015963,60,24.700000,24.700000,24.700000,0.000000,60,24.557974,24.573227,24.546677,0.006056,60,24.695470,24.708603,24.682907,0.006696,60,24.462868,24.483322,24.443375,0.007584,60,1000.500000,1000.500000,1000.500000,0.000000,60,1000.500000,1000.500000,1000.500000,0.000000,60,24.300000,24.300000,24.300000,0.000001,60,-0.017905,0.064713,-0.120507,0.042979,60,-0.072206,-0.013345,-0.149735,0.024746,60,-0.038522,0.017262,-0.124152,0.028901,60,-0.000421,0.000188,-0.001356,0.000316,60,-0.000189,0.000684,-0.001274,0.000454,60,-0.000772,-0.000143,-0.001601,0.000265,60,1.401928,1.512251,1.295872,0.046763,60,-178.834337,-178.711197,-178.960144,0.056596,60,-0.370222,-0.213192,-0.505911,0.050640,60,7.384072,7.532016,7.275687,0.048835,60,179.284402,179.436966,179.150467,0.058696,60,0.181440,0.291738,0.081013,0.041049,60,0.000000,4.916667,6.000000,4.000000,0.423531,60,2061.833333,2234.000000,1874.000000,93.030916,60,0.491667,0.600000,0.400000,0.042353,60,206.189657,9.220796,60,60,60,60,60,60,60,60,60,60,60,60,60,60,60,60,60,60,60,60,60,60,60,60,60,60,60,60,60,60,12.8028,12.86,12.76,27.06,29,25,26.08,6843087
2026-10-03 02:17:00,22.181887,22.229343,22.137789,0.023276,60,14.035604,14.077973,13.980316,0.023608,60,18.336258,18.406958,18.278782,0.026164,60,97.600000,97.600000,97.600000,0.000000,60,25.240596,25.269707,25.213623,0.014190,60,25.455336,25.483330,25.427254,0.013576,60,25.139300,25.165558,25.109482,0.012622,60,24.700000,24.700000,24.700000,0.000000,60,24.553430,24.565475,24.538193,0.005765,60,24.694352,24.706589,24.677383,0.006186,60,24.457286,24.473190,24.441757,0.006620,60,1000.500000,1000.500000,1000.500000,0.000000,60,1000.500000,1000.500000,1000.500000,0.000000,60,24.300000,24.300000,24.300000,0.000001,60,-0.010416,0.052365,-0.133541,0.040930,60,-0.052826,-0.015381,-0.123045,0.022861,60,-0.033974,0.010623,-0.121054,0.031323,60,-0.000371,0.000116,-0.001322,0.000342,60,-0.000110,0.000553,-0.001412,0.000433,60,-0.000565,-0.000164,-0.001315,0.000244,60,1.394524,1.498805,1.285650,0.045632,60,-178.836382,-178.686234,-179.065598,0.067090,60,-0.375320,-0.265465,-0.465611,0.045420,60,7.381096,7.524413,7.262588,0.051934,60,179.288240,179.434006,179.163971,0.060426,60,0.192872,0.266166,0.107354,0.046332,60,0.000000,4.766667,6.000000,4.000000,0.563484,60,2098.783333,2197.000000,1968.000000,48.121700,60,0.476667,0.600000,0.400000,0.056348,60,209.880546,4.769129,60,60,60,60,60,60,60,60,60,60,60,60,60,60,60,60,60,60,60,60,60,60,60,60,60,60,60,60,60,60,12.8065,12.87,12.76,27.16,29,26,26.09,6843121
2026-10-03 02:18:00,22.176903,22.243076,22.093538,0.027201,60,14.039673,14.094759,13.980316,0.029309,60,18.341751,18.379492,18.278782,0.027507,60,97.600000,97.600000,97.600000,0.000000,60,25.235387,25.269707,25.213623,0.012063,60,25.455959,25.483330,25.427254,0.012684,60,25.134226,25.165558,25.109482,0.011654,60,24.700000,24.700000,24.700000,0.000000,60,24.551466,24.565140,24.537155,0.006545,60,24.693552,24.708511,24.682663,0.006680,60,24.457224,24.471664,24.436172,0.006884,60,1000.500000,1000.500000,1000.500000,0.000000,60,1000.500000,1000.500000,1000.500000,0.000000,60,24.300000,24.300000,24.300000,0.000001,60,-0.021091,0.058996,-0.125995,0.036671,60,-0.062740,-0.023523,-0.166247,0.027489,60,-0.033856,0.003983,-0.122603,0.029978,60,-0.000370,0.000043,-0.001339,0.000327,60,-0.000223,0.000624,-0.001332,0.000388,60,-0.000671,-0.000251,-0.001777,0.000294,60,1.391986,1.576641,1.282433,0.056572,60,-178.843106,-178.740723,-179.009766,0.054796,60,-0.376194,-0.253002,-0.467099,0.049181,60,7.394238,7.548504,7.273679,0.053988,60,179.286051,179.369308,179.150665,0.052840,60,0.186293,0.264632,0.082001,0.045475,60,0.000000,3.600000,5.000000,3.000000,0.616166,60,2010.766667,2164.000000,1848.000000,91.792021,60,0.360000,0.500000,0.300000,0.061617,60,201.069167,9.101098,60,60,60,60,60,60,60,60,60,60,60,60,60,60,60,60,60,60,60,60,60,60,60,60,60,60,60,60,60,60,12.8045,12.87,12.76,27.23,29,26,26.06,6843155
2026-10-03 02:19:00,22.180565,22.244602,22.124056,0.025577,60,14.037283,14.110018,13.963531,0.028605,60,18.331070,18.406958,18.278782,0.030620,60,97.656667,98.200000,97.100000,0.219681,60,25.231826,25.256355,25.200272,0.011325,60,25.457339,25.483330,25.427254,0.012485,60,25.130755,25.165558,25.109482,0.013283,60,24.703333,24.800000,24.700000,0.018102,60,24.546723,24.567978,24.529007,0.007841,60,24.696152,24.709854,24.678360,0.006549,60,24.453555,24.474411,24.437057,0.007999,60,1000.500000,1000.500000,1000.500000,0.000000,60,1000.500000,1000.500000,1000.500000,0.000000,60,24.315000,24.400000,24.300000,0.036008,60,-0.015698,0.065399,-0.125995,0.035324,60,-0.052049,-0.015154,-0.147473,0.030145,60,-0.018376,0.035851,-0.103792,0.030950,60,-0.000201,0.000391,-0.001133,0.000338,60,-0.000166,0.000691,-0.001332,0.000373,60,-0.000556,-0.000162,-0.001576,0.000322,60,1.386729,1.510880,1.280429,0.047301,60,-178.839090,-178.647537,-178.970749,0.062723,60,-0.381658,-0.292490,-0.466801,0.040633,60,7.372549,7.489279,7.275687,0.048511,60,179.273979,179.408783,179.125122,0.052873,60,0.190608,0.291898,0.106776,0.043286,60,0.000000,3.116667,4.000000,2.000000,0.454420,60,1991.066667,2154.000000,1812.000000,89.170541,60,0.311667,0.400000,0.200000,0.045442,60,199.098237,8.837515,60,60,60,60,60,60,60,60,60,60,60,60,60,60,60,60,60,60,60,60,60,60,60,60,60,60,60,60,60,60,12.8045,12.86,12.76,27.17,29,25,26.06,6843188
2026-10-03 02:20:00,22.175555,22.256809,22.124056,0.028235,60,14.036469,14.094759,13.980316,0.023182,60,18.331324,18.376440,18.278782,0.022031,60,97.735000,98.200000,97.100000,0.302994,60,25.228444,25.256355,25.200272,0.011764,60,25.454224,25.483330,25.427254,0.012512,60,25.127729,25.152206,25.096130,0.012670,60,24.705000,24.800000,24.700000,0.021978,60,24.543265,24.554825,24.529495,0.006041,60,24.694891,24.707474,24.682114,0.006051,60,24.451408,24.471298,24.440567,0.006615,60,1000.500000,1000.500000,1000.500000,0.000000,60,1000.500000,1000.500000,1000.500000,0.000000,60,24.326667,24.400000,24.300000,0.044595,60,-0.013697,0.051907,-0.116849,0.036586,60,-0.054835,-0.011309,-0.135711,0.027686,60,-0.025874,0.043376,-0.104898,0.031050,60,-0.000283,0.000474,-0.001145,0.000339,60,-0.000145,0.000549,-0.001235,0.000387,60,-0.000586,-0.000121,-0.001451,0.000296,60,1.389149,1.495179,1.282834,0.047948,60,-178.848484,-178.741333,-178.999252,0.054427,60,-0.370873,-0.292168,-0.505753,0.043015,60,7.388266,7.505786,7.273679,0.054881,60,179.273036,179.408386,179.151260,0.055219,60,0.186705,0.318908,0.107354,0.049603,60,0.000000,3.650000,4.000000,3.000000,0.480995,60,2047.100000,2217.000000,1971.000000,60.199583,60,0.365000,0.400000,0.300000,0.048099,60,204.697727,5.964216,60,60,60,60,60,60,60,60,60,60,60,60,60,60,60,60,60,60,60,60,60,60,60,60,60,60,60,60,60,60,12.8032,12.86,12.76,27.21,29,25,26.06,6843222
2026-10-03 02:21:00,22.184939,22.226292,22.124056,0.021783,60,14.044226,14.094759,13.980316,0.027357,60,18.330739,18.393225,18.265049,0.028015,60,97.630000,98.200000,97.000000,0.255316,60,25.226396,25.256355,25.200272,0.011072,60,25.456093,25.483330,25.413902,0.015662,60,25.127773,25.152206,25.109482,0.012270,60,24.708333,24.800000,24.700000,0.027872,60,24.538548,24.556686,24.519882,0.007141,60,24.692656,24.704727,24.675003,0.006453,60,24.448095,24.466537,24.431503,0.007488,60,1000.500000,1000.500000,1000.500000,0.000000,60,1000.500000,1000.500000,1000.500000,0.000000,60,24.315000,24.400000,24.300000,0.036008,60,-0.018594,0.057167,-0.141545,0.041021,60,-0.060184,-0.012893,-0.157651,0.029582,60,-0.028633,0.028548,-0.123267,0.033028,60,-0.000313,0.000312,-0.001346,0.000361,60,-0.000197,0.000604,-0.001496,0.000434,60,-0.000643,-0.000138,-0.001685,0.000316,60,1.388883,1.578059,1.295064,0.051604,60,-178.833918,-178.739838,-178.929092,0.049743,60,-0.387188,-0.265868,-0.504491,0.048135,60,7.375357,7.521662,7.262588,0.048696,60,179.285263,179.408508,179.153641,0.055725,60,0.187988,0.318576,0.081013,0.056228,60,0.000000,2.850000,4.000000,2.000000,0.404425,60,2221.766667,2449.000000,2059.000000,78.174157,60,0.285000,0.400000,0.200000,0.040442,60,222.176676,7.741737,60,60,60,60,60,60,60,60,60,60,60,60,60,60,60,60,60,60,60,60,60,60,60,60,60,60,60,60,60,60,12.8018,12.86,12.74,27.17,29,26,26.08,6843256
2026-10-03 02:22:00,22.176903,22.226292,22.121004,0.023832,60,14.043844,14.128328,13.980316,0.031139,60,18.331858,18.393225,18.278782,0.025555,60,97.628333,98.200000,97.000000,0.360833,60,25.222524,25.240326,25.200272,0.009088,60,25.454313,25.469978,25.427254,0.010236,60,25.125058,25.152206,25.096130,0.013184,60,24.723333,24.800000,24.700000,0.042652,60,24.532232,24.555557,24.516769,0.006668,60,24.694867,24.708664,24.680191,0.006538,60,24.444487,24.459854,24.429092,0.007049,60,1000.463333,1000.500000,1000.400000,0.048596,60,1000.463333,1000.500000,1000.400000,0.048596,60,24.333333,24.400000,24.300000,0.047538,60,-0.019856,0.088723,-0.109531,0.035124,60,-0.063328,-0.023071,-0.132997,0.025368,60,-0.025384,0.022794,-0.118177,0.032411,60,-0.000277,0.000249,-0.001290,0.000354,60,-0.000210,0.000938,-0.001158,0.000371,60,-0.000677,-0.000247,-0.001422,0.000271,60,1.397674,1.510880,1.252794,0.046534,60,-178.840699,-178.687180,-178.970993,0.056209,60,-0.379786,-0.292490,-0.478432,0.041519,60,7.380213,7.456158,7.281718,0.044259,60,179.278390,179.448746,179.124725,0.070386,60,0.194045,0.292537,0.107007,0.049033,60,0.000000,3.566667,5.000000,2.000000,0.647464,60,2256.216667,2567.000000,2126.000000,122.652616,60,0.356667,0.500000,0.200000,0.064746,60,225.520246,12.137770,60,60,60,60,60,60,60,60,60,60,60,60,60,60,60,60,60,60,60,60,60,60,60,60,60,60,60,60,60,60,12.8030,12.87,12.76,27.21,29,25,26.06,6843290
2026-10-03 02:23:00,22.182650,22.243076,22.124056,0.022386,60,14.034994,14.077973,13.980316,0.027843,60,18.332164,18.393225,18.278782,0.022832,60,97.591667,98.200000,97.000000,0.406011,60,25.214024,25.256355,25.184250,0.013108,60,25.453690,25.483330,25.413902,0.014966,60,25.117270,25.152206,25.080109,0.012614,60,24.770000,24.800000,24.700000,0.046212,60,24.528461,24.541977,24.514511,0.006214,60,24.693354,24.706436,24.675186,0.005774,60,24.442379,24.459030,24.427872,0.006821,60,1000.416667,1000.500000,1000.400000,0.037582,60,1000.416667,1000.500000,1000.400000,0.037582,60,24.358333,24.400000,24.300000,0.049717,60,-0.015892,0.066085,-0.115248,0.040081,60,-0.059498,-0.014476,-0.130735,0.026202,60,-0.025247,0.023458,-0.117734,0.031323,60,-0.000276,0.000256,-0.001286,0.000342,60,-0.000168,0.000699,-0.001218,0.000424,60,-0.000636,-0.000155,-0.001398,0.000280,60,1.397443,1.561342,1.242505,0.059603,60,-178.849230,-178.713638,-178.931610,0.047376,60,-0.386495,-0.266171,-0.479341,0.045037,60,7.379178,7.478243,7.252414,0.053424,60,179.290714,179.381607,179.150467,0.053407,60,0.184004,0.266166,0.080138,0.045078,60,0.000000,4.000000,4.000000,4.000000,0.000000,60,2219.100000,2282.000000,2153.000000,27.621964,60,0.400000,0.400000,0.400000,0.000000,60,221.910002,2.738658,60,60,60,60,60,60,60,60,60,60,60,60,60,60,60,60,60,60,60,60,60,60,60,60,60,60,60,60,60,60,12.8038,12.86,12.76,27.06,29,25,26.06,6843323
2026-10-03 02:24:00,22.183973,22.243076,22.107271,0.026679,60,14.033290,14.077973,13.945220,0.023623,60,18.331095,18.376440,18.278782,0.023283,60,97.830000,98.200000,97.000000,0.295331,60,25.213712,25.240326,25.170898,0.013455,60,25.453245,25.496681,25.427254,0.013641,60,25.118294,25.152206,25.096130,0.012842,60,24.745000,24.800000,24.700000,0.050169,60,24.523391,24.535873,24.504623,0.006167,60,24.695447,24.707138,24.680283,0.006517,60,24.438928,24.453812,24.417404,0.007855,60,1000.401667,1000.500000,1000.400000,0.012910,60,1000.401667,1000.500000,1000.400000,0.012910,60,24.371667,24.400000,24.300000,0.045442,60,-0.013667,0.061283,-0.133770,0.041410,60,-0.056445,-0.019226,-0.151092,0.029213,60,-0.025487,0.013942,-0.109103,0.028038,60,-0.000278,0.000152,-0.001191,0.000306,60,-0.000144,0.000648,-0.001414,0.000438,60,-0.000603,-0.000206,-0.001615,0.000312,60,1.396866,1.508600,1.282433,0.053885,60,-178.854530,-178.713333,-178.997375,0.055733,60,-0.382026,-0.292704,-0.465908,0.039758,60,7.395573,7.485163,7.250407,0.047761,60,179.277191,179.381042,179.165131,0.048931,60,0.178911,0.318077,0.081013,0.047780,60,0.000000,4.000000,4.000000,4.000000,0.000000,60,2176.150000,2246.000000,2065.000000,49.836963,60,0.400000,0.400000,0.400000,0.000000,60,217.617293,4.940611,60,60,60,60,60,60,60,60,60,60,60,60,60,60,60,60,60,60,60,60,60,60,60,60,60,60,60,60,60,60,12.8023,12.87,12.76,27.22,29,26,26.08,6843357
2026-10-03 02:25:00,22.181251,22.243076,22.134737,0.021652,60,14.043081,14.110018,13.995575,0.028750,60,18.334783,18.393225,18.260471,0.027958,60,97.708333,98.100000,97.400000,0.299882,60,25.209796,25.240326,25.184250,0.013476,60,25.453111,25.483330,25.413902,0.015053,60,25.114110,25.136185,25.066757,0.012894,60,24.703333,24.800000,24.700000,0.018102,60,24.521400,24.538254,24.507095,0.006846,60,24.695632,24.712143,24.682449,0.007367,60,24.435130,24.453842,24.418808,0.007159,60,1000.400000,1000.400000,1000.400000,0.000000,60,1000.400000,1000.400000,1000.400000,0.000000,60,24.336667,24.400000,24.300000,0.048596,60,-0.033530,0.057853,-0.168756,0.042837,60,-0.064836,-0.026011,-0.148830,0.028150,60,-0.037688,0.019917,-0.145176,0.035146,60,-0.000412,0.000217,-0.001585,0.000384,60,-0.000354,0.000612,-0.001784,0.000453,60,-0.000693,-0.000278,-0.001591,0.000301,60,1.390511,1.496537,1.282433,0.048685,60,-178.846204,-178.741333,-178.957199,0.051806,60,-0.380139,-0.252708,-0.478432,0.039932,60,7.375754,7.476188,7.263651,0.048093,60,179.281008,179.434906,179.152267,0.053925,60,0.193282,0.292217,0.106545,0.048584,60,0.000000,5.133333,7.000000,4.000000,1.141908,60,1952.466667,2109.000000,1851.000000,69.060884,60,0.513333,0.700000,0.400000,0.114191,60,195.233724,6.843369,60,60,60,60,60,60,60,60,60,60,60,60,60,60,60,60,60,60,60,60,60,60,60,60,60,60,60,60,60,60,12.8037,12.86,12.74,27.14,29,25,26.04,6843391
2026-10-03 02:26:00,22.177055,22.224766,22.134737,0.021921,60,14.040665,14.110018,13.963531,0.028057,60,18.324610,18.376440,18.260471,0.029569,60,97.461667,98.000000,97.400000,0.181418,60,25.208505,25.240326,25.184250,0.012936,60,25.456627,25.483330,25.427254,0.014626,60,25.112286,25.136185,25.080109,0.013012,60,24.700000,24.700000,24.700000,0.000000,60,24.516295,24.532486,24.504501,0.005763,60,24.697453,24.713852,24.682846,0.007463,60,24.432851,24.448898,24.415298,0.007736,60,1000.400000,1000.400000,1000.400000,0.000000,60,1000.400000,1000.400000,1000.400000,0.000000,60,24.310000,24.400000,24.300000,0.030253,60,-0.043992,0.048020,-0.156180,0.043515,60,-0.084443,-0.035964,-0.184341,0.028367,60,-0.054518,-0.002434,-0.162659,0.031191,60,-0.000595,-0.000027,-0.001776,0.000341,60,-0.000465,0.000508,-0.001651,0.000460,60,-0.000903,-0.000384,-0.001971,0.000303,60,1.401735,1.513166,1.282834,0.050226,60,-178.849063,-178.715775,-178.971710,0.057451,60,-0.394770,-0.266474,-0.544760,0.053015,60,7.379045,7.489280,7.224159,0.050376,60,179.289407,179.382309,179.124313,0.057768,60,0.188496,0.293820,0.107702,0.046655,60,0.000000,8.050000,9.000000,7.000000,0.768556,60,1873.050000,1912.000000,1843.000000,21.127879,60,0.805000,0.900000,0.700000,0.076856,60,187.304875,2.095035,60,60,60,60,60,60,60,60,60,60,60,60,60,60,60,60,60,60,60,60,60,60,60,60,60,60,60,60,60,60,12.8025,12.86,12.76,27.14,29,25,26.05,6843425
2026-10-03 02:27:00,22.182091,22.226292,22.121004,0.027818,60,14.035248,14.110018,13.948272,0.031445,60,18.330510,18.374914,18.278782,0.025130,60,97.401667,97.600000,97.000000,0.165183,60,25.203075,25.226974,25.170898,0.013734,60,25.460410,25.483330,25.427254,0.014645,60,25.112330,25.136185,25.080109,0.011674,60,24.716667,24.800000,24.700000,0.037582,60,24.514722,24.526779,24.504776,0.005806,60,24.703072,24.716537,24.685654,0.006612,60,24.435004,24.450577,24.416733,0.007379,60,1000.400000,1000.400000,1000.400000,0.000000,60,1000.400000,1000.400000,1000.400000,0.000000,60,24.300000,24.300000,24.300000,0.000001,60,-0.072602,-0.003201,-0.179275,0.037423,60,-0.116410,-0.076903,-0.211257,0.031563,60,-0.073617,-0.013057,-0.181912,0.035950,60,-0.000804,-0.000143,-0.001986,0.000393,60,-0.000767,-0.000034,-0.001895,0.000396,60,-0.001244,-0.000822,-0.002258,0.000337,60,1.392168,1.472807,1.295064,0.050090,60,-178.834039,-178.689667,-178.960144,0.052249,60,-0.385933,-0.253491,-0.532974,0.054916,60,7.375232,7.486482,7.220160,0.047028,60,179.299423,179.448898,179.164169,0.056865,60,0.193548,0.292697,0.081671,0.046098,60,0.000000,9.000000,10.000000,8.000000,0.450988,60,1883.233333,1913.000000,1861.000000,10.010785,60,0.900000,1.000000,0.800000,0.045099,60,188.323337,0.992672,60,60,60,60,60,60,60,60,60,60,60,60,60,60,60,60,60,60,60,60,60,60,60,60,60,60,60,60,60,60,12.8010,12.86,12.74,27.15,29,26,26.06,6843459
2026-10-03 02:28:00,22.182472,22.243076,22.121004,0.024677,60,14.044785,14.110018,13.998627,0.027375,60,18.328222,18.376440,18.246738,0.026274,60,97.476667,98.100000,97.000000,0.373425,60,25.202452,25.226974,25.184250,0.011947,60,25.461567,25.483330,25.427254,0.013071,60,25.114911,25.152206,25.096130,0.012112,60,24.736667,24.800000,24.700000,0.048596,60,24.516397,24.530533,24.501755,0.006525,60,24.708062,24.719925,24.695999,0.005214,60,24.436477,24.451035,24.424423,0.006377,60,1000.400000,1000.400000,1000.400000,0.000000,60,1000.400000,1000.400000,1000.400000,0.000000,60,24.318333,24.400000,24.300000,0.039020,60,-0.080083,0.014406,-0.193681,0.039801,60,-0.115996,-0.058808,-0.218722,0.029999,60,-0.083022,-0.014163,-0.184568,0.035207,60,-0.000907,-0.000155,-0.002015,0.000384,60,-0.000846,0.000152,-0.002047,0.000421,60,-0.001240,-0.000629,-0.002338,0.000321,60,1.394067,1.508600,1.255553,0.052241,60,-178.844612,-178.645920,-178.971466,0.058262,60,-0.379778,-0.266474,-0.465611,0.040169,60,7.378685,7.532016,7.259646,0.057552,60,179.299392,179.436707,179.165726,0.055501,60,0.197992,0.318908,0.081561,0.048399,60,0.000000,10.266667,11.000000,10.000000,0.445948,60,1916.300000,2009.000000,1855.000000,39.228276,60,1.026667,1.100000,1.000000,0.044595,60,191.628477,3.889120,60,60,60,60,60,60,60,60,60,60,60,60,60,60,60,60,60,60,60,60,60,60,60,60,60,60,60,60,60,60,12.8003,12.87,12.74,27.11,29,26,26.07,6843492
2026-10-03 02:29:00,22.183795,22.226292,22.121004,0.023661,60,14.036291,14.094759,13.963531,0.024631,60,18.334376,18.393225,18.294041,0.024352,60,97.501667,98.100000,97.000000,0.356771,60,25.207125,25.226974,25.184250,0.011895,60,25.469756,25.496681,25.440605,0.012215,60,25.116024,25.136185,25.080109,0.014133,60,24.730000,24.800000,24.700000,0.046212,60,24.519066,24.531967,24.503586,0.006192,60,24.716088,24.731674,24.698471,0.007331,60,24.438531,24.457352,24.424820,0.006684,60,1000.400000,1000.400000,1000.400000,0.000000,60,1000.400000,1000.400000,1000.400000,0.000000,60,24.318333,24.400000,24.300000,0.039020,60,-0.089588,-0.000229,-0.219292,0.040987,60,-0.114868,-0.060844,-0.203341,0.028743,60,-0.097507,-0.037622,-0.187445,0.030412,60,-0.001065,-0.000411,-0.002047,0.000332,60,-0.000947,-0.000002,-0.002318,0.000433,60,-0.001228,-0.000650,-0.002174,0.000307,60,1.389983,1.468338,1.297898,0.043587,60,-178.841235,-178.715164,-178.997375,0.056252,60,-0.382570,-0.265365,-0.506702,0.044779,60,7.372446,7.456158,7.278666,0.042230,60,179.293204,179.449142,179.152847,0.054765,60,0.176362,0.266320,0.054464,0.047627,60,0.000000,11.366667,12.000000,10.000000,0.636906,60,1985.433333,2033.000000,1947.000000,22.590959,60,1.136667,1.200000,1.000000,0.063691,60,198.543144,2.240057,60,60,60,60,60,60,60,60,60,60,60,60,60,60,60,60,60,60,60,60,60,60,60,60,60,60,60,60,60,60,12.8006,12.86,12.74,27.23,29,25,26.06,6843526
2026-10-03 02:30:00,22.178378,22.243076,22.134737,0.023115,60,14.038326,14.110018,13.963531,0.029052,60,18.328832,18.406958,18.261997,0.028196,60,97.680000,98.100000,97.000000,0.397791,60,25.206992,25.226974,25.184250,0.009450,60,25.471625,25.496681,25.440605,0.010772,60,25.119807,25.152206,25.096130,0.013306,60,24.720000,24.800000,24.700000,0.040338,60,24.524982,24.540726,24.503922,0.007004,60,24.726163,24.741501,24.706039,0.007981,60,24.442089,24.454453,24.421249,0.007509,60,1000.365000,1000.400000,1000.300000,0.048099,60,1000.365000,1000.400000,1000.300000,0.048099,60,24.341667,24.400000,24.300000,0.049717,60,-0.098178,-0.001372,-0.217005,0.044181,60,-0.140322,-0.074641,-0.228221,0.029669,60,-0.133351,-0.083211,-0.234362,0.033439,60,-0.001456,-0.000909,-0.002559,0.000365,60,-0.001038,-0.000015,-0.002294,0.000467,60,-0.001500,-0.000798,-0.002440,0.000317,60,1.400023,1.510880,1.254369,0.052983,60,-178.835603,-178.714249,-178.957947,0.055554,60,-0.378813,-0.293241,-0.478583,0.041247,60,7.377448,7.486482,7.295824,0.045002,60,179.295713,179.475800,179.165131,0.061196,60,0.181213,0.317249,0.054774,0.049812,60,0.000000,11.066667,12.000000,11.000000,0.251549,60,2017.916667,2062.000000,1975.000000,20.456064,60,1.106667,1.200000,1.100000,0.025155,60,201.791718,2.028350,60,60,60,60,60,60,60,60,60,60,60,60,60,60,60,60,60,60,60,60,60,60,60,60,60,60,60,60,60,60,12.8012,12.86,12.73,27.18,29,26,26.06,6843560
2026-10-03 02:31:00,22.179217,22.256809,22.137789,0.024560,60,14.041148,14.110018,13.995575,0.028557,60,18.325679,18.393225,18.261997,0.026572,60,97.488333,98.100000,96.900000,0.255178,60,25.210908,25.240326,25.184250,0.014497,60,25.480659,25.510033,25.440605,0.014035,60,25.118383,25.152206,25.080109,0.012219,60,24.710000,24.800000,24.700000,0.030253,60,24.530627,24.553391,24.513474,0.006996,60,24.732058,24.747269,24.712997,0.007865,60,24.447879,24.468613,24.426743,0.006840,60,1000.305000,1000.400000,1000.300000,0.021978,60,1000.305000,1000.400000,1000.300000,0.021978,60,24.315000,24.400000,24.300000,0.036008,60,-0.099081,-0.024467,-0.219063,0.036146,60,-0.134162,-0.096129,-0.237495,0.028118,60,-0.134409,-0.084096,-0.227501,0.029116,60,-0.001468,-0.000918,-0.002484,0.000318,60,-0.001047,-0.000259,-0.002315,0.000382,60,-0.001434,-0.001028,-0.002539,0.000301,60,1.385372,1.473256,1.261099,0.054119,60,-178.856794,-178.740433,-178.972916,0.056632,60,-0.388737,-0.292383,-0.465908,0.042568,60,7.383380,7.488544,7.268504,0.053826,60,179.279453,179.381454,179.125320,0.060289,60,0.194131,0.292697,0.041300,0.052176,60,0.000000,11.116667,12.000000,11.000000,0.323732,60,2003.600000,2054.000000,1962.000000,17.178228,60,1.111667,1.200000,1.100000,0.032373,60,200.359797,1.703253,60,60,60,60,60,60,60,60,60,60,60,60,60,60,60,60,60,60,60,60,60,60,60,60,60,60,60,60,60,60,12.8023,12.87,12.74,27.25,29,26,26.05,6843594
2026-10-03 02:32:00,22.173317,22.226292,22.107271,0.024373,60,14.037944,14.077973,13.981842,0.021981,60,18.332901,18.393225,18.261997,0.026983,60,97.366667,97.900000,97.200000,0.173368,60,25.213133,25.240326,25.184250,0.010822,60,25.489071,25.510033,25.453957,0.012743,60,25.124079,25.152206,25.096130,0.012891,60,24.700000,24.700000,24.700000,0.000000,60,24.537494,24.550278,24.518326,0.007829,60,24.742195,24.760513,24.725906,0.008520,60,24.452306,24.473373,24.436996,0.007233,60,1000.300000,1000.300000,1000.300000,0.000000,60,1000.300000,1000.300000,1000.300000,0.000000,60,24.308333,24.400000,24.300000,0.027872,60,-0.107382,-0.026525,-0.221121,0.037813,60,-0.156999,-0.117390,-0.244281,0.024788,60,-0.139415,-0.094276,-0.226837,0.027983,60,-0.001522,-0.001029,-0.002477,0.000306,60,-0.001135,-0.000280,-0.002337,0.000400,60,-0.001678,-0.001255,-0.002611,0.000265,60,1.392215,1.499713,1.257529,0.054167,60,-178.863957,-178.741623,-179.009766,0.065497,60,-0.394611,-0.292704,-0.479341,0.043389,60,7.380723,7.495462,7.236386,0.054809,60,179.277260,179.409195,179.127365,0.069280,60,0.175366,0.266782,0.081013,0.048934,60,0.000000,10.800000,12.000000,10.000000,0.546173,60,2076.216667,2156.000000,2006.000000,39.456516,60,1.080000,1.200000,1.000000,0.054617,60,207.621046,3.911865,60,60,60,60,60,60,60,60,60,60,60,60,60,60,60,60,60,60,60,60,60,60,60,60,60,60,60,60,60,60,12.8024,12.86,12.76,27.15,29,26,26.05,6843628
2026-10-03 02:33:00,22.179039,22.226292,22.124056,0.024881,60,14.040284,14.131380,13.948272,0.037056,60,18.326645,18.393225,18.278782,0.026684,60,97.258333,97.900000,97.200000,0.121141,60,25.218252,25.240326,25.184250,0.012847,60,25.495880,25.539406,25.469978,0.012518,60,25.131868,25.165558,25.109482,0.012124,60,24.700000,24.700000,24.700000,0.000000,60,24.543281,24.556137,24.521561,0.007263,60,24.748722,24.765884,24.735306,0.005832,60,24.457951,24.472488,24.436844,0.007139,60,1000.300000,1000.300000,1000.300000,0.000000,60,1000.300000,1000.300000,1000.300000,0.000000,60,24.303333,24.400000,24.300000,0.018102,60,-0.070932,0.018065,-0.165098,0.039977,60,-0.140846,-0.094093,-0.222793,0.028288,60,-0.140167,-0.084760,-0.229714,0.031835,60,-0.001531,-0.000926,-0.002508,0.000348,60,-0.000750,0.000191,-0.001745,0.000423,60,-0.001506,-0.001006,-0.002382,0.000302,60,1.399107,1.510880,1.241330,0.053801,60,-178.844776,-178.715775,-178.969788,0.062813,60,-0.381282,-0.292168,-0.465611,0.037327,60,7.381577,7.482362,7.246396,0.052166,60,179.292162,179.383301,179.112473,0.048092,60,0.197061,0.317746,0.041801,0.054141,60,0.000000,10.883333,12.000000,10.000000,0.584885,60,2163.800000,2246.000000,2056.000000,41.685180,60,1.088333,1.200000,1.000000,0.058488,60,216.382521,4.131637,60,60,60,60,60,60,60,60,60,60,60,60,60,60,60,60,60,60,60,60,60,60,60,60,60,60,60,60,60,60,12.8004,12.88,12.74,27.19,29,26,26.07,6843661
2026-10-03 02:34:00,22.176063,22.226292,22.124056,0.026273,60,14.042547,14.113070,13.981842,0.028665,60,18.332214,18.406958,18.261997,0.033606,60,97.285000,97.300000,97.200000,0.036008,60,25.224616,25.256355,25.200272,0.010256,60,25.503490,25.526054,25.469978,0.010843,60,25.133692,25.165558,25.109482,0.014467,60,24.700000,24.700000,24.700000,0.000000,60,24.549766,24.565475,24.535294,0.007216,60,24.754458,24.772507,24.738174,0.007203,60,24.462506,24.477188,24.442795,0.007138,60,1000.300000,1000.300000,1000.300000,0.000000,60,1000.300000,1000.300000,1000.300000,0.000000,60,24.300000,24.300000,24.300000,0.000001,60,-0.060730,0.021037,-0.164640,0.034604,60,-0.128873,-0.079844,-0.190222,0.025462,60,-0.131075,-0.078784,-0.199838,0.028453,60,-0.001431,-0.000860,-0.002182,0.000311,60,-0.000642,0.000222,-0.001740,0.000366,60,-0.001378,-0.000854,-0.002033,0.000272,60,1.386696,1.497897,1.217546,0.053674,60,-178.839950,-178.672699,-178.998795,0.059960,60,-0.375004,-0.291848,-0.465908,0.042758,60,7.389009,7.489279,7.213031,0.057116,60,179.290027,179.434402,179.165131,0.053062,60,0.183998,0.252378,0.054464,0.042724,60,0.000000,10.716667,13.000000,8.000000,1.222552,60,2200.000000,2289.000000,2130.000000,31.937970,60,1.071667,1.300000,0.800000,0.122255,60,219.998804,3.166164,60,60,60,60,60,60,60,60,60,60,60,60,60,60,60,60,60,60,60,60,60,60,60,60,60,60,60,60,60,60,12.8019,12.86,12.76,27.12,29,26,26.05,6843695
2026-10-03 02:35:00,22.177488,22.226292,22.093538,0.025343,60,14.041047,14.096285,13.963531,0.029174,60,18.329315,18.393225,18.278782,0.027337,60,97.215000,97.300000,97.200000,0.036008,60,25.231114,25.256355,25.213623,0.010539,60,25.507229,25.539406,25.483330,0.013012,60,25.136941,25.165558,25.109482,0.014717,60,24.700000,24.700000,24.700000,0.000000,60,24.553933,24.570114,24.532730,0.006704,60,24.759661,24.774826,24.744522,0.006747,60,24.465204,24.480331,24.450455,0.006305,60,1000.300000,1000.300000,1000.300000,0.000000,60,1000.300000,1000.300000,1000.300000,0.000000,60,24.300000,24.300000,24.300000,0.000001,60,-0.053279,0.036129,-0.138801,0.037716,60,-0.130988,-0.052701,-0.230257,0.035172,60,-0.138574,-0.090514,-0.232370,0.032102,60,-0.001513,-0.000988,-0.002537,0.000351,60,-0.000563,0.000382,-0.001467,0.000399,60,-0.001400,-0.000563,-0.002461,0.000376,60,1.387591,1.538216,1.246432,0.050096,60,-178.842624,-178.688095,-178.969788,0.064109,60,-0.369739,-0.265465,-0.479797,0.049377,60,7.373927,7.509268,7.295824,0.051945,60,179.293496,179.382156,179.192093,0.047319,60,0.196568,0.292697,0.106429,0.047725,60,0.000000,12.533333,15.000000,10.000000,1.096476,60,2246.450000,2362.000000,2170.000000,51.367214,60,1.253333,1.500000,1.000000,0.109648,60,224.642424,5.092557,60,60,60,60,60,60,60,60,60,60,60,60,60,60,60,60,60,60,60,60,60,60,60,60,60,60,60,60,60,60,12.7983,12.88,12.74,27.19,29,26,26.05,6843729
2026-10-03 02:36:00,22.175351,22.226292,22.124056,0.021374,60,14.030950,14.081025,13.981842,0.024814,60,18.322398,18.393225,18.261997,0.026612,60,97.200000,97.200000,97.200000,0.000005,60,25.236366,25.256355,25.213623,0.011990,60,25.510567,25.539406,25.469978,0.013372,60,25.141481,25.165558,25.109482,0.013021,60,24.700000,24.700000,24.700000,0.000000,60,24.563060,24.582840,24.545914,0.007983,60,24.763741,24.780899,24.739609,0.008863,60,24.467234,24.478897,24.455521,0.006046,60,1000.273333,1000.300000,1000.200000,0.044595,60,1000.273333,1000.300000,1000.200000,0.044595,60,24.300000,24.300000,24.300000,0.000001,60,-0.087183,-0.007089,-0.231182,0.047352,60,-0.159551,-0.088212,-0.291553,0.044263,60,-0.173761,-0.105562,-0.289466,0.041484,60,-0.001897,-0.001153,-0.003161,0.000453,60,-0.000922,-0.000075,-0.002444,0.000501,60,-0.001706,-0.000943,-0.003117,0.000473,60,1.383585,1.509967,1.283638,0.054776,60,-178.833814,-178.688095,-178.969788,0.062757,60,-0.382447,-0.319010,-0.478886,0.039143,60,7.368769,7.494853,7.246396,0.046659,60,179.293707,179.435043,179.125732,0.068094,60,0.184826,0.292697,0.054361,0.048065,60,0.000000,13.816667,17.000000,11.000000,1.589069,60,2250.250000,2385.000000,2149.000000,58.048088,60,1.381667,1.700000,1.100000,0.158907,60,225.018454,5.752638,60,60,60,60,60,60,60,60,60,60,60,60,60,60,60,60,60,60,60,60,60,60,60,60,60,60,60,60,60,60,12.8017,12.87,12.74,27.14,29,25,26.06,6843763
2026-10-03 02:37:00,22.173037,22.226292,22.124056,0.022746,60,14.041505,14.096285,13.981842,0.027668,60,18.331375,18.394751,18.294041,0.021345,60,97.153333,97.900000,96.700000,0.301671,60,25.246115,25.269707,25.213623,0.012626,60,25.516486,25.552757,25.483330,0.014184,60,25.149136,25.178909,25.109482,0.014332,60,24.736667,24.800000,24.700000,0.048596,60,24.575770,24.591995,24.556015,0.008378,60,24.770000,24.783066,24.745193,0.007984,60,24.478054,24.496262,24.457504,0.006328,60,1000.201667,1000.300000,1000.200000,0.012910,60,1000.201667,1000.300000,1000.200000,0.012910,60,24.306667,24.400000,24.300000,0.025155,60,-0.095076,0.010519,-0.233926,0.041416,60,-0.190332,-0.122819,-0.304220,0.042329,60,-0.193808,-0.148938,-0.298983,0.033537,60,-0.002116,-0.001626,-0.003265,0.000366,60,-0.001005,0.000111,-0.002473,0.000438,60,-0.002035,-0.001313,-0.003252,0.000452,60,1.377137,1.458465,1.282433,0.046017,60,-178.835576,-178.715164,-178.970261,0.058033,60,-0.369170,-0.265365,-0.477978,0.044943,60,7.361600,7.495462,7.214170,0.059050,60,179.298613,179.382736,179.124725,0.062204,60,0.190077,0.291738,0.107702,0.044609,60,0.000000,13.550000,17.000000,10.000000,2.339238,60,2323.516667,2509.000000,2224.000000,55.584259,60,1.355000,1.700000,1.000000,0.233924,60,232.342386,5.503986,60,60,60,60,60,60,60,60,60,60,60,60,60,60,60,60,60,60,60,60,60,60,60,60,60,60,60,60,60,60,12.7972,12.84,12.74,27.20,29,25,26.05,6843797
2026-10-03 02:38:00,22.177793,22.275120,22.125582,0.026223,60,14.041962,14.096285,13.981842,0.023905,60,18.332799,18.394751,18.265049,0.023994,60,97.165000,97.400000,96.800000,0.232762,60,25.258089,25.283058,25.226974,0.015219,60,25.527568,25.552757,25.510033,0.012805,60,25.159505,25.192261,25.136185,0.013090,60,24.800000,24.800000,24.800000,0.000001,60,24.587066,24.609421,24.564651,0.008566,60,24.778651,24.791916,24.764206,0.007382,60,24.486553,24.503555,24.466019,0.008118,60,1000.200000,1000.200000,1000.200000,0.000041,60,1000.200000,1000.200000,1000.200000,0.000041,60,24.341667,24.400000,24.300000,0.049717,60,-0.088955,-0.027669,-0.190251,0.036350,60,-0.195839,-0.135711,-0.263506,0.030938,60,-0.203777,-0.136988,-0.293007,0.036164,60,-0.002225,-0.001496,-0.003200,0.000395,60,-0.000940,-0.000292,-0.002011,0.000384,60,-0.002094,-0.001451,-0.002817,0.000331,60,1.388784,1.497443,1.281631,0.054045,60,-178.859150,-178.741333,-178.970749,0.046150,60,-0.386037,-0.266171,-0.505437,0.046236,60,7.381236,7.483105,7.256432,0.056133,60,179.281147,179.408508,179.126343,0.050915,60,0.188601,0.263868,0.053949,0.044834,60,0.000000,14.433333,17.000000,11.000000,1.608944,60,2342.733333,2501.000000,2233.000000,71.157707,60,1.443333,1.700000,1.100000,0.160894,60,234.264297,7.053264,60,60,60,60,60,60,60,60,60,60,60,60,60,60,60,60,60,60,60,60,60,60,60,60,60,60,60,60,60,60,12.8016,12.86,12.76,27.25,29,25,26.05,6843832
2026-10-03 02:39:00,22.169985,22.215611,22.110323,0.022315,60,14.042013,14.096285,13.981842,0.023927,60,18.328654,18.394751,18.229954,0.031505,60,97.313333,97.400000,97.200000,0.056648,60,25.265478,25.296410,25.240326,0.013260,60,25.535356,25.568779,25.496681,0.014572,60,25.166136,25.192261,25.122833,0.012409,60,24.800000,24.800000,24.800000,0.000001,60,24.600497,24.617081,24.585098,0.006840,60,24.784452,24.798569,24.763290,0.007411,60,24.497595,24.518387,24.475357,0.007152,60,1000.200000,1000.200000,1000.200000,0.000041,60,1000.200000,1000.200000,1000.200000,0.000041,60,24.400000,24.400000,24.400000,0.000000,60,-0.096501,-0.002973,-0.217691,0.043023,60,-0.192039,-0.137747,-0.281149,0.032474,60,-0.204663,-0.145176,-0.327310,0.040397,60,-0.002235,-0.001585,-0.003574,0.000441,60,-0.001020,-0.000031,-0.002301,0.000455,60,-0.002053,-0.001473,-0.003005,0.000347,60,1.391227,1.497897,1.299522,0.048742,60,-178.851218,-178.753387,-179.039398,0.062385,60,-0.397918,-0.319806,-0.505121,0.043697,60,7.369134,7.470022,7.240387,0.051633,60,179.288659,179.435425,179.151657,0.059108,60,0.181742,0.266166,0.054774,0.048483,60,0.000000,15.483333,18.000000,12.000000,1.478566,60,2415.833333,2528.000000,2310.000000,61.515374,60,1.548333,1.800000,1.200000,0.147857,60,241.583174,6.098664,60,60,60,60,60,60,60,60,60,60,60,60,60,60,60,60,60,60,60,60,60,60,60,60,60,60,60,60,60,60,12.8005,12.84,12.74,27.32,29,25,26.06,6843866
2026-10-03 02:40:00,22.170214,22.230869,22.093538,0.024188,60,14.044862,14.113070,13.984894,0.023804,60,18.332444,18.394751,18.280308,0.023683,60,97.126667,97.300000,96.700000,0.234244,60,25.279898,25.296410,25.240326,0.012028,60,25.542788,25.584801,25.510033,0.011859,60,25.173391,25.208282,25.136185,0.014919,60,24.833333,24.900000,24.800000,0.047538,60,24.615112,24.626846,24.602066,0.006208,60,24.794641,24.811813,24.773880,0.007455,60,24.506363,24.519608,24.484695,0.008694,60,1000.198333,1000.200000,1000.100000,0.012910,60,1000.198333,1000.200000,1000.100000,0.012910,60,24.400000,24.400000,24.400000,0.000000,60,-0.088277,0.031785,-0.234155,0.045107,60,-0.203865,-0.141140,-0.284994,0.028532,60,-0.204895,-0.148717,-0.296991,0.029757,60,-0.002237,-0.001624,-0.003243,0.000325,60,-0.000933,0.000336,-0.002475,0.000477,60,-0.002179,-0.001509,-0.003047,0.000305,60,1.388797,1.473255,1.255553,0.050595,60,-178.840203,-178.713638,-178.996658,0.057657,60,-0.377937,-0.292490,-0.478886,0.043317,60,7.374497,7.515460,7.279707,0.048729,60,179.290034,179.368866,179.151077,0.045010,60,0.178806,0.265091,0.054155,0.050902,60,0.000000,15.666667,18.000000,14.000000,1.068290,60,2486.000000,2547.000000,2375.000000,39.943180,60,1.566667,1.800000,1.400000,0.106829,60,248.602530,3.959355,60,60,60,60,60,60,60,60,60,60,60,60,60,60,60,60,60,60,60,60,60,60,60,60,60,60,60,60,60,60,12.8001,12.84,12.76,27.20,29,25,26.07,6843900
2026-10-03 02:41:00,22.172936,22.247654,22.110323,0.025868,60,14.035426,14.131380,13.984894,0.026523,60,18.329519,18.394751,18.280308,0.024442,60,96.795000,96.800000,96.700000,0.021978,60,25.292716,25.325783,25.256355,0.014635,60,25.548574,25.584801,25.526054,0.013332,60,25.179977,25.208282,25.152206,0.012651,60,24.900000,24.900000,24.900000,0.000000,60,24.626057,24.642136,24.610703,0.007429,60,24.798007,24.816238,24.784256,0.007368,60,24.517773,24.539658,24.496017,0.007816,60,1000.178333,1000.200000,1000.100000,0.041545,60,1000.178333,1000.200000,1000.100000,0.041545,60,24.400000,24.400000,24.400000,0.000000,60,-0.053245,-0.002287,-0.172644,0.034643,60,-0.184790,-0.137747,-0.277982,0.028900,60,-0.192804,-0.138979,-0.281721,0.030832,60,-0.002105,-0.001518,-0.003076,0.000337,60,-0.000563,-0.000024,-0.001825,0.000366,60,-0.001975,-0.001473,-0.002972,0.000309,60,1.385745,1.497897,1.284442,0.049009,60,-178.852581,-178.689972,-178.970993,0.059530,60,-0.371593,-0.292490,-0.465611,0.039114,60,7.373274,7.517526,7.266602,0.056205,60,179.291221,179.448746,179.151077,0.066589,60,0.182180,0.317746,0.106775,0.049331,60,0.000000,16.100000,19.000000,13.000000,1.374094,60,2490.050000,2577.000000,2407.000000,40.707483,60,1.610000,1.900000,1.300000,0.137409,60,249.005280,4.035811,60,60,60,60,60,60,60,60,60,60,60,60,60,60,60,60,60,60,60,60,60,60,60,60,60,60,60,60,60,60,12.7975,12.84,12.74,27.21,29,25,26.06,6843934
2026-10-03 02:42:00,22.172096,22.230869,22.111849,0.027843,60,14.036825,14.113070,13.949798,0.034441,60,18.333054,18.408484,18.280308,0.029045,60,96.815254,97.400000,96.700000,0.164855,59,25.302195,25.339134,25.269707,0.013367,60,25.553781,25.584801,25.526054,0.012468,60,25.192394,25.221634,25.165558,0.016242,60,24.900000,24.900000,24.900000,0.000000,59,24.637362,24.650253,24.620956,0.007210,60,24.800388,24.812088,24.785904,0.006081,60,24.526818,24.545914,24.511459,0.006277,60,1000.106780,1000.200000,1000.100000,0.025355,59,1000.106780,1000.200000,1000.100000,0.025355,59,24.400000,24.400000,24.400000,0.000000,59,-0.045684,0.020351,-0.134685,0.034484,60,-0.168697,-0.103367,-0.254459,0.033274,60,-0.163411,-0.117513,-0.250517,0.033708,60,-0.001784,-0.001283,-0.002736,0.000368,60,-0.000483,0.000215,-0.001424,0.000364,60,-0.001803,-0.001105,-0.002720,0.000356,60,1.375174,1.496084,1.254764,0.057576,60,-178.836805,-178.743103,-178.905075,0.038945,60,-0.381445,-0.253197,-0.479645,0.049796,60,7.379609,7.540977,7.279707,0.050417,60,179.302599,179.382309,179.191711,0.050823,60,0.188000,0.293018,0.055188,0.051346,60,0.000000,16.733333,19.000000,13.000000,1.325968,60,2492.666667,2564.000000,2421.000000,29.558713,60,1.673333,1.900000,1.300000,0.132597,60,249.266884,2.930594,60,60,60,60,60,60,60,60,60,60,60,60,60,60,60,60,60,60,60,60,60,60,59,59,59,59,59,59,60,60,12.7994,12.86,12.74,27.19,29,26,26.05,6843967
2026-10-03 02:43:00,22.168078,22.233921,22.098116,0.026079,60,14.040411,14.096285,13.998627,0.023125,60,18.332240,18.381018,18.283360,0.023649,60,97.126667,97.400000,96.700000,0.315082,60,25.312787,25.325783,25.283058,0.010664,60,25.554893,25.584801,25.526054,0.011549,60,25.202052,25.221634,25.178909,0.012977,60,24.900000,24.900000,24.900000,0.000000,60,24.647981,24.666245,24.629074,0.008231,60,24.803778,24.819778,24.788803,0.006827,60,24.534613,24.556473,24.521469,0.007118,60,1000.101667,1000.200000,1000.100000,0.012910,60,1000.101667,1000.200000,1000.100000,0.012910,60,24.400000,24.400000,24.400000,0.000000,60,-0.035440,0.032699,-0.145432,0.034629,60,-0.172029,-0.111962,-0.250388,0.030209,60,-0.162220,-0.101579,-0.256049,0.032271,60,-0.001771,-0.001109,-0.002796,0.000352,60,-0.000375,0.000346,-0.001537,0.000366,60,-0.001839,-0.001197,-0.002677,0.000323,60,1.378988,1.494275,1.282834,0.051941,60,-178.847440,-178.715775,-179.040298,0.064615,60,-0.379342,-0.318331,-0.479797,0.045744,60,7.371744,7.494735,7.242390,0.056068,60,179.293632,179.435944,179.151657,0.059722,60,0.188113,0.292537,0.080794,0.047383,60,0.000000,15.033333,17.000000,12.000000,1.449333,60,2487.033333,2565.000000,2407.000000,37.201224,60,1.503333,1.700000,1.200000,0.144933,60,248.703993,3.688284,60,60,60,60,60,60,60,60,60,60,60,60,60,60,60,60,60,60,60,60,60,60,60,60,60,60,60,60,60,60,12.7990,12.87,12.74,27.27,29,25,26.04,6844001
2026-10-03 02:44:00,22.165815,22.233921,22.111849,0.027325,60,14.041225,14.099337,13.966582,0.029183,60,18.329214,18.394751,18.266575,0.027451,60,97.390000,97.400000,96.800000,0.077460,60,25.321288,25.355156,25.296410,0.013567,60,25.558498,25.584801,25.539406,0.012081,60,25.206769,25.234985,25.165558,0.014099,60,24.900000,24.900000,24.900000,0.000000,60,24.654493,24.670212,24.641678,0.006505,60,24.804285,24.821335,24.786758,0.007468,60,24.539040,24.552444,24.525375,0.006726,60,1000.101667,1000.200000,1000.100000,0.012910,60,1000.101667,1000.200000,1000.100000,0.012910,60,24.400000,24.400000,24.400000,0.000000,60,-0.013712,0.047334,-0.120507,0.036435,60,-0.142440,-0.068082,-0.232293,0.036371,60,-0.121164,-0.051121,-0.233034,0.032930,60,-0.001323,-0.000558,-0.002545,0.000360,60,-0.000145,0.000500,-0.001274,0.000385,60,-0.001523,-0.000728,-0.002483,0.000389,60,1.387955,1.511337,1.243288,0.060680,60,-178.844485,-178.754272,-178.958664,0.050578,60,-0.377543,-0.318444,-0.479190,0.040119,60,7.381799,7.478243,7.258441,0.050550,60,179.302302,179.434906,179.166306,0.055996,60,0.188302,0.319574,0.081013,0.052652,60,0.000000,16.133333,19.000000,12.000000,1.588803,60,2502.383333,2585.000000,2366.000000,38.884920,60,1.613333,1.900000,1.200000,0.158880,60,250.240200,3.853749,60,60,60,60,60,60,60,60,60,60,60,60,60,60,60,60,60,60,60,60,60,60,60,60,60,60,60,60,60,60,12.7975,12.87,12.73,27.11,29,25,26.06,6844035
2026-10-03 02:45:00,22.169782,22.233921,22.111849,0.027722,60,14.039521,14.113070,13.981842,0.029661,60,18.329951,18.411535,18.266575,0.026436,60,97.380000,97.400000,97.300000,0.040338,60,25.329788,25.355156,25.296410,0.013406,60,25.560546,25.598152,25.526054,0.014735,60,25.219186,25.248337,25.192261,0.013259,60,24.900000,24.900000,24.900000,0.000000,60,24.658766,24.667496,24.639725,0.005637,60,24.803730,24.821213,24.787186,0.007855,60,24.546862,24.560898,24.527573,0.007417,60,1000.128333,1000.200000,1000.100000,0.045442,60,1000.128333,1000.200000,1000.100000,0.045442,60,24.400000,24.400000,24.400000,0.000000,60,-0.002226,0.068143,-0.117535,0.039089,60,-0.131060,-0.075546,-0.230936,0.031262,60,-0.099720,-0.049572,-0.205149,0.030291,60,-0.001089,-0.000541,-0.002240,0.000331,60,-0.000024,0.000720,-0.001242,0.000413,60,-0.001401,-0.000808,-0.002469,0.000334,60,1.394783,1.511337,1.282834,0.053018,60,-178.840592,-178.686234,-178.956223,0.058335,60,-0.372048,-0.292811,-0.464870,0.041881,60,7.380354,7.476186,7.272629,0.045088,60,179.294721,179.383301,179.164734,0.053974,60,0.184611,0.291419,0.107122,0.045026,60,0.000000,15.416667,18.000000,11.000000,1.915960,60,2495.700000,2562.000000,2414.000000,36.547763,60,1.541667,1.800000,1.100000,0.191596,60,249.570369,3.623545,60,60,60,60,60,60,60,60,60,60,60,60,60,60,60,60,60,60,60,60,60,60,60,60,60,60,60,60,60,60,12.7962,12.84,12.73,27.25,29,25,26.02,6844069
2026-10-03 02:46:00,22.173927,22.220188,22.128633,0.023331,60,14.039445,14.082551,13.984894,0.024095,60,18.328756,18.397802,18.266575,0.026917,60,97.403333,97.500000,97.300000,0.036669,60,25.330990,25.355156,25.312431,0.009764,60,25.564863,25.598152,25.539406,0.012664,60,25.222390,25.248337,25.192261,0.012574,60,24.900000,24.900000,24.900000,0.000000,60,24.662375,24.678482,24.644669,0.007720,60,24.802678,24.816025,24.788437,0.007200,60,24.551361,24.566635,24.537338,0.005930,60,1000.128333,1000.200000,1000.100000,0.045442,60,1000.128333,1000.200000,1000.100000,0.045442,60,24.400000,24.400000,24.400000,0.000000,60,-0.005027,0.059225,-0.125081,0.038700,60,-0.118065,-0.061975,-0.220531,0.034263,60,-0.092970,-0.025893,-0.194748,0.035502,60,-0.001015,-0.000283,-0.002127,0.000388,60,-0.000053,0.000626,-0.001322,0.000409,60,-0.001262,-0.000663,-0.002357,0.000366,60,1.384372,1.474601,1.283638,0.048236,60,-178.862969,-178.755142,-178.970993,0.060004,60,-0.373471,-0.292383,-0.478886,0.045137,60,7.370704,7.505786,7.281718,0.059294,60,179.293935,179.408508,179.152267,0.055602,60,0.189102,0.292537,0.081013,0.052219,60,0.000000,14.216667,17.000000,10.000000,1.878438,60,2531.433333,2635.000000,2416.000000,36.125190,60,1.421667,1.700000,1.000000,0.187844,60,253.144265,3.580401,60,60,60,60,60,60,60,60,60,60,60,60,60,60,60,60,60,60,60,60,60,60,60,60,60,60,60,60,60,60,12.7975,12.86,12.74,27.12,29,25,26.07,6844102
2026-10-03 02:47:00,22.176496,22.233921,22.130159,0.024042,60,14.043793,14.099337,13.966582,0.029251,60,18.327332,18.381018,18.266575,0.027472,60,97.421667,97.500000,97.400000,0.041545,60,25.336686,25.368507,25.312431,0.012264,60,25.564329,25.584801,25.539406,0.014787,60,25.227420,25.264366,25.192261,0.013777,60,24.900000,24.900000,24.900000,0.000000,60,24.663694,24.680923,24.646347,0.006751,60,24.801607,24.815201,24.787308,0.006531,60,24.551536,24.565689,24.539658,0.006222,60,1000.191667,1000.200000,1000.100000,0.027872,60,1000.191667,1000.200000,1000.100000,0.027872,60,24.400000,24.400000,24.400000,0.000000,60,0.002382,0.059911,-0.128053,0.036708,60,-0.115336,-0.050439,-0.205603,0.031495,60,-0.086383,-0.030097,-0.175937,0.032562,60,-0.000943,-0.000329,-0.001921,0.000356,60,0.000025,0.000633,-0.001354,0.000388,60,-0.001233,-0.000539,-0.002198,0.000337,60,1.372978,1.467447,1.257925,0.050607,60,-178.849741,-178.715775,-178.929596,0.048516,60,-0.359035,-0.252221,-0.465611,0.045957,60,7.375407,7.509268,7.268610,0.051171,60,179.288491,179.449753,179.165527,0.061555,60,0.185508,0.292537,0.081122,0.048506,60,0.000000,13.316667,16.000000,10.000000,1.672222,60,2565.333333,2656.000000,2460.000000,38.904345,60,1.331667,1.600000,1.000000,0.167222,60,256.534165,3.856451,60,60,60,60,60,60,60,60,60,60,60,60,60,60,60,60,60,60,60,60,60,60,60,60,60,60,60,60,60,60,12.7977,12.86,12.74,27.16,29,25,26.06,6844136
2026-10-03 02:48:00,22.175377,22.252232,22.111849,0.026391,60,14.037664,14.082551,13.984894,0.024820,60,18.331757,18.397802,18.283360,0.023406,60,97.496667,97.500000,97.400000,0.018102,60,25.340870,25.381859,25.312431,0.014475,60,25.563972,25.584801,25.539406,0.013480,60,25.231202,25.248337,25.208282,0.011813,60,24.900000,24.900000,24.900000,0.000000,60,24.664221,24.675949,24.649429,0.005807,60,24.799840,24.816238,24.780594,0.006286,60,24.554337,24.568802,24.537827,0.007083,60,1000.200000,1000.200000,1000.200000,0.000041,60,1000.200000,1000.200000,1000.200000,0.000041,60,24.400000,24.400000,24.400000,0.000000,60,-0.001338,0.059453,-0.080948,0.031733,60,-0.115095,-0.073737,-0.201531,0.027057,60,-0.084904,-0.030983,-0.178593,0.031137,60,-0.000927,-0.000338,-0.001950,0.000340,60,-0.000014,0.000628,-0.000856,0.000335,60,-0.001230,-0.000788,-0.002154,0.000289,60,1.390942,1.510880,1.282834,0.049821,60,-178.838703,-178.739838,-179.012314,0.053393,60,-0.365471,-0.226187,-0.466354,0.046898,60,7.380464,7.486482,7.273679,0.046660,60,179.292366,179.435043,179.153244,0.062275,60,0.188826,0.253433,0.015911,0.043696,60,0.000000,12.033333,13.000000,10.000000,0.801834,60,2588.833333,2656.000000,2521.000000,36.009493,60,1.203333,1.300000,1.000000,0.080183,60,258.883136,3.570391,60,60,60,60,60,60,60,60,60,60,60,60,60,60,60,60,60,60,60,60,60,60,60,60,60,60,60,60,60,60,12.7983,12.84,12.73,27.24,29,26,26.04,6844170
2026-10-03 02:49:00,22.173826,22.252232,22.128633,0.024581,60,14.035147,14.099337,13.981842,0.029700,60,18.332596,18.429846,18.269627,0.029303,60,97.545000,97.600000,97.500000,0.050169,60,25.343629,25.368507,25.312431,0.014083,60,25.561881,25.584801,25.539406,0.014055,60,25.234185,25.277718,25.208282,0.012992,60,24.900000,24.900000,24.900000,0.000000,60,24.669012,24.682693,24.654861,0.006666,60,24.799900,24.818649,24.776749,0.008216,60,24.557935,24.572433,24.545547,0.006219,60,1000.200000,1000.200000,1000.200000,0.000041,60,1000.200000,1000.200000,1000.200000,0.000041,60,24.400000,24.400000,24.400000,0.000000,60,-0.003697,0.052593,-0.134685,0.036203,60,-0.114058,-0.043428,-0.200174,0.029326,60,-0.085176,-0.040941,-0.175716,0.029161,60,-0.000930,-0.000447,-0.001919,0.000318,60,-0.000039,0.000556,-0.001424,0.000383,60,-0.001219,-0.000464,-0.002140,0.000313,60,1.379423,1.509967,1.241330,0.056384,60,-178.843281,-178.741333,-178.997849,0.059437,60,-0.368083,-0.292490,-0.465314,0.041305,60,7.381720,7.485163,7.266603,0.048604,60,179.298634,179.409454,179.191711,0.056183,60,0.179132,0.291898,0.080247,0.044221,60,0.000000,10.266667,12.000000,9.000000,0.880421,60,2595.333333,2677.000000,2489.000000,46.152902,60,1.026667,1.200000,0.900000,0.088042,60,259.533278,4.575384,60,60,60,60,60,60,60,60,60,60,60,60,60,60,60,60,60,60,60,60,60,60,60,60,60,60,60,60,60,60,12.7960,12.86,12.74,27.10,29,25,26.05,6844204
2026-10-03 02:50:00,22.171257,22.252232,22.130159,0.026868,60,14.037563,14.096285,13.984894,0.024433,60,18.331045,18.381018,18.266575,0.026939,60,97.595000,97.600000,97.500000,0.021978,60,25.347368,25.381859,25.312431,0.014269,60,25.559077,25.584801,25.526054,0.013356,60,25.237835,25.264366,25.208282,0.015917,60,24.900000,24.900000,24.900000,0.000000,60,24.666877,24.680862,24.651474,0.006967,60,24.796679,24.815201,24.773544,0.008292,60,24.559769,24.578873,24.542191,0.006686,60,1000.200000,1000.200000,1000.200000,0.000041,60,1000.200000,1000.200000,1000.200000,0.000041,60,24.400000,24.400000,24.400000,0.000000,60,-0.005579,0.051221,-0.116163,0.035984,60,-0.101572,-0.063332,-0.175973,0.025817,60,-0.067760,-0.020139,-0.150487,0.029034,60,-0.000740,-0.000220,-0.001643,0.000317,60,-0.000059,0.000541,-0.001228,0.000380,60,-0.001086,-0.000677,-0.001881,0.000276,60,1.369986,1.535439,1.257925,0.048984,60,-178.855692,-178.779037,-178.969788,0.046487,60,-0.369186,-0.266171,-0.478432,0.043830,60,7.368252,7.498867,7.252414,0.051274,60,179.299327,179.435684,179.167084,0.056189,60,0.190322,0.332772,0.055188,0.050134,60,0.000000,10.033333,12.000000,9.000000,0.901349,60,2542.166667,2710.000000,2424.000000,49.418711,60,1.003333,1.200000,0.900000,0.090135,60,254.210731,4.895586,60,60,60,60,60,60,60,60,60,60,60,60,60,60,60,60,60,60,60,60,60,60,60,60,60,60,60,60,60,60,12.7989,12.86,12.73,27.25,29,26,26.05,6844237
2026-10-03 02:51:00,22.170952,22.233921,22.102694,0.030071,60,14.040284,14.113070,13.984894,0.027272,60,18.327459,18.381018,18.266575,0.023744,60,97.640000,97.700000,97.600000,0.049403,60,25.341582,25.368507,25.312431,0.012889,60,25.556451,25.584801,25.526054,0.014660,60,25.238191,25.264366,25.208282,0.013625,60,24.900000,24.900000,24.900000,0.000000,60,24.668466,24.681564,24.655258,0.006909,60,24.795775,24.809402,24.783066,0.006509,60,24.562681,24.577011,24.548019,0.006968,60,1000.236667,1000.300000,1000.200000,0.048596,60,1000.236667,1000.300000,1000.200000,0.048596,60,24.480000,24.600000,24.400000,0.098806,60,-0.011208,0.039559,-0.105415,0.034070,60,-0.104400,-0.065368,-0.169413,0.024793,60,-0.069630,-0.027884,-0.158012,0.028430,60,-0.000760,-0.000304,-0.001725,0.000310,60,-0.000118,0.000418,-0.001114,0.000360,60,-0.001116,-0.000699,-0.001811,0.000265,60,1.389900,1.498805,1.283638,0.046981,60,-178.851777,-178.715775,-178.972198,0.052956,60,-0.369256,-0.213545,-0.466057,0.052738,60,7.374401,7.482362,7.272629,0.052862,60,179.296049,179.409195,179.192459,0.048153,60,0.178320,0.252980,0.081013,0.044391,60,0.000000,7.950000,9.000000,6.000000,0.871877,60,2515.983333,2595.000000,2359.000000,63.109131,60,0.795000,0.900000,0.600000,0.087188,60,251.611616,6.252961,60,60,60,60,60,60,60,60,60,60,60,60,60,60,60,60,60,60,60,60,60,60,60,60,60,60,60,60,60,60,12.7973,12.86,12.74,27.26,29,26,26.08,6844271
2026-10-03 02:52:00,22.169350,22.217136,22.101168,0.025757,60,14.037919,14.099337,13.981842,0.026554,60,18.326314,18.384069,18.283360,0.023490,60,97.590000,97.800000,96.600000,0.374935,60,25.344786,25.381859,25.312431,0.015384,60,25.555161,25.584801,25.526054,0.014853,60,25.242730,25.264366,25.208282,0.013283,60,24.913333,25.000000,24.900000,0.034280,60,24.668864,24.682236,24.653183,0.006807,60,24.794974,24.808578,24.778885,0.006253,60,24.563942,24.584274,24.552292,0.007221,60,1000.300000,1000.300000,1000.300000,0.000000,60,1000.300000,1000.300000,1000.300000,0.000000,60,24.593333,24.800000,24.300000,0.119131,60,-0.003594,0.068371,-0.087122,0.036912,60,-0.091839,-0.044559,-0.163532,0.026270,60,-0.049631,0.008852,-0.127029,0.030309,60,-0.000542,0.000097,-0.001387,0.000331,60,-0.000038,0.000723,-0.000921,0.000390,60,-0.000982,-0.000476,-0.001748,0.000281,60,1.373986,1.510880,1.255553,0.056254,60,-178.861517,-178.740433,-178.998550,0.052090,60,-0.380602,-0.319351,-0.531167,0.044223,60,7.371655,7.450002,7.201059,0.052349,60,179.291585,179.435303,179.164551,0.057673,60,0.188921,0.319407,0.082221,0.050535,60,0.000000,7.150000,10.000000,5.000000,0.917347,60,2447.450000,2549.000000,2342.000000,62.868824,60,0.715000,1.000000,0.500000,0.091735,60,244.745670,6.233681,60,60,60,60,60,60,60,60,60,60,60,60,60,60,60,60,60,60,60,60,60,60,60,60,60,60,60,60,60,60,12.7941,12.86,12.73,27.20,29,26,26.07,6844305
2026-10-03 02:53:00,22.172529,22.233921,22.116426,0.023054,60,14.037614,14.099337,13.984894,0.028675,60,18.330129,18.381018,18.269627,0.024385,60,97.683333,97.700000,97.600000,0.037582,60,25.347056,25.381859,25.325783,0.012291,60,25.557252,25.584801,25.526054,0.011855,60,25.240816,25.264366,25.221634,0.010342,60,24.900000,24.900000,24.900000,0.000000,60,24.664459,24.678116,24.650070,0.007017,60,24.793222,24.809616,24.777481,0.007757,60,24.564100,24.579300,24.546524,0.005893,60,1000.300000,1000.300000,1000.300000,0.000000,60,1000.300000,1000.300000,1000.300000,0.000000,60,24.566667,24.600000,24.400000,0.075165,60,0.011879,0.086436,-0.095125,0.039993,60,-0.063882,-0.019226,-0.171675,0.028828,60,-0.028028,0.019917,-0.132340,0.033511,60,-0.000306,0.000217,-0.001445,0.000366,60,0.000126,0.000914,-0.001005,0.000423,60,-0.000683,-0.000206,-0.001835,0.000308,60,1.373295,1.556206,1.283638,0.050967,60,-178.843503,-178.742813,-178.970749,0.054895,60,-0.358711,-0.292490,-0.439487,0.033126,60,7.371556,7.452051,7.272629,0.045119,60,179.302982,179.435684,179.152267,0.057864,60,0.196829,0.319074,0.107007,0.051905,60,0.000000,9.400000,12.000000,7.000000,0.977718,60,2377.200000,2504.000000,2305.000000,41.773319,60,0.940000,1.200000,0.700000,0.097772,60,237.717868,4.140795,60,60,60,60,60,60,60,60,60,60,60,60,60,60,60,60,60,60,60,60,60,60,60,60,60,60,60,60,60,60,12.7980,12.86,12.73,27.23,29,25,26.05,6844339
2026-10-03 02:54:00,22.172732,22.221714,22.101168,0.025904,60,14.048854,14.096285,14.000153,0.025932,60,18.328578,18.397802,18.269627,0.026661,60,97.663333,97.700000,97.600000,0.048596,60,25.342027,25.368507,25.312431,0.013574,60,25.553291,25.598152,25.526054,0.013667,60,25.242775,25.264366,25.221634,0.013123,60,24.900000,24.900000,24.900000,0.000000,60,24.662569,24.674850,24.647720,0.005800,60,24.789915,24.803574,24.777084,0.006414,60,24.562315,24.578110,24.542068,0.006743,60,1000.300000,1000.300000,1000.300000,0.000000,60,1000.300000,1000.300000,1000.300000,0.000000,60,24.526667,24.600000,24.400000,0.097192,60,-0.001696,0.073173,-0.096269,0.037123,60,-0.076816,-0.019678,-0.150414,0.027492,60,-0.044405,-0.001107,-0.137430,0.029560,60,-0.000485,-0.000012,-0.001501,0.000323,60,-0.000018,0.000773,-0.001018,0.000392,60,-0.000821,-0.000210,-0.001608,0.000294,60,1.371220,1.497443,1.282433,0.048836,60,-178.860977,-178.738327,-178.958664,0.053148,60,-0.369865,-0.266676,-0.465908,0.040063,60,7.365810,7.476186,7.275687,0.050235,60,179.295980,179.409592,179.152054,0.059729,60,0.191005,0.291898,0.106775,0.044703,60,0.000000,7.183333,9.000000,4.000000,1.157022,60,2476.733333,2594.000000,2295.000000,80.650505,60,0.718333,0.900000,0.400000,0.115702,60,247.687702,7.993370,60,60,60,60,60,60,60,60,60,60,60,60,60,60,60,60,60,60,60,60,60,60,60,60,60,60,60,60,60,60,12.7971,12.87,12.76,27.23,29,26,26.05,6844373
2026-10-03 02:55:00,22.176471,22.220188,22.130159,0.022852,60,14.043615,14.099337,13.981842,0.025239,60,18.329519,18.381018,18.269627,0.023674,60,97.695000,97.700000,97.600000,0.021978,60,25.343852,25.368507,25.312431,0.013637,60,25.553158,25.584801,25.526054,0.013817,60,25.245802,25.277718,25.221634,0.014415,60,24.900000,24.900000,24.900000,0.000000,60,24.658463,24.673874,24.643600,0.006551,60,24.788346,24.798630,24.777634,0.005830,60,24.559874,24.577866,24.544937,0.007842,60,1000.300000,1000.300000,1000.300000,0.000000,60,1000.300000,1000.300000,1000.300000,0.000000,60,24.590000,24.600000,24.400000,0.043957,60,0.001921,0.076832,-0.130111,0.042966,60,-0.065126,-0.023750,-0.145211,0.028570,60,-0.030806,0.006197,-0.122824,0.028350,60,-0.000336,0.000068,-0.001341,0.000310,60,0.000020,0.000812,-0.001375,0.000454,60,-0.000696,-0.000254,-0.001552,0.000305,60,1.378074,1.496537,1.255553,0.053113,60,-178.858492,-178.714554,-178.968323,0.054358,60,-0.380709,-0.265969,-0.503862,0.045313,60,7.371436,7.494735,7.262588,0.052113,60,179.307548,179.490067,179.191711,0.060549,60,0.180909,0.266628,0.054464,0.054658,60,0.000000,7.283333,9.000000,5.000000,0.903696,60,2310.083333,2408.000000,2097.000000,66.834552,60,0.728333,0.900000,0.500000,0.090370,60,231.026187,6.615659,60,60,60,60,60,60,60,60,60,60,60,60,60,60,60,60,60,60,60,60,60,60,60,60,60,60,60,60,60,60,12.7961,12.87,12.74,27.18,29,25,26.07,6844406
2026-10-03 02:56:00,22.174614,22.220188,22.130159,0.023530,60,14.039877,14.096285,13.949798,0.028806,60,18.332723,18.413061,18.266575,0.029807,60,97.706667,97.800000,97.700000,0.025155,60,25.337221,25.355156,25.312431,0.011923,60,25.549375,25.584801,25.526054,0.011263,60,25.244155,25.277718,25.221634,0.014246,60,24.900000,24.900000,24.900000,0.000000,60,24.654613,24.670212,24.640793,0.005837,60,24.787230,24.803360,24.772751,0.006150,60,24.558282,24.575851,24.546188,0.005884,60,1000.321667,1000.400000,1000.300000,0.041545,60,1000.321667,1000.400000,1000.300000,0.041545,60,24.600000,24.600000,24.600000,0.000001,60,-0.001982,0.072487,-0.095354,0.035097,60,-0.074932,-0.028952,-0.148830,0.026206,60,-0.040111,0.012614,-0.117291,0.028744,60,-0.000438,0.000138,-0.001281,0.000314,60,-0.000021,0.000766,-0.001008,0.000371,60,-0.000801,-0.000309,-0.001591,0.000280,60,1.377661,1.497897,1.254764,0.045786,60,-178.846624,-178.741333,-179.014175,0.060802,60,-0.364115,-0.252904,-0.477978,0.047454,60,7.369182,7.465919,7.285745,0.043343,60,179.296363,179.409195,179.163177,0.055873,60,0.176080,0.332093,0.041500,0.053747,60,0.000000,6.750000,8.000000,4.000000,0.932011,60,2186.483333,2252.000000,2092.000000,31.554361,60,0.675000,0.800000,0.400000,0.093201,60,218.648951,3.127965,60,60,60,60,60,60,60,60,60,60,60,60,60,60,60,60,60,60,60,60,60,60,60,60,60,60,60,60,60,60,12.7940,12.86,12.74,27.20,29,26,26.04,6844440
2026-10-03 02:57:00,22.173699,22.233921,22.128633,0.023129,60,14.042649,14.132906,13.998627,0.028233,60,18.324204,18.365759,18.252842,0.024067,60,97.778333,97.800000,97.700000,0.041545,60,25.332102,25.355156,25.312431,0.012706,60,25.549108,25.568779,25.510033,0.012132,60,25.236988,25.264366,25.192261,0.011495,60,24.900000,24.900000,24.900000,0.000000,60,24.652479,24.677078,24.635056,0.007829,60,24.783936,24.796677,24.766098,0.006001,60,24.556739,24.571213,24.539230,0.007990,60,1000.328333,1000.400000,1000.300000,0.045442,60,1000.328333,1000.400000,1000.300000,0.045442,60,24.600000,24.600000,24.600000,0.000001,60,0.004402,0.064713,-0.097869,0.033860,60,-0.060682,-0.020583,-0.144306,0.028297,60,-0.023134,0.023901,-0.098702,0.030204,60,-0.000253,0.000261,-0.001078,0.000330,60,0.000047,0.000684,-0.001034,0.000358,60,-0.000649,-0.000220,-0.001543,0.000302,60,1.384827,1.509967,1.242113,0.054685,60,-178.835568,-178.684998,-178.931610,0.051939,60,-0.380411,-0.292383,-0.479190,0.043868,60,7.373089,7.478246,7.234386,0.050976,60,179.308511,179.448746,179.151260,0.056555,60,0.187196,0.320241,0.107702,0.048532,60,0.000000,6.616667,8.000000,5.000000,0.691147,60,2270.783333,2352.000000,2213.000000,30.814421,60,0.661667,0.800000,0.500000,0.069115,60,227.077756,3.055094,60,60,60,60,60,60,60,60,60,60,60,60,60,60,60,60,60,60,60,60,60,60,60,60,60,60,60,60,60,60,12.7945,12.86,12.74,27.25,29,26,26.04,6844474
2026-10-03 02:58:00,22.173343,22.233921,22.098116,0.030362,60,14.044124,14.113070,13.981842,0.025684,60,18.325475,18.399328,18.269627,0.026373,60,97.735000,97.800000,97.700000,0.048099,60,25.332058,25.355156,25.296410,0.012348,60,25.541765,25.568779,25.510033,0.012084,60,25.243487,25.291069,25.192261,0.014398,60,24.900000,24.900000,24.900000,0.000000,60,24.645379,24.663010,24.632248,0.007873,60,24.781410,24.795029,24.761032,0.006374,60,24.551460,24.562729,24.531754,0.006827,60,1000.366667,1000.400000,1000.300000,0.047538,60,1000.366667,1000.400000,1000.300000,0.047538,60,24.600000,24.600000,24.600000,0.000001,60,0.003144,0.063341,-0.099470,0.032881,60,-0.048151,-0.002262,-0.128473,0.027324,60,-0.023160,0.029655,-0.115742,0.032773,60,-0.000253,0.000324,-0.001264,0.000358,60,0.000033,0.000670,-0.001051,0.000348,60,-0.000515,-0.000024,-0.001373,0.000292,60,1.388063,1.494275,1.280429,0.049886,60,-178.846503,-178.687485,-178.971466,0.061058,60,-0.377178,-0.292704,-0.465166,0.040764,60,7.378149,7.470022,7.262589,0.051250,60,179.298452,179.410263,179.165726,0.063378,60,0.185094,0.292217,0.107354,0.044081,60,0.000000,6.033333,7.000000,5.000000,0.519670,60,2227.366667,2317.000000,2157.000000,38.273754,60,0.603333,0.700000,0.500000,0.051967,60,222.734819,3.794132,60,60,60,60,60,60,60,60,60,60,60,60,60,60,60,60,60,60,60,60,60,60,60,60,60,60,60,60,60,60,12.7940,12.86,12.74,27.20,29,25,26.03,6844508
2026-10-03 02:59:00,22.177539,22.233921,22.130159,0.023637,60,14.037130,14.081025,13.984894,0.023057,60,18.329239,18.384069,18.251316,0.028230,60,97.701667,97.800000,97.700000,0.012910,60,25.326806,25.368507,25.296410,0.012074,60,25.544835,25.568779,25.510033,0.013081,60,25.241173,25.264366,25.208282,0.013542,60,24.900000,24.900000,24.900000,0.000000,60,24.641488,24.657028,24.627274,0.006336,60,24.779166,24.796158,24.762985,0.006606,60,24.551541,24.570663,24.536301,0.006440,60,1000.373333,1000.400000,1000.300000,0.044595,60,1000.373333,1000.400000,1000.300000,0.044595,60,24.600000,24.600000,24.600000,0.000001,60,-0.002108,0.053051,-0.099927,0.035896,60,-0.063098,-0.011535,-0.136390,0.025721,60,-0.028397,0.013278,-0.108882,0.030214,60,-0.000310,0.000145,-0.001189,0.000330,60,-0.000022,0.000561,-0.001056,0.000379,60,-0.000675,-0.000123,-0.001458,0.000275,60,1.393866,1.512251,1.283638,0.047457,60,-178.854685,-178.715775,-178.972198,0.058702,60,-0.376640,-0.265365,-0.532480,0.054372,60,7.376590,7.478243,7.230392,0.048339,60,179.296024,179.476395,179.193207,0.062427,60,0.188052,0.356186,0.042102,0.059990,60,0.000000,5.083333,7.000000,4.000000,0.787437,60,2258.116667,2371.000000,2110.000000,81.952051,60,0.508333,0.700000,0.400000,0.078744,60,225.814116,8.125884,60,60,60,60,60,60,60,60,60,60,60,60,60,60,60,60,60,60,60,60,60,60,60,60,60,60,60,60,60,60,12.7948,12.84,12.74,27.22,29,25,26.06,6844542
2026-10-03 03:00:00,22.174258,22.217136,22.111849,0.021177,60,14.047557,14.096285,13.984894,0.024817,60,18.330460,18.384069,18.251316,0.026989,60,97.740000,97.800000,97.100000,0.157523,60,25.323246,25.355156,25.296410,0.011291,60,25.543055,25.568779,25.510033,0.011860,60,25.235386,25.264366,25.208282,0.012572,60,24.900000,24.900000,24.900000,0.000000,60,24.636120,24.652695,24.619919,0.007808,60,24.780197,24.795273,24.770889,0.005341,60,24.546566,24.556839,24.534195,0.005793,60,1000.361667,1000.400000,1000.300000,0.049030,60,1000.361667,1000.400000,1000.300000,0.049030,60,24.586667,24.600000,24.400000,0.050310,60,0.002393,0.070658,-0.096497,0.034176,60,-0.045426,-0.008143,-0.112867,0.024154,60,-0.017446,0.026114,-0.090735,0.029234,60,-0.000191,0.000285,-0.000991,0.000319,60,0.000025,0.000747,-0.001020,0.000361,60,-0.000486,-0.000087,-0.001207,0.000258,60,1.370165,1.511337,1.242113,0.059234,60,-178.844277,-178.753983,-178.971466,0.053266,60,-0.378483,-0.292490,-0.504648,0.046186,60,7.369777,7.485163,7.281719,0.047177,60,179.278462,179.435944,179.152054,0.060068,60,0.191418,0.265551,0.106545,0.040928,60,0.000000,4.533333,6.000000,4.000000,0.595653,60,2350.750000,2501.000000,2205.000000,77.781010,60,0.453333,0.600000,0.400000,0.059565,60,235.074707,7.709886,60,60,60,60,60,60,60,60,60,60,60,60,60,60,60,60,60,60,60,60,60,60,60,60,60,60,60,60,60,60,12.7920,12.84,12.74,27.24,29,25,26.05,6844575
2026-10-03 03:01:00,22.179675,22.247654,22.128633,0.024853,60,14.045853,14.096285,13.966582,0.022344,60,18.326391,18.399328,18.266575,0.028167,60,97.718333,97.900000,97.200000,0.216671,60,25.318350,25.355156,25.283058,0.015532,60,25.539851,25.568779,25.510033,0.012651,60,25.231692,25.277718,25.208282,0.013076,60,24.900000,24.900000,24.900000,0.000000,60,24.631774,24.643234,24.613754,0.006384,60,24.776659,24.791702,24.755966,0.007139,60,24.542015,24.554733,24.526901,0.006904,60,1000.345000,1000.400000,1000.300000,0.050169,60,1000.345000,1000.400000,1000.300000,0.050169,60,24.570000,24.600000,24.400000,0.072017,60,-0.001875,0.081863,-0.098784,0.036878,60,-0.063660,-0.018095,-0.161270,0.027712,60,-0.035246,0.019917,-0.117734,0.031743,60,-0.000385,0.000217,-0.001286,0.000347,60,-0.000020,0.000865,-0.001044,0.000390,60,-0.000681,-0.000193,-0.001724,0.000296,60,1.372420,1.468338,1.242505,0.052192,60,-178.843583,-178.688095,-179.064728,0.059975,60,-0.374338,-0.265868,-0.478583,0.046980,60,7.378586,7.566354,7.262588,0.052592,60,179.312247,179.435303,179.192459,0.056292,60,0.195870,0.291738,0.081013,0.043946,60,0.000000,4.800000,6.000000,4.000000,0.605063,60,2502.616667,2595.000000,2314.000000,56.272067,60,0.480000,0.600000,0.400000,0.060506,60,250.269840,5.573942,60,60,60,60,60,60,60,60,60,60,60,60,60,60,60,60,60,60,60,60,60,60,60,60,60,60,60,60,60,60,12.7942,12.84,12.73,27.29,29,25,26.05,6844609
2026-10-03 03:02:00,22.178760,22.233921,22.111849,0.027077,60,14.045396,14.096285,13.981842,0.025352,60,18.330053,18.365759,18.283360,0.024289,60,97.820000,97.900000,97.200000,0.117603,60,25.315324,25.339134,25.296410,0.010797,60,25.536335,25.568779,25.496681,0.014433,60,25.229645,25.248337,25.208282,0.012093,60,24.900000,24.900000,24.900000,0.000000,60,24.629090,24.646622,24.612991,0.006972,60,24.773798,24.790573,24.755234,0.006763,60,24.539794,24.551559,24.524796,0.006054,60,1000.346667,1000.400000,1000.300000,0.050310,60,1000.346667,1000.400000,1000.300000,0.050310,60,24.593333,24.600000,24.400000,0.036204,60,0.002702,0.071573,-0.087579,0.032132,60,-0.053712,-0.011083,-0.136164,0.027302,60,-0.030658,0.013057,-0.114414,0.026222,60,-0.000335,0.000143,-0.001249,0.000286,60,0.000029,0.000757,-0.000926,0.000340,60,-0.000574,-0.000118,-0.001456,0.000292,60,1.378353,1.564624,1.245251,0.057806,60,-178.830025,-178.689972,-178.958191,0.054714,60,-0.380630,-0.265969,-0.479190,0.050423,60,7.362961,7.489279,7.266602,0.055664,60,179.313848,179.409195,179.152664,0.055170,60,0.182361,0.292697,0.080684,0.047267,60,0.000000,6.033333,7.000000,5.000000,0.735692,60,2504.866667,2692.000000,2351.000000,80.976344,60,0.603333,0.700000,0.500000,0.073569,60,250.486457,8.025643,60,60,60,60,60,60,60,60,60,60,60,60,60,60,60,60,60,60,60,60,60,60,60,60,60,60,60,60,60,60,12.7927,12.84,12.73,27.23,29,25,26.05,6844643
2026-10-03 03:03:00,22.174360,22.230869,22.098116,0.026067,60,14.045828,14.096285,13.981842,0.026854,60,18.332901,18.397802,18.266575,0.031403,60,97.855000,97.900000,97.800000,0.050169,60,25.309093,25.339134,25.283058,0.012198,60,25.534065,25.568779,25.510033,0.012688,60,25.222969,25.264366,25.192261,0.014066,60,24.900000,24.900000,24.900000,0.000000,60,24.624419,24.638382,24.609329,0.005837,60,24.772257,24.785721,24.753586,0.007635,60,24.536611,24.551254,24.524551,0.006756,60,1000.368333,1000.400000,1000.300000,0.046910,60,1000.368333,1000.400000,1000.300000,0.046910,60,24.600000,24.600000,24.600000,0.000001,60,-0.004455,0.052365,-0.116163,0.032287,60,-0.060505,-0.011762,-0.148152,0.030185,60,-0.039344,0.013278,-0.130127,0.033789,60,-0.000430,0.000145,-0.001421,0.000369,60,-0.000047,0.000553,-0.001228,0.000341,60,-0.000647,-0.000126,-0.001584,0.000323,60,1.396147,1.471912,1.281631,0.043760,60,-178.852029,-178.674576,-178.956711,0.053534,60,-0.375994,-0.318897,-0.465611,0.038913,60,7.369716,7.507854,7.242390,0.053176,60,179.300413,179.448135,179.125732,0.053139,60,0.182809,0.266320,0.081561,0.045848,60,0.000000,5.816667,8.000000,3.000000,1.157022,60,2516.500000,2793.000000,2261.000000,146.815057,60,0.581667,0.800000,0.300000,0.115702,60,251.619432,14.570014,60,60,60,60,60,60,60,60,60,60,60,60,60,60,60,60,60,60,60,60,60,60,60,60,60,60,60,60,60,60,12.7944,12.84,12.74,27.20,29,26,26.08,6844677
2026-10-03 03:04:00,22.177717,22.230869,22.110323,0.028335,60,14.049439,14.113070,13.981842,0.025215,60,18.329900,18.397802,18.266575,0.026103,60,97.900000,97.900000,97.900000,0.000003,60,25.305311,25.339134,25.269707,0.014221,60,25.535311,25.568779,25.510033,0.014430,60,25.222480,25.248337,25.192261,0.012844,60,24.900000,24.900000,24.900000,0.000000,60,24.619381,24.631424,24.606735,0.005822,60,24.770584,24.785080,24.754776,0.006492,60,24.533847,24.550583,24.519760,0.006927,60,1000.390000,1000.400000,1000.300000,0.030253,60,1000.390000,1000.400000,1000.300000,0.030253,60,24.600000,24.600000,24.600000,0.000001,60,-0.000370,0.066999,-0.105415,0.034145,60,-0.058639,-0.019904,-0.138426,0.027339,60,-0.036460,0.001328,-0.122824,0.028212,60,-0.000398,0.000014,-0.001341,0.000308,60,-0.000004,0.000708,-0.001114,0.000361,60,-0.000627,-0.000213,-0.001480,0.000292,60,1.393611,1.495179,1.257925,0.045769,60,-178.850053,-178.741333,-178.957947,0.051674,60,-0.371057,-0.265969,-0.478129,0.046921,60,7.385617,7.495462,7.273679,0.047863,60,179.298668,179.475098,179.219040,0.051694,60,0.197212,0.319407,0.107123,0.051303,60,0.000000,4.683333,6.000000,3.000000,0.770025,60,2546.366667,2676.000000,2416.000000,59.508999,60,0.468333,0.600000,0.300000,0.077002,60,254.634525,5.897610,60,60,60,60,60,60,60,60,60,60,60,60,60,60,60,60,60,60,60,60,60,60,60,60,60,60,60,60,60,60,12.7932,12.84,12.74,27.21,29,26,26.06,6844711
2026-10-03 03:05:00,22.176725,22.217136,22.128633,0.023247,60,14.034002,14.096285,13.966582,0.028060,60,18.331477,18.397802,18.266575,0.027375,60,97.833333,97.900000,97.200000,0.096843,60,25.301350,25.325783,25.283058,0.011920,60,25.533709,25.584801,25.496681,0.014505,60,25.217406,25.248337,25.192261,0.013485,60,24.900000,24.900000,24.900000,0.000000,60,24.616951,24.635391,24.603195,0.006368,60,24.772016,24.783157,24.759964,0.006375,60,24.530960,24.543655,24.516495,0.006774,60,1000.398333,1000.400000,1000.300000,0.012910,60,1000.398333,1000.400000,1000.300000,0.012910,60,24.596667,24.600000,24.400000,0.025820,60,-0.006456,0.060825,-0.117763,0.038907,60,-0.057934,-0.000679,-0.154937,0.028806,60,-0.036998,0.018590,-0.139201,0.030320,60,-0.000404,0.000203,-0.001520,0.000331,60,-0.000068,0.000643,-0.001245,0.000411,60,-0.000619,-0.000007,-0.001656,0.000308,60,1.377782,1.495179,1.257529,0.054301,60,-178.840085,-178.740723,-178.928848,0.050801,60,-0.377898,-0.253197,-0.479190,0.044945,60,7.371763,7.518217,7.260583,0.050758,60,179.289570,179.435425,179.125931,0.057169,60,0.198980,0.292697,0.081561,0.048868,60,0.000000,4.600000,5.000000,3.000000,0.527225,60,2475.633333,2650.000000,2314.000000,73.580111,60,0.460000,0.500000,0.300000,0.052722,60,247.563957,7.291970,60,60,60,60,60,60,60,60,60,60,60,60,60,60,60,60,60,60,60,60,60,60,60,60,60,60,60,60,60,60,12.7943,12.84,12.74,27.15,29,25,26.07,6844744
2026-10-03 03:06:00,22.167366,22.217136,22.125582,0.025619,60,14.042802,14.096285,13.981842,0.028600,60,18.334198,18.397802,18.283360,0.024515,60,97.690000,97.800000,97.200000,0.234123,60,25.298101,25.325783,25.269707,0.012261,60,25.532463,25.568779,25.510033,0.012594,60,25.214202,25.248337,25.178909,0.012971,60,24.900000,24.900000,24.900000,0.000000,60,24.612201,24.627426,24.589706,0.008768,60,24.770894,24.788498,24.753189,0.006722,60,24.528617,24.548477,24.515823,0.006945,60,1000.400000,1000.400000,1000.400000,0.000000,60,1000.400000,1000.400000,1000.400000,0.000000,60,24.563333,24.600000,24.400000,0.078041,60,-0.001734,0.075689,-0.112504,0.040012,60,-0.060429,-0.021940,-0.155616,0.028044,60,-0.038400,0.001328,-0.117734,0.027936,60,-0.000419,0.000014,-0.001286,0.000305,60,-0.000018,0.000800,-0.001189,0.000423,60,-0.000646,-0.000235,-0.001664,0.000300,60,1.381696,1.537752,1.243288,0.054863,60,-178.831813,-178.712723,-178.959396,0.055730,60,-0.375207,-0.266272,-0.506702,0.041117,60,7.371862,7.505145,7.269667,0.049349,60,179.299267,179.436066,179.166306,0.060533,60,0.181142,0.358112,0.054671,0.051961,60,0.000000,3.516667,5.000000,2.000000,0.747689,60,2180.766667,2398.000000,1965.000000,89.637758,60,0.351667,0.500000,0.200000,0.074769,60,218.070882,8.870888,60,60,60,60,60,60,60,60,60,60,60,60,60,60,60,60,60,60,60,60,60,60,60,60,60,60,60,60,60,60,12.7910,12.86,12.74,27.27,29,25,26.03,6844778
2026-10-03 03:07:00,22.171715,22.230869,22.111849,0.024438,60,14.038249,14.096285,13.981842,0.024418,60,18.332011,18.397802,18.251316,0.026672,60,97.643333,97.900000,97.200000,0.283062,60,25.294318,25.325783,25.269707,0.013129,60,25.530594,25.552757,25.510033,0.013663,60,25.211220,25.234985,25.178909,0.014297,60,24.900000,24.900000,24.900000,0.000000,60,24.607632,24.625900,24.589859,0.007787,60,24.766731,24.779160,24.748611,0.007018,60,24.522583,24.548386,24.508255,0.007830,60,1000.400000,1000.400000,1000.400000,0.000000,60,1000.400000,1000.400000,1000.400000,0.000000,60,24.543333,24.600000,24.400000,0.090884,60,0.002912,0.091238,-0.095354,0.037996,60,-0.036642,0.019904,-0.125307,0.032852,60,-0.010822,0.046474,-0.101358,0.030089,60,-0.000118,0.000507,-0.001107,0.000329,60,0.000031,0.000964,-0.001008,0.000402,60,-0.000392,0.000213,-0.001340,0.000351,60,1.394697,1.571930,1.295872,0.050243,60,-178.841012,-178.688095,-178.932114,0.051907,60,-0.370279,-0.292704,-0.465314,0.038520,60,7.373417,7.489280,7.268610,0.053685,60,179.295277,179.408386,179.123489,0.055816,60,0.170764,0.266166,0.080793,0.044710,60,0.000000,4.300000,6.000000,3.000000,0.907595,60,2027.166667,2176.000000,1818.000000,87.317299,60,0.430000,0.600000,0.300000,0.090760,60,202.729699,8.652189,60,60,60,60,60,60,60,60,60,60,60,60,60,60,60,60,60,60,60,60,60,60,60,60,60,60,60,60,60,60,12.7935,12.88,12.74,27.20,30,25,26.06,6844812
2026-10-03 03:08:00,22.175987,22.220188,22.111849,0.021755,60,14.051423,14.113070,13.998627,0.026337,60,18.334987,18.408484,18.283360,0.025301,60,97.458333,97.800000,97.100000,0.317454,60,25.293072,25.339134,25.256355,0.016749,60,25.529125,25.552757,25.510033,0.012001,60,25.208327,25.234985,25.178909,0.016523,60,24.900000,24.900000,24.900000,0.000000,60,24.599950,24.616104,24.577316,0.008154,60,24.764691,24.785324,24.750290,0.007631,60,24.514483,24.530777,24.495560,0.007261,60,1000.400000,1000.400000,1000.400000,0.000000,60,1000.400000,1000.400000,1000.400000,0.000000,60,24.503333,24.600000,24.400000,0.100788,60,0.017123,0.081405,-0.080491,0.035367,60,-0.023697,0.027595,-0.125307,0.028279,60,0.005957,0.063293,-0.079891,0.031372,60,0.000065,0.000691,-0.000872,0.000343,60,0.000181,0.000860,-0.000851,0.000374,60,-0.000253,0.000295,-0.001340,0.000302,60,1.388134,1.497444,1.243288,0.053374,60,-178.848296,-178.674576,-179.011627,0.062680,60,-0.377140,-0.266474,-0.505753,0.043822,60,7.373755,7.491341,7.291789,0.048452,60,179.307204,179.475327,179.192459,0.057961,60,0.180866,0.291898,0.054981,0.049999,60,0.000000,6.850000,9.000000,5.000000,1.400061,60,2015.800000,2184.000000,1861.000000,87.088655,60,0.685000,0.900000,0.500000,0.140006,60,201.575124,8.632503,60,60,60,60,60,60,60,60,60,60,60,60,60,60,60,60,60,60,60,60,60,60,60,60,60,60,60,60,60,60,12.7928,12.84,12.74,27.28,29,26,26.05,6844848
2026-10-03 03:09:00,22.172478,22.276646,22.110323,0.029903,60,14.046896,14.081025,13.981842,0.024372,60,18.328476,18.381018,18.248264,0.027210,60,97.618333,98.200000,97.100000,0.213519,60,25.283281,25.296410,25.256355,0.009983,60,25.528769,25.552757,25.496681,0.011514,60,25.202096,25.234985,25.178909,0.013673,60,24.811667,24.900000,24.800000,0.032373,60,24.592539,24.609573,24.577072,0.007567,60,24.763207,24.776413,24.745377,0.006342,60,24.507646,24.526627,24.493210,0.007250,60,1000.400000,1000.400000,1000.400000,0.000000,60,1000.400000,1000.400000,1000.400000,0.000000,60,24.476667,24.600000,24.400000,0.098060,60,0.012337,0.085750,-0.094668,0.033914,60,-0.035119,0.036642,-0.116486,0.028361,60,-0.002999,0.049130,-0.091841,0.028644,60,-0.000033,0.000536,-0.001003,0.000313,60,0.000130,0.000906,-0.001001,0.000358,60,-0.000375,0.000392,-0.001245,0.000303,60,1.387016,1.496084,1.214462,0.058051,60,-178.841547,-178.675201,-178.972198,0.057369,60,-0.378611,-0.253197,-0.531003,0.050900,60,7.366576,7.489280,7.242390,0.050990,60,179.307318,179.408508,179.165131,0.063827,60,0.191787,0.292697,0.120644,0.041738,60,0.000000,6.950000,10.000000,5.000000,1.213274,60,2008.500000,2161.000000,1858.000000,80.893003,60,0.695000,1.000000,0.500000,0.121327,60,200.854211,8.017016,60,60,60,60,60,60,60,60,60,60,60,60,60,60,60,60,60,60,60,60,60,60,60,60,60,60,60,60,60,60,12.7903,12.84,12.74,27.16,29,25,26.05,6844881
2026-10-03 03:10:00,22.182091,22.229343,22.125582,0.025873,60,14.046616,14.113070,13.981842,0.028897,60,18.332494,18.408484,18.280308,0.030492,60,97.501667,97.600000,97.500000,0.012910,60,25.276115,25.296410,25.240326,0.011267,60,25.525609,25.552757,25.496681,0.013367,60,25.194263,25.221634,25.165558,0.012920,60,24.800000,24.800000,24.800000,0.000001,60,24.584069,24.604263,24.569473,0.007296,60,24.759976,24.777878,24.734879,0.007103,60,24.501958,24.513748,24.488174,0.006843,60,1000.400000,1000.400000,1000.400000,0.000000,60,1000.400000,1000.400000,1000.400000,0.000000,60,24.398333,24.400000,24.300000,0.012910,60,0.003499,0.079576,-0.112275,0.037711,60,-0.029755,0.019452,-0.109474,0.029763,60,-0.010427,0.038286,-0.092505,0.027930,60,-0.000114,0.000418,-0.001010,0.000305,60,0.000037,0.000841,-0.001187,0.000399,60,-0.000318,0.000208,-0.001170,0.000318,60,1.380586,1.511337,1.282834,0.051334,60,-178.851831,-178.739838,-178.971710,0.056615,60,-0.376435,-0.292490,-0.466057,0.036442,60,7.378825,7.492670,7.161723,0.054533,60,179.306703,179.382736,179.192459,0.044384,60,0.196618,0.265398,0.107354,0.042556,60,0.000000,5.500000,8.000000,3.000000,1.081430,60,2102.750000,2310.000000,1958.000000,85.793924,60,0.550000,0.800000,0.300000,0.108143,60,210.270110,8.502715,60,60,60,60,60,60,60,60,60,60,60,60,60,60,60,60,60,60,60,60,60,60,60,60,60,60,60,60,60,60,12.7929,12.86,12.74,27.25,29,25,26.07,6844915
2026-10-03 03:11:00,22.175097,22.230869,22.125582,0.027257,60,14.043336,14.113070,13.998627,0.025486,60,18.335012,18.397802,18.280308,0.026937,60,97.495000,97.500000,97.400000,0.021978,60,25.271665,25.296410,25.240326,0.011069,60,25.521025,25.552757,25.496681,0.012193,60,25.189590,25.221634,25.165558,0.014953,60,24.800000,24.800000,24.800000,0.000001,60,24.579265,24.594742,24.561905,0.006234,60,24.758263,24.771927,24.743118,0.006825,60,24.496760,24.512161,24.486618,0.006231,60,1000.401667,1000.500000,1000.400000,0.012910,60,1000.401667,1000.500000,1000.400000,0.012910,60,24.373333,24.400000,24.300000,0.044595,60,0.005774,0.083006,-0.112961,0.042495,60,-0.024590,0.016964,-0.100200,0.025993,60,-0.007882,0.049794,-0.080555,0.027592,60,-0.000086,0.000544,-0.000880,0.000301,60,0.000061,0.000877,-0.001194,0.000449,60,-0.000263,0.000181,-0.001071,0.000278,60,1.392608,1.561342,1.321929,0.048645,60,-178.844151,-178.648163,-178.969788,0.059481,60,-0.384869,-0.265868,-0.477978,0.045969,60,7.376792,7.485163,7.250407,0.051730,60,179.301449,179.435944,179.219406,0.062101,60,0.180873,0.266320,0.080793,0.044647,60,0.000000,6.433333,10.000000,4.000000,1.454003,60,2172.300000,2347.000000,2016.000000,78.856510,60,0.643333,1.000000,0.400000,0.145400,60,217.225486,7.813754,60,60,60,60,60,60,60,60,60,60,60,60,60,60,60,60,60,60,60,60,60,60,60,60,60,60,60,60,60,60,12.7934,12.84,12.74,27.23,29,26,26.08,6844949
2026-10-03 03:12:00,22.182193,22.247654,22.110323,0.026675,60,14.039775,14.096285,13.998627,0.022461,60,18.336131,18.394751,18.280308,0.024153,60,97.401667,97.500000,97.300000,0.046910,60,25.268015,25.283058,25.240326,0.011861,60,25.520758,25.539406,25.496681,0.011440,60,25.183493,25.208282,25.165558,0.010637,60,24.800000,24.800000,24.800000,0.000001,60,24.570477,24.587753,24.552505,0.006612,60,24.756740,24.777969,24.740402,0.006462,60,24.487334,24.503922,24.467148,0.006774,60,1000.405000,1000.500000,1000.400000,0.021978,60,1000.405000,1000.500000,1000.400000,0.021978,60,24.318333,24.400000,24.300000,0.039020,60,0.013297,0.078433,-0.111132,0.038716,60,-0.021088,0.023297,-0.107891,0.029197,60,-0.008100,0.030097,-0.091178,0.029839,60,-0.000088,0.000329,-0.000996,0.000326,60,0.000141,0.000829,-0.001175,0.000409,60,-0.000225,0.000249,-0.001153,0.000312,60,1.386077,1.498805,1.282834,0.052119,60,-178.853743,-178.756332,-178.998795,0.049602,60,-0.373981,-0.266777,-0.465611,0.046660,60,7.369483,7.482362,7.252414,0.048019,60,179.314250,179.436966,179.125320,0.057757,60,0.188711,0.292217,0.107354,0.047954,60,0.000000,7.050000,8.000000,6.000000,0.501692,60,2158.983333,2254.000000,2002.000000,55.339780,60,0.705000,0.800000,0.600000,0.050169,60,215.905605,5.482866,60,60,60,60,60,60,60,60,60,60,60,60,60,60,60,60,60,60,60,60,60,60,60,60,60,60,60,60,60,60,12.7915,12.86,12.74,27.17,29,25,26.04,6844983
2026-10-03 03:13:00,22.171028,22.258335,22.110323,0.029081,60,14.039165,14.081025,13.998627,0.022478,60,18.335063,18.408484,18.280308,0.026993,60,97.530000,98.000000,97.400000,0.238853,60,25.259559,25.283058,25.226974,0.012640,60,25.518400,25.539406,25.483330,0.012529,60,25.173880,25.208282,25.152206,0.012793,60,24.776667,24.800000,24.700000,0.042652,60,24.564014,24.579636,24.544815,0.007455,60,24.751655,24.769547,24.736771,0.006542,60,24.478443,24.495438,24.463547,0.006621,60,1000.416667,1000.500000,1000.400000,0.037582,60,1000.416667,1000.500000,1000.400000,0.037582,60,24.323333,24.400000,24.300000,0.042652,60,0.013084,0.083235,-0.069743,0.035022,60,-0.029645,0.020131,-0.106307,0.028988,60,-0.014127,0.030097,-0.104234,0.030920,60,-0.000154,0.000329,-0.001138,0.000338,60,0.000138,0.000880,-0.000737,0.000370,60,-0.000317,0.000215,-0.001136,0.000310,60,1.378511,1.495179,1.221417,0.054136,60,-178.836615,-178.740433,-178.959152,0.049181,60,-0.383895,-0.291634,-0.480406,0.043792,60,7.385611,7.532014,7.301885,0.046610,60,179.296484,179.448380,179.152664,0.062271,60,0.175070,0.331416,0.053949,0.051565,60,0.000000,7.500000,10.000000,6.000000,1.000000,60,2122.233333,2242.000000,1928.000000,70.343556,60,0.750000,1.000000,0.600000,0.100000,60,212.235768,6.967933,60,60,60,60,60,60,60,60,60,60,60,60,60,60,60,60,60,60,60,60,60,60,60,60,60,60,60,60,60,60,12.7903,12.86,12.74,27.12,29,25,26.05,6845016
2026-10-03 03:14:00,22.170697,22.215611,22.110323,0.022894,60,14.041428,14.113070,13.966582,0.028044,60,18.330129,18.379492,18.265049,0.025127,60,97.520000,98.000000,96.900000,0.258942,60,25.252703,25.283058,25.226974,0.013821,60,25.514350,25.539406,25.496681,0.012292,60,25.167472,25.192261,25.136185,0.011718,60,24.778333,24.800000,24.700000,0.041545,60,24.556478,24.568344,24.542984,0.005997,60,24.749487,24.768661,24.731796,0.007954,60,24.471507,24.487076,24.455826,0.007101,60,1000.406667,1000.500000,1000.400000,0.025155,60,1000.406667,1000.500000,1000.400000,0.025155,60,24.321667,24.400000,24.300000,0.041545,60,0.013621,0.066999,-0.093753,0.034435,60,-0.035394,0.001131,-0.132997,0.027099,60,-0.018180,0.025671,-0.109546,0.032432,60,-0.000199,0.000280,-0.001196,0.000354,60,0.000144,0.000708,-0.000991,0.000364,60,-0.000378,0.000012,-0.001422,0.000290,60,1.385072,1.511337,1.282834,0.051068,60,-178.858048,-178.647537,-179.011398,0.065250,60,-0.359448,-0.266171,-0.465166,0.040258,60,7.373383,7.472076,7.240387,0.050405,60,179.305841,179.409058,179.191711,0.055101,60,0.184830,0.265859,0.054774,0.048299,60,0.000000,7.650000,10.000000,5.000000,1.375635,60,2003.450000,2278.000000,1672.000000,121.543662,60,0.765000,1.000000,0.500000,0.137564,60,200.367338,12.021163,60,60,60,60,60,60,60,60,60,60,60,60,60,60,60,60,60,60,60,60,60,60,60,60,60,60,60,60,60,60,12.7907,12.84,12.73,27.25,29,26,26.05,6845050
2026-10-03 03:15:00,22.177386,22.229343,22.125582,0.025539,60,14.047150,14.096285,13.998627,0.026986,60,18.330892,18.394751,18.280308,0.028475,60,97.683333,98.000000,96.900000,0.331492,60,25.244735,25.283058,25.213623,0.014276,60,25.515418,25.539406,25.496681,0.012028,60,25.160039,25.178909,25.136185,0.013273,60,24.738333,24.800000,24.700000,0.049030,60,24.551288,24.564896,24.536880,0.006783,60,24.747117,24.764969,24.732834,0.007806,60,24.466581,24.484207,24.450333,0.008524,60,1000.405000,1000.500000,1000.400000,0.021978,60,1000.405000,1000.500000,1000.400000,0.021978,60,24.350000,24.400000,24.300000,0.050422,60,0.007386,0.091467,-0.143603,0.042249,60,-0.043710,0.006786,-0.108569,0.025303,60,-0.016170,0.026114,-0.102907,0.029927,60,-0.000177,0.000285,-0.001124,0.000327,60,0.000078,0.000967,-0.001518,0.000447,60,-0.000467,0.000073,-0.001161,0.000270,60,1.387760,1.471912,1.283638,0.044614,60,-178.855540,-178.714249,-178.972687,0.053174,60,-0.366746,-0.292383,-0.479190,0.041539,60,7.379930,7.522347,7.272629,0.046396,60,179.294731,179.409592,179.165527,0.058768,60,0.184384,0.293018,0.054981,0.051482,60,0.000000,9.066667,13.000000,5.000000,1.947329,60,1888.533333,2105.000000,1645.000000,81.657712,60,0.906667,1.300000,0.500000,0.194733,60,188.864686,8.082005,60,60,60,60,60,60,60,60,60,60,60,60,60,60,60,60,60,60,60,60,60,60,60,60,60,60,60,60,60,60,12.7916,12.84,12.74,27.26,29,25,26.05,6845084
2026-10-03 03:16:00,22.171333,22.215611,22.124056,0.023026,60,14.045370,14.113070,13.998627,0.026350,60,18.331680,18.379492,18.265049,0.026657,60,97.552542,98.000000,96.900000,0.317510,59,25.239482,25.269707,25.213623,0.011714,60,25.511946,25.539406,25.483330,0.012351,60,25.155722,25.178909,25.136185,0.012616,60,24.703390,24.800000,24.700000,0.018252,59,24.543125,24.559769,24.529099,0.007165,60,24.744793,24.757004,24.731552,0.006124,60,24.461431,24.473587,24.449600,0.005707,60,1000.401695,1000.500000,1000.400000,0.013019,59,1000.401695,1000.500000,1000.400000,0.013019,59,24.337288,24.400000,24.300000,0.048772,59,0.008861,0.060139,-0.098327,0.036376,60,-0.039138,0.000226,-0.125081,0.027374,60,-0.023543,0.027220,-0.104013,0.028430,60,-0.000257,0.000297,-0.001136,0.000310,60,0.000094,0.000636,-0.001039,0.000384,60,-0.000418,0.000002,-0.001337,0.000293,60,1.382120,1.498805,1.242113,0.051742,60,-178.828792,-178.714554,-178.957199,0.058332,60,-0.377799,-0.292811,-0.479190,0.041986,60,7.367948,7.505145,7.266602,0.056066,60,179.307581,179.435043,179.164734,0.059823,60,0.173400,0.265398,0.054464,0.047574,60,0.000000,8.066667,11.000000,5.000000,1.412615,60,1989.266667,2197.000000,1804.000000,105.079771,60,0.806667,1.100000,0.500000,0.141261,60,198.899182,10.414315,60,60,60,60,60,60,60,60,60,60,60,60,60,60,60,60,60,60,60,60,60,60,59,59,59,59,59,59,60,60,12.7913,12.86,12.73,27.29,29,25,26.09,6845118
2026-10-03 03:17:00,22.182930,22.256809,22.137789,0.024822,60,14.037054,14.096285,13.966582,0.028185,60,18.332520,18.394751,18.280308,0.025407,60,97.386667,97.900000,97.200000,0.262625,60,25.232405,25.256355,25.200272,0.012410,60,25.511234,25.539406,25.483330,0.012984,60,25.146421,25.178909,25.122833,0.012084,60,24.700000,24.700000,24.700000,0.000000,60,24.537376,24.553421,24.526291,0.006470,60,24.742328,24.756729,24.722336,0.006801,60,24.454169,24.467941,24.440872,0.006521,60,1000.400000,1000.400000,1000.400000,0.000000,60,1000.400000,1000.400000,1000.400000,0.000000,60,24.320000,24.400000,24.300000,0.040338,60,0.000819,0.088265,-0.124166,0.044083,60,-0.044136,0.004298,-0.159235,0.034764,60,-0.035320,0.033638,-0.137430,0.035224,60,-0.000386,0.000367,-0.001501,0.000385,60,0.000009,0.000933,-0.001312,0.000466,60,-0.000472,0.000046,-0.001702,0.000372,60,1.398907,1.511337,1.244466,0.054403,60,-178.845563,-178.712723,-178.999252,0.058863,60,-0.363928,-0.266676,-0.465908,0.047187,60,7.372140,7.462322,7.230165,0.051041,60,179.319188,179.434647,179.191147,0.054987,60,0.197414,0.332263,0.081122,0.054291,60,0.000000,11.583333,17.000000,7.000000,2.149432,60,2008.433333,2173.000000,1831.000000,95.686700,60,1.158333,1.700000,0.700000,0.214943,60,200.851182,9.486633,60,60,60,60,60,60,60,60,60,60,60,60,60,60,60,60,60,60,60,60,60,60,60,60,60,60,60,60,60,60,12.7919,12.88,12.74,27.25,29,26,26.05,6845151
2026-10-03 03:18:00,22.184227,22.244602,22.137789,0.025283,60,14.043158,14.096285,13.981842,0.025412,60,18.336767,18.394751,18.278782,0.023235,60,97.145000,97.200000,97.100000,0.050169,60,25.229512,25.256355,25.213623,0.010504,60,25.506116,25.539406,25.483330,0.012256,60,25.140324,25.165558,25.109482,0.013987,60,24.700000,24.700000,24.700000,0.000000,60,24.534523,24.547653,24.518143,0.006632,60,24.741253,24.753830,24.729721,0.005386,60,24.448315,24.465164,24.425064,0.008321,60,1000.400000,1000.400000,1000.400000,0.000000,60,1000.400000,1000.400000,1000.400000,0.000000,60,24.300000,24.300000,24.300000,0.000001,60,-0.040470,0.043218,-0.125309,0.036543,60,-0.090086,-0.026916,-0.188187,0.032929,60,-0.083841,-0.035630,-0.158012,0.027462,60,-0.000916,-0.000389,-0.001725,0.000300,60,-0.000428,0.000457,-0.001325,0.000386,60,-0.000963,-0.000288,-0.002012,0.000352,60,1.401955,1.510880,1.257529,0.056334,60,-178.840083,-178.716064,-178.955963,0.054309,60,-0.373246,-0.292704,-0.531987,0.040480,60,7.377159,7.478995,7.250407,0.044003,60,179.303900,179.409454,179.191147,0.057405,60,0.178765,0.320408,0.015440,0.054632,60,0.000000,11.316667,16.000000,7.000000,2.521041,60,2098.350000,2308.000000,1954.000000,89.146200,60,1.131667,1.600000,0.700000,0.252104,60,209.820076,8.832492,60,60,60,60,60,60,60,60,60,60,60,60,60,60,60,60,60,60,60,60,60,60,60,60,60,60,60,60,60,60,12.7914,12.84,12.73,27.31,29,26,26.03,6845185
2026-10-03 03:19:00,22.179802,22.243076,22.124056,0.025132,60,14.047735,14.096285,13.981842,0.029472,60,18.330409,18.394751,18.294041,0.022976,60,97.095000,97.100000,97.000000,0.021978,60,25.223192,25.240326,25.200272,0.009861,60,25.505627,25.539406,25.483330,0.012809,60,25.138632,25.165558,25.109482,0.014971,60,24.700000,24.700000,24.700000,0.000000,60,24.534673,24.550888,24.516525,0.006757,60,24.746735,24.767776,24.732529,0.006735,60,24.449551,24.466141,24.434616,0.007143,60,1000.400000,1000.400000,1000.400000,0.000000,60,1000.400000,1000.400000,1000.400000,0.000000,60,24.300000,24.300000,24.300000,0.000001,60,-0.034167,0.065856,-0.123937,0.038257,60,-0.093995,-0.054058,-0.170544,0.025707,60,-0.076719,-0.030983,-0.169519,0.029385,60,-0.000838,-0.000338,-0.001851,0.000321,60,-0.000361,0.000696,-0.001310,0.000404,60,-0.001005,-0.000578,-0.001823,0.000275,60,1.387547,1.510880,1.297087,0.047851,60,-178.846422,-178.740723,-178.972198,0.051678,60,-0.377653,-0.226096,-0.465166,0.042073,60,7.364097,7.476188,7.256432,0.049445,60,179.305378,179.408112,179.192093,0.046799,60,0.174570,0.292537,0.054671,0.050276,60,0.000000,10.350000,13.000000,6.000000,1.624234,60,2123.083333,2267.000000,1932.000000,68.515071,60,1.035000,1.300000,0.600000,0.162423,60,212.315477,6.787757,60,60,60,60,60,60,60,60,60,60,60,60,60,60,60,60,60,60,60,60,60,60,60,60,60,60,60,60,60,60,12.7879,12.84,12.74,27.18,29,25,26.05,6845219
2026-10-03 03:20:00,22.178123,22.244602,22.093538,0.023373,60,14.042776,14.094759,13.998627,0.025068,60,18.338318,18.439003,18.265049,0.031341,60,97.065000,97.100000,97.000000,0.048099,60,25.225684,25.256355,25.200272,0.010470,60,25.507763,25.539406,25.483330,0.013218,60,25.137030,25.165558,25.109482,0.014048,60,24.700000,24.700000,24.700000,0.000000,60,24.532755,24.544754,24.515274,0.007031,60,24.744800,24.761215,24.731979,0.006861,60,24.446234,24.464005,24.432663,0.007075,60,1000.400000,1000.400000,1000.400000,0.000000,60,1000.400000,1000.400000,1000.400000,0.000000,60,24.300000,24.300000,24.300000,0.000001,60,-0.018678,0.080948,-0.109303,0.038427,60,-0.096777,-0.049535,-0.190901,0.030358,60,-0.086821,-0.025893,-0.199617,0.032696,60,-0.000948,-0.000283,-0.002180,0.000357,60,-0.000197,0.000856,-0.001155,0.000406,60,-0.001035,-0.000530,-0.002041,0.000325,60,1.387259,1.507234,1.282433,0.054806,60,-178.838003,-178.686234,-178.970993,0.051301,60,-0.379897,-0.293241,-0.466057,0.041325,60,7.368815,7.505145,7.273679,0.054310,60,179.306676,179.409058,179.192657,0.050284,60,0.187575,0.292697,0.107470,0.045424,60,0.000000,12.850000,18.000000,9.000000,2.161489,60,2177.366667,2327.000000,2075.000000,52.598887,60,1.285000,1.800000,0.900000,0.216149,60,217.730215,5.211784,60,60,60,60,60,60,60,60,60,60,60,60,60,60,60,60,60,60,60,60,60,60,60,60,60,60,60,60,60,60,12.7887,12.83,12.74,27.27,29,26,26.04,6845253
2026-10-03 03:21:00,22.173546,22.226292,22.121004,0.025206,60,14.038732,14.096285,13.966582,0.027628,60,18.331044,18.394751,18.261997,0.028311,60,97.018333,97.100000,97.000000,0.039020,60,25.225461,25.256355,25.200272,0.012422,60,25.509321,25.539406,25.483330,0.012581,60,25.135784,25.165558,25.109482,0.014290,60,24.700000,24.700000,24.700000,0.000000,60,24.536212,24.551529,24.523422,0.006222,60,24.748359,24.762070,24.728470,0.007316,60,24.448177,24.461807,24.436172,0.006000,60,1000.400000,1000.400000,1000.400000,0.000000,60,1000.400000,1000.400000,1000.400000,0.000000,60,24.300000,24.300000,24.300000,0.000001,60,-0.047563,0.040245,-0.187050,0.041939,60,-0.116961,-0.060392,-0.210127,0.031231,60,-0.102427,-0.052671,-0.213338,0.033878,60,-0.001119,-0.000575,-0.002330,0.000370,60,-0.000503,0.000425,-0.001977,0.000443,60,-0.001250,-0.000646,-0.002246,0.000334,60,1.386430,1.471017,1.283638,0.043648,60,-178.844265,-178.712723,-178.998550,0.049877,60,-0.380417,-0.292811,-0.504963,0.044891,60,7.373280,7.489280,7.246396,0.042963,60,179.320920,179.449387,179.193024,0.059158,60,0.196190,0.319407,0.054155,0.049093,60,0.000000,10.066667,14.000000,7.000000,1.812075,60,2212.250000,2301.000000,2148.000000,38.412844,60,1.006667,1.400000,0.700000,0.181208,60,221.224709,3.808523,60,60,60,60,60,60,60,60,60,60,60,60,60,60,60,60,60,60,60,60,60,60,60,60,60,60,60,60,60,60,12.7884,12.83,12.74,27.16,29,25,26.05,6845287
2026-10-03 03:22:00,22.177411,22.212559,22.124056,0.020240,60,14.035096,14.113070,13.981842,0.026794,60,18.325500,18.376440,18.278782,0.025487,60,97.043333,97.100000,97.000000,0.049972,60,25.223414,25.240326,25.200272,0.012502,60,25.515106,25.539406,25.483330,0.013981,60,25.128975,25.152206,25.096130,0.013010,60,24.700000,24.700000,24.700000,0.000000,60,24.537013,24.552505,24.521286,0.006335,60,24.748148,24.760025,24.728317,0.006536,60,24.445425,24.464005,24.426773,0.007421,60,1000.400000,1000.400000,1000.400000,0.000000,60,1000.400000,1000.400000,1000.400000,0.000000,60,24.300000,24.300000,24.300000,0.000001,60,-0.044845,0.076603,-0.149777,0.041507,60,-0.098187,-0.058808,-0.170996,0.025287,60,-0.092000,-0.034524,-0.177265,0.031002,60,-0.001005,-0.000377,-0.001936,0.000339,60,-0.000474,0.000810,-0.001583,0.000439,60,-0.001050,-0.000629,-0.001828,0.000270,60,1.405296,1.565094,1.298303,0.057518,60,-178.848430,-178.673004,-178.996658,0.059864,60,-0.386844,-0.318444,-0.479190,0.040006,60,7.373140,7.517526,7.203052,0.060313,60,179.308725,179.474838,179.166306,0.066191,60,0.179289,0.266320,0.081671,0.042485,60,0.000000,9.816667,13.000000,8.000000,0.999859,60,2193.116667,2292.000000,2080.000000,40.491511,60,0.981667,1.300000,0.800000,0.099986,60,219.313791,4.012701,60,60,60,60,60,60,60,60,60,60,60,60,60,60,60,60,60,60,60,60,60,60,60,60,60,60,60,60,60,60,12.7886,12.84,12.73,27.20,29,26,26.06,6845320
2026-10-03 03:23:00,22.167188,22.243076,22.107271,0.029377,60,14.041428,14.113070,13.963531,0.030735,60,18.328832,18.376440,18.261997,0.027867,60,97.000000,97.000000,97.000000,0.000000,60,25.225684,25.256355,25.200272,0.010470,60,25.511457,25.539406,25.483330,0.012606,60,25.129420,25.165558,25.096130,0.014388,60,24.700000,24.700000,24.700000,0.000000,60,24.537658,24.551132,24.522659,0.006102,60,24.750251,24.761826,24.738663,0.006409,60,24.445691,24.460953,24.425369,0.007605,60,1000.400000,1000.400000,1000.400000,0.000000,60,1000.400000,1000.400000,1000.400000,0.000000,60,24.300000,24.300000,24.300000,0.000001,60,-0.029711,0.066085,-0.144518,0.043608,60,-0.088676,-0.052023,-0.155616,0.026028,60,-0.077693,-0.035630,-0.163544,0.030181,60,-0.000848,-0.000389,-0.001786,0.000330,60,-0.000314,0.000699,-0.001528,0.000461,60,-0.000948,-0.000556,-0.001664,0.000278,60,1.376532,1.565094,1.255948,0.052862,60,-178.854755,-178.718201,-178.998795,0.058803,60,-0.379211,-0.266272,-0.479190,0.042595,60,7.390290,7.522358,7.307935,0.046379,60,179.300333,179.448746,179.166306,0.057120,60,0.194125,0.292537,0.107007,0.044758,60,0.000000,9.716667,14.000000,7.000000,1.496795,60,2056.800000,2231.000000,1825.000000,103.461251,60,0.971667,1.400000,0.700000,0.149680,60,205.701789,10.249717,60,60,60,60,60,60,60,60,60,60,60,60,60,60,60,60,60,60,60,60,60,60,60,60,60,60,60,60,60,60,12.7860,12.84,12.72,27.20,29,26,26.03,6845354
2026-10-03 03:24:00,22.173571,22.243076,22.124056,0.024260,60,14.036825,14.096285,13.981842,0.028584,60,18.327764,18.406958,18.261997,0.029172,60,96.985000,97.000000,96.900000,0.036008,60,25.224749,25.256355,25.184250,0.012584,60,25.514038,25.539406,25.483330,0.012938,60,25.125459,25.152206,25.096130,0.012778,60,24.700000,24.700000,24.700000,0.000000,60,24.535993,24.555313,24.518570,0.007683,60,24.751461,24.764603,24.739822,0.005486,60,24.441945,24.463028,24.424637,0.006709,60,1000.400000,1000.400000,1000.400000,0.000000,60,1000.400000,1000.400000,1000.400000,0.000000,60,24.300000,24.300000,24.300000,0.000001,60,-0.018690,0.051450,-0.139258,0.041906,60,-0.080963,-0.041392,-0.158782,0.027630,60,-0.066056,-0.021688,-0.147168,0.028806,60,-0.000721,-0.000237,-0.001607,0.000315,60,-0.000198,0.000544,-0.001472,0.000443,60,-0.000865,-0.000442,-0.001697,0.000295,60,1.386702,1.508600,1.294659,0.050267,60,-178.858873,-178.742218,-178.970261,0.052376,60,-0.393246,-0.292811,-0.465908,0.037204,60,7.374392,7.488544,7.281718,0.046039,60,179.301217,179.449142,179.192093,0.059650,60,0.179966,0.266166,0.054774,0.041624,60,0.000000,10.616667,14.000000,8.000000,1.508076,60,2026.150000,2182.000000,1856.000000,71.877916,60,1.061667,1.400000,0.800000,0.150808,60,202.621079,7.121813,60,60,60,60,60,60,60,60,60,60,60,60,60,60,60,60,60,60,60,60,60,60,60,60,60,60,60,60,60,60,12.7909,12.84,12.73,27.28,29,26,26.04,6845388
2026-10-03 03:25:00,22.174741,22.243076,22.105745,0.028205,60,14.038860,14.096285,13.963531,0.030411,60,18.326238,18.376440,18.261997,0.026926,60,96.871667,97.000000,96.800000,0.052373,60,25.223637,25.240326,25.200272,0.011431,60,25.510967,25.539406,25.469978,0.012061,60,25.123901,25.152206,25.080109,0.014445,60,24.700000,24.700000,24.700000,0.000000,60,24.534552,24.546799,24.517807,0.006030,60,24.750799,24.762863,24.731033,0.007130,60,24.437729,24.457352,24.422287,0.007107,60,1000.400000,1000.400000,1000.400000,0.000000,60,1000.400000,1000.400000,1000.400000,0.000000,60,24.300000,24.300000,24.300000,0.000001,60,-0.015702,0.064255,-0.118449,0.040020,60,-0.078027,-0.026238,-0.164889,0.031730,60,-0.087943,-0.009959,-0.171954,0.036498,60,-0.000960,-0.000109,-0.001878,0.000399,60,-0.000166,0.000679,-0.001252,0.000423,60,-0.000834,-0.000280,-0.001763,0.000339,60,1.388022,1.507689,1.242505,0.046732,60,-178.845948,-178.754868,-178.932114,0.042482,60,-0.389724,-0.292490,-0.505121,0.046801,60,7.362240,7.478995,7.260583,0.046880,60,179.306485,179.408386,179.218124,0.048275,60,0.185896,0.291738,0.056018,0.042331,60,0.000000,12.866667,16.000000,7.000000,1.926327,60,2014.283333,2124.000000,1916.000000,57.145990,60,1.286667,1.600000,0.700000,0.192633,60,201.425928,5.665262,60,60,60,60,60,60,60,60,60,60,60,60,60,60,60,60,60,60,60,60,60,60,60,60,60,60,60,60,60,60,12.7880,12.84,12.73,27.20,29,25,26.07,6845422
2026-10-03 03:26:00,22.176063,22.272068,22.093538,0.026582,60,14.042064,14.096285,13.981842,0.026228,60,18.327586,18.393225,18.275730,0.026575,60,96.735000,96.800000,96.700000,0.048099,60,25.223058,25.256355,25.200272,0.011856,60,25.512525,25.526054,25.483330,0.011550,60,25.122522,25.152206,25.096130,0.013519,60,24.700000,24.700000,24.700000,0.000000,60,24.536081,24.550217,24.518082,0.006652,60,24.754152,24.765976,24.744156,0.005186,60,24.436566,24.448502,24.418472,0.006693,60,1000.400000,1000.400000,1000.400000,0.000000,60,1000.400000,1000.400000,1000.400000,0.000000,60,24.300000,24.300000,24.300000,0.000001,60,-0.052894,0.019437,-0.136057,0.039761,60,-0.118239,-0.069213,-0.197460,0.027488,60,-0.098820,-0.051564,-0.168634,0.025621,60,-0.001079,-0.000563,-0.001841,0.000280,60,-0.000559,0.000205,-0.001438,0.000420,60,-0.001264,-0.000740,-0.002111,0.000294,60,1.388718,1.500168,1.296277,0.044157,60,-178.841412,-178.687485,-178.957443,0.058957,60,-0.387253,-0.292168,-0.479645,0.044383,60,7.376936,7.478243,7.216166,0.052780,60,179.302302,179.448898,179.192459,0.053460,60,0.190680,0.266166,0.081561,0.047147,60,0.000000,13.133333,15.000000,11.000000,0.910702,60,1999.283333,2069.000000,1911.000000,35.668004,60,1.313333,1.500000,1.100000,0.091070,60,199.928310,3.536110,60,60,60,60,60,60,60,60,60,60,60,60,60,60,60,60,60,60,60,60,60,60,60,60,60,60,60,60,60,60,12.7875,12.84,12.74,27.21,29,26,26.06,6845456
2026-10-03 03:27:00,22.169070,22.226292,22.093538,0.027078,60,14.032196,14.081025,13.966582,0.025569,60,18.326569,18.376440,18.265049,0.025995,60,96.668333,96.700000,96.600000,0.046910,60,25.219854,25.240326,25.200272,0.010564,60,25.511768,25.539406,25.483330,0.012552,60,25.123501,25.152206,25.096130,0.013911,60,24.700000,24.700000,24.700000,0.000000,60,24.535379,24.554733,24.518814,0.007443,60,24.754549,24.770187,24.735550,0.007975,60,24.437239,24.451096,24.423019,0.006240,60,1000.400000,1000.400000,1000.400000,0.000000,60,1000.400000,1000.400000,1000.400000,0.000000,60,24.236667,24.300000,24.100000,0.093820,60,-0.027394,0.044133,-0.142688,0.041243,60,-0.095967,-0.054737,-0.198817,0.029435,60,-0.092243,-0.032532,-0.180585,0.035566,60,-0.001007,-0.000355,-0.001972,0.000388,60,-0.000290,0.000466,-0.001508,0.000436,60,-0.001026,-0.000585,-0.002125,0.000315,60,1.392914,1.470570,1.296277,0.041559,60,-178.848691,-178.714249,-178.996658,0.060376,60,-0.391126,-0.319010,-0.479341,0.039403,60,7.379760,7.482362,7.266602,0.049373,60,179.302015,179.409058,179.151077,0.057906,60,0.186846,0.267399,0.106775,0.046893,60,0.000000,11.716667,14.000000,9.000000,1.328841,60,1985.883333,2079.000000,1881.000000,41.568849,60,1.171667,1.400000,0.900000,0.132884,60,198.589517,4.120729,60,60,60,60,60,60,60,60,60,60,60,60,60,60,60,60,60,60,60,60,60,60,60,60,60,60,60,60,60,60,12.7877,12.84,12.73,27.30,29,25,26.04,6845489
2026-10-03 03:28:00,22.173953,22.243076,22.107271,0.027385,60,14.042852,14.096285,13.981842,0.025710,60,18.324712,18.376440,18.261997,0.029200,60,96.608333,96.700000,96.600000,0.027872,60,25.219631,25.256355,25.184250,0.013789,60,25.512747,25.539406,25.483330,0.013945,60,25.121810,25.152206,25.096130,0.012331,60,24.700000,24.700000,24.700000,0.000000,60,24.534313,24.548599,24.523270,0.006229,60,24.753615,24.775650,24.731155,0.007653,60,24.436074,24.451675,24.416946,0.007455,60,1000.400000,1000.400000,1000.400000,0.000000,60,1000.400000,1000.400000,1000.400000,0.000000,60,24.116667,24.300000,24.100000,0.055744,60,-0.002348,0.068143,-0.091695,0.036141,60,-0.088804,-0.047725,-0.162854,0.027167,60,-0.075443,-0.023680,-0.188552,0.033469,60,-0.000824,-0.000259,-0.002059,0.000365,60,-0.000025,0.000720,-0.000969,0.000382,60,-0.000949,-0.000510,-0.001741,0.000290,60,1.388549,1.501078,1.244466,0.058642,60,-178.849369,-178.742813,-178.959152,0.057652,60,-0.378519,-0.293026,-0.465908,0.042424,60,7.385946,7.488544,7.297845,0.045322,60,179.304264,179.407990,179.165131,0.058475,60,0.187061,0.330066,0.080465,0.048336,60,0.000000,13.983333,15.000000,13.000000,0.812856,60,1929.633333,2023.000000,1848.000000,40.725608,60,1.398333,1.500000,1.300000,0.081286,60,192.962674,4.037633,60,60,60,60,60,60,60,60,60,60,60,60,60,60,60,60,60,60,60,60,60,60,60,60,60,60,60,60,60,60,12.7879,12.84,12.74,27.25,29,26,26.04,6845523
2026-10-03 03:29:00,22.174207,22.212559,22.124056,0.023007,60,14.037028,14.096285,13.981842,0.027354,60,18.327840,18.390173,18.275730,0.024205,60,96.580000,96.600000,96.500000,0.040338,60,25.220966,25.240326,25.200272,0.012395,60,25.517287,25.539406,25.483330,0.011993,60,25.118160,25.152206,25.080109,0.014314,60,24.700000,24.700000,24.700000,0.000000,60,24.536529,24.551987,24.517868,0.007457,60,24.751726,24.763931,24.732285,0.007236,60,24.432529,24.453018,24.419357,0.007742,60,1000.400000,1000.400000,1000.400000,0.000000,60,1000.400000,1000.400000,1000.400000,0.000000,60,24.100000,24.100000,24.100000,0.000001,60,-0.022890,0.049163,-0.159609,0.045192,60,-0.108528,-0.049082,-0.219626,0.033944,60,-0.117852,-0.046253,-0.212010,0.033149,60,-0.001287,-0.000505,-0.002315,0.000362,60,-0.000242,0.000520,-0.001687,0.000478,60,-0.001160,-0.000525,-0.002348,0.000363,60,1.380615,1.496537,1.259114,0.051717,60,-178.838901,-178.739243,-178.998795,0.059989,60,-0.381393,-0.266272,-0.506385,0.047241,60,7.376216,7.509268,7.275687,0.040754,60,179.305550,179.448502,179.165726,0.058318,60,0.192540,0.293018,0.081342,0.047891,60,0.000000,16.050000,19.000000,14.000000,1.095832,60,1936.150000,1994.000000,1843.000000,33.627987,60,1.605000,1.900000,1.400000,0.109583,60,193.615630,3.334044,60,60,60,60,60,60,60,60,60,60,60,60,60,60,60,60,60,60,60,60,60,60,60,60,60,60,60,60,60,60,12.7850,12.84,12.73,27.22,29,25,26.02,6845557
2026-10-03 03:30:00,22.170290,22.226292,22.124056,0.020421,60,14.043692,14.096285,13.998627,0.025505,60,18.330332,18.393225,18.278782,0.028356,60,96.403333,96.500000,96.300000,0.100788,60,25.222791,25.256355,25.200272,0.011783,60,25.514795,25.539406,25.496681,0.010693,60,25.117048,25.136185,25.096130,0.012622,60,24.700000,24.700000,24.700000,0.000000,60,24.540958,24.560226,24.522873,0.008225,60,24.755503,24.767319,24.736435,0.007369,60,24.436683,24.451370,24.422531,0.006779,60,1000.400000,1000.400000,1000.400000,0.000000,60,1000.400000,1000.400000,1000.400000,0.000000,60,24.100000,24.100000,24.100000,0.000001,60,-0.077087,0.004802,-0.165555,0.038046,60,-0.147330,-0.104724,-0.237043,0.029676,60,-0.141517,-0.088079,-0.220862,0.030551,60,-0.001545,-0.000962,-0.002412,0.000334,60,-0.000815,0.000051,-0.001750,0.000402,60,-0.001575,-0.001119,-0.002534,0.000317,60,1.385642,1.472807,1.280429,0.043419,60,-178.849069,-178.745178,-178.957947,0.049179,60,-0.381921,-0.265667,-0.478583,0.041449,60,7.380334,7.488544,7.285744,0.049138,60,179.298381,179.475327,179.124313,0.070129,60,0.191549,0.291898,0.120168,0.047727,60,0.000000,15.600000,19.000000,13.000000,1.638519,60,1870.016667,2000.000000,1710.000000,66.706159,60,1.560000,1.900000,1.300000,0.163852,60,187.000378,6.611435,60,60,60,60,60,60,60,60,60,60,60,60,60,60,60,60,60,60,60,60,60,60,60,60,60,60,60,60,60,60,12.7863,12.83,12.74,27.20,29,25,26.04,6845591
2026-10-03 03:31:00,22.172783,22.226292,22.124056,0.024110,60,14.040843,14.113070,13.998627,0.024885,60,18.330027,18.406958,18.246738,0.029701,60,96.286667,96.300000,96.200000,0.034280,60,25.224527,25.256355,25.184250,0.012899,60,25.514394,25.539406,25.496681,0.011467,60,25.117582,25.152206,25.096130,0.013730,60,24.700000,24.700000,24.700000,0.000000,60,24.547024,24.562973,24.533463,0.006786,60,24.761967,24.775558,24.744614,0.006360,60,24.440412,24.456924,24.420059,0.007897,60,1000.400000,1000.400000,1000.400000,0.000000,60,1000.400000,1000.400000,1000.400000,0.000000,60,24.100000,24.100000,24.100000,0.000001,60,-0.075376,-0.001829,-0.207172,0.039624,60,-0.165315,-0.114450,-0.246542,0.026433,60,-0.155699,-0.081219,-0.265566,0.037215,60,-0.001700,-0.000887,-0.002900,0.000406,60,-0.000797,-0.000019,-0.002190,0.000419,60,-0.001767,-0.001223,-0.002636,0.000283,60,1.391196,1.507689,1.296277,0.049041,60,-178.841878,-178.739243,-178.996902,0.057068,60,-0.378528,-0.293026,-0.466057,0.041932,60,7.375143,7.472615,7.279709,0.044723,60,179.305112,179.435425,179.191513,0.053796,60,0.194099,0.292537,0.107470,0.044792,60,0.000000,15.450000,18.000000,10.000000,1.826593,60,1905.600000,2042.000000,1747.000000,75.194708,60,1.545000,1.800000,1.000000,0.182659,60,190.566459,7.452459,60,60,60,60,60,60,60,60,60,60,60,60,60,60,60,60,60,60,60,60,60,60,60,60,60,60,60,60,60,60,12.7891,12.84,12.74,27.32,29,25,26.05,6845625
2026-10-03 03:32:00,22.177462,22.256809,22.137789,0.026082,60,14.044149,14.096285,13.998627,0.026724,60,18.330638,18.393225,18.229954,0.027415,60,96.201667,96.300000,96.200000,0.012910,60,25.230758,25.256355,25.200272,0.012461,60,25.523117,25.539406,25.510033,0.010902,60,25.126839,25.152206,25.096130,0.014851,60,24.700000,24.700000,24.700000,0.000000,60,24.554886,24.571701,24.541245,0.006622,60,24.765299,24.783493,24.750198,0.007317,60,24.444178,24.461166,24.420059,0.006540,60,1000.400000,1000.400000,1000.400000,0.000000,60,1000.400000,1000.400000,1000.400000,0.000000,60,24.100000,24.100000,24.100000,0.000001,60,-0.068791,-0.002287,-0.161668,0.034391,60,-0.158715,-0.116033,-0.234328,0.028115,60,-0.169084,-0.107775,-0.288581,0.034263,60,-0.001846,-0.001177,-0.003151,0.000374,60,-0.000727,-0.000024,-0.001709,0.000364,60,-0.001697,-0.001240,-0.002505,0.000301,60,1.385903,1.509511,1.259908,0.052958,60,-178.852985,-178.711807,-179.038727,0.055348,60,-0.376309,-0.253002,-0.466354,0.045810,60,7.366091,7.486482,7.275687,0.047720,60,179.313105,179.409592,179.165131,0.055392,60,0.186630,0.330740,0.054774,0.059386,60,0.000000,16.583333,19.000000,14.000000,1.211410,60,1886.950000,2004.000000,1741.000000,66.097879,60,1.658333,1.900000,1.400000,0.121141,60,188.696945,6.552688,60,60,60,60,60,60,60,60,60,60,60,60,60,60,60,60,60,60,60,60,60,60,60,60,60,60,60,60,60,60,12.7864,12.83,12.73,27.26,29,25,26.04,6845658
2026-10-03 03:33:00,22.168179,22.215611,22.124056,0.021196,60,14.045218,14.113070,13.981842,0.031432,60,18.330485,18.376440,18.261997,0.025271,60,96.148333,96.200000,96.100000,0.050394,60,25.237568,25.256355,25.213623,0.012794,60,25.526499,25.552757,25.496681,0.013321,60,25.127239,25.165558,25.096130,0.012800,60,24.700000,24.700000,24.700000,0.000000,60,24.561066,24.578598,24.532425,0.007792,60,24.770879,24.788956,24.751877,0.006621,60,24.449540,24.460434,24.432846,0.006542,60,1000.400000,1000.400000,1000.400000,0.000000,60,1000.400000,1000.400000,1000.400000,0.000000,60,24.100000,24.100000,24.100000,0.000001,60,-0.058897,0.025153,-0.187736,0.040286,60,-0.153369,-0.102462,-0.241340,0.029886,60,-0.156289,-0.077899,-0.244320,0.032576,60,-0.001707,-0.000851,-0.002668,0.000356,60,-0.000623,0.000266,-0.001984,0.000426,60,-0.001640,-0.001095,-0.002580,0.000319,60,1.394404,1.498805,1.255948,0.052619,60,-178.846243,-178.740433,-179.010239,0.055181,60,-0.370595,-0.251929,-0.505437,0.049229,60,7.377575,7.511331,7.266602,0.048981,60,179.305622,179.435425,179.191711,0.058994,60,0.191696,0.318243,0.107007,0.050492,60,0.000000,17.266667,21.000000,12.000000,1.764688,60,1891.116667,1956.000000,1751.000000,43.631777,60,1.726667,2.100000,1.200000,0.176469,60,189.115718,4.323713,60,60,60,60,60,60,60,60,60,60,60,60,60,60,60,60,60,60,60,60,60,60,60,60,60,60,60,60,60,60,12.7840,12.83,12.72,27.23,29,26,26.03,6845692
2026-10-03 03:34:00,22.170290,22.226292,22.110323,0.024803,60,14.039673,14.081025,13.984894,0.024745,60,18.322169,18.376440,18.261997,0.026249,60,96.089831,96.100000,96.000000,0.030484,59,25.241218,25.256355,25.213623,0.010623,60,25.534021,25.568779,25.496681,0.014160,60,25.133559,25.165558,25.109482,0.012692,60,24.700000,24.700000,24.700000,0.000000,59,24.569139,24.586319,24.550827,0.006647,60,24.776587,24.793716,24.755630,0.007340,60,24.455548,24.472153,24.440201,0.006412,60,1000.400000,1000.400000,1000.400000,0.000000,59,1000.400000,1000.400000,1000.400000,0.000000,59,24.100000,24.100000,24.100000,0.000001,59,-0.062407,0.009375,-0.154579,0.035447,60,-0.166978,-0.121914,-0.258530,0.028584,60,-0.142048,-0.092284,-0.227501,0.031431,60,-0.001551,-0.001008,-0.002484,0.000343,60,-0.000660,0.000099,-0.001634,0.000375,60,-0.001785,-0.001303,-0.002764,0.000306,60,1.381575,1.496084,1.282834,0.048850,60,-178.851491,-178.740433,-178.958664,0.054252,60,-0.372493,-0.292490,-0.465908,0.044017,60,7.360486,7.466435,7.246396,0.055923,60,179.302929,179.435425,179.165527,0.053478,60,0.181742,0.265859,0.081122,0.050198,60,0.000000,15.566667,19.000000,13.000000,1.430499,60,1844.566667,1958.000000,1786.000000,38.286771,60,1.556667,1.900000,1.300000,0.143050,60,184.455283,3.795408,60,60,60,60,60,60,60,60,60,60,60,60,60,60,60,60,60,60,60,60,60,60,59,59,59,59,59,59,60,60,12.7893,12.84,12.73,27.31,29,25,26.04,6845726
2026-10-03 03:35:00,22.163449,22.226292,22.110323,0.027963,60,14.037690,14.096285,13.981842,0.026039,60,18.331579,18.393225,18.261997,0.030053,60,95.996667,96.100000,95.500000,0.068807,60,25.249542,25.269707,25.226974,0.013300,60,25.536379,25.552757,25.510033,0.010200,60,25.136808,25.165558,25.109482,0.014834,60,24.701667,24.800000,24.700000,0.012910,60,24.573485,24.583694,24.554123,0.006158,60,24.779481,24.795700,24.765335,0.005346,60,24.459203,24.472855,24.441544,0.006974,60,1000.400000,1000.400000,1000.400000,0.000000,60,1000.400000,1000.400000,1000.400000,0.000000,60,24.096667,24.100000,23.900000,0.025820,60,-0.064320,0.011205,-0.212203,0.040901,60,-0.145671,-0.099748,-0.212162,0.026574,60,-0.139440,-0.097374,-0.222411,0.030116,60,-0.001523,-0.001063,-0.002429,0.000329,60,-0.000680,0.000118,-0.002243,0.000432,60,-0.001557,-0.001066,-0.002268,0.000284,60,1.388042,1.474152,1.284442,0.048185,60,-178.855896,-178.741623,-179.038727,0.058912,60,-0.359069,-0.226096,-0.466057,0.053015,60,7.371524,7.452051,7.211033,0.044274,60,179.297516,179.449753,179.165131,0.053159,60,0.188179,0.253131,0.107354,0.043280,60,0.000000,15.100000,17.000000,13.000000,0.796177,60,1811.216667,1903.000000,1665.000000,39.806776,60,1.510000,1.700000,1.300000,0.079618,60,181.123644,3.944162,60,60,60,60,60,60,60,60,60,60,60,60,60,60,60,60,60,60,60,60,60,60,60,60,60,60,60,60,60,60,12.7860,12.84,12.74,27.26,29,25,26.05,6845760
2026-10-03 03:36:00,22.161796,22.229343,22.125582,0.023478,60,14.034511,14.113070,13.917754,0.031051,60,18.322474,18.376440,18.248264,0.025830,60,95.945000,96.600000,95.400000,0.298258,60,25.254929,25.283058,25.226974,0.012070,60,25.543322,25.568779,25.510033,0.013432,60,25.142593,25.178909,25.109482,0.016076,60,24.740000,24.800000,24.700000,0.049403,60,24.578888,24.593491,24.566910,0.005976,60,24.782620,24.799667,24.769699,0.006860,60,24.461932,24.473587,24.449905,0.005807,60,1000.400000,1000.400000,1000.400000,0.000000,60,1000.400000,1000.400000,1000.400000,0.000000,60,24.056667,24.100000,23.900000,0.083090,60,-0.061248,0.010061,-0.166012,0.039088,60,-0.147469,-0.109474,-0.223245,0.025552,60,-0.134664,-0.091841,-0.209133,0.027918,60,-0.001471,-0.001003,-0.002284,0.000305,60,-0.000647,0.000106,-0.001755,0.000413,60,-0.001576,-0.001170,-0.002386,0.000273,60,1.377919,1.496537,1.294659,0.053652,60,-178.842401,-178.741333,-178.956223,0.043935,60,-0.375830,-0.265868,-0.466057,0.045694,60,7.382491,7.486482,7.273679,0.052292,60,179.301449,179.408508,179.191513,0.052330,60,0.193178,0.265552,0.080465,0.045490,60,0.000000,14.500000,17.000000,12.000000,0.929735,60,1744.666667,1910.000000,1622.000000,63.265828,60,1.450000,1.700000,1.200000,0.092973,60,174.462010,6.269763,60,60,60,60,60,60,60,60,60,60,60,60,60,60,60,60,60,60,60,60,60,60,60,60,60,60,60,60,60,60,12.7857,12.84,12.73,27.20,30,25,26.05,6845793
2026-10-03 03:37:00,22.168408,22.215611,22.096590,0.028122,60,14.034002,14.113070,13.966582,0.026910,60,18.326823,18.393225,18.261997,0.029236,60,96.030000,96.100000,95.500000,0.194239,60,25.259603,25.296410,25.240326,0.013094,60,25.545414,25.568779,25.510033,0.012258,60,25.145041,25.178909,25.109482,0.013988,60,24.800000,24.800000,24.800000,0.000001,60,24.584375,24.595566,24.567978,0.006219,60,24.786653,24.802505,24.771133,0.006582,60,24.466070,24.478378,24.453568,0.006309,60,1000.400000,1000.400000,1000.400000,0.000000,60,1000.400000,1000.400000,1000.400000,0.000000,60,24.123333,24.300000,23.900000,0.116977,60,-0.054617,0.014863,-0.155036,0.037434,60,-0.160829,-0.112640,-0.253102,0.030891,60,-0.150299,-0.091841,-0.240558,0.033921,60,-0.001641,-0.001003,-0.002627,0.000370,60,-0.000577,0.000157,-0.001639,0.000396,60,-0.001719,-0.001204,-0.002706,0.000330,60,1.379478,1.474601,1.191385,0.050137,60,-178.844030,-178.742218,-179.038727,0.060157,60,-0.364594,-0.292383,-0.465908,0.042801,60,7.376287,7.478243,7.242390,0.045552,60,179.306542,179.408783,179.153244,0.053375,60,0.190391,0.292697,0.080684,0.057240,60,0.000000,15.783333,21.000000,13.000000,1.776415,60,1789.050000,1945.000000,1662.000000,62.414531,60,1.578333,2.100000,1.300000,0.177641,60,178.898449,6.183935,60,60,60,60,60,60,60,60,60,60,60,60,60,60,60,60,60,60,60,60,60,60,60,60,60,60,60,60,60,60,12.7875,12.84,12.73,27.20,29,26,26.04,6845829
2026-10-03 03:38:00,22.168561,22.198826,22.107271,0.022351,60,14.046082,14.096285,13.984894,0.025531,60,18.323898,18.376440,18.261997,0.025822,60,95.993333,96.100000,95.900000,0.084104,60,25.263920,25.283058,25.240326,0.014244,60,25.550309,25.584801,25.526054,0.014064,60,25.150560,25.178909,25.122833,0.013483,60,24.800000,24.800000,24.800000,0.000001,60,24.594737,24.613754,24.573074,0.008829,60,24.793236,24.809219,24.777359,0.006836,60,24.474748,24.495377,24.453506,0.008248,60,1000.400000,1000.400000,1000.400000,0.000000,60,1000.400000,1000.400000,1000.400000,0.000000,60,24.293333,24.300000,24.100000,0.036204,60,-0.119547,-0.037273,-0.215176,0.043478,60,-0.221798,-0.142723,-0.310101,0.033566,60,-0.218575,-0.143184,-0.333063,0.034082,60,-0.002387,-0.001564,-0.003637,0.000372,60,-0.001264,-0.000394,-0.002274,0.000460,60,-0.002371,-0.001526,-0.003315,0.000359,60,1.383321,1.501078,1.216388,0.053004,60,-178.832529,-178.689972,-178.996658,0.059869,60,-0.365682,-0.266676,-0.478129,0.041405,60,7.373144,7.491341,7.220160,0.051719,60,179.324588,179.435425,179.191147,0.044408,60,0.181807,0.332602,0.055188,0.055608,60,0.000000,16.450000,21.000000,11.000000,2.907763,60,1806.200000,1938.000000,1688.000000,48.373476,60,1.645000,2.100000,1.100000,0.290776,60,180.620086,4.793343,60,60,60,60,60,60,60,60,60,60,60,60,60,60,60,60,60,60,60,60,60,60,60,60,60,60,60,60,60,60,12.7862,12.86,12.73,27.25,29,26,26.02,6845863
2026-10-03 03:39:00,22.169527,22.230869,22.125582,0.021386,60,14.033748,14.096285,13.949798,0.031007,60,18.317769,18.362707,18.246738,0.023985,60,95.878333,95.900000,95.400000,0.092226,60,25.270730,25.296410,25.240326,0.012084,60,25.555784,25.584801,25.526054,0.012853,60,25.154076,25.178909,25.122833,0.013277,60,24.805000,24.900000,24.800000,0.021978,60,24.605446,24.618301,24.590134,0.007643,60,24.803452,24.823288,24.786270,0.007081,60,24.484630,24.499619,24.467941,0.007565,60,1000.400000,1000.400000,1000.400000,0.000000,60,1000.400000,1000.400000,1000.400000,0.000000,60,24.293333,24.300000,24.100000,0.036204,60,-0.100636,-0.022867,-0.217920,0.038681,60,-0.201614,-0.127795,-0.286125,0.027701,60,-0.162489,-0.116628,-0.256049,0.027347,60,-0.001774,-0.001274,-0.002796,0.000299,60,-0.001064,-0.000242,-0.002303,0.000409,60,-0.002155,-0.001366,-0.003059,0.000296,60,1.380198,1.496084,1.279228,0.048723,60,-178.843360,-178.740723,-179.012085,0.057996,60,-0.377659,-0.265969,-0.466057,0.044550,60,7.371080,7.478243,7.256432,0.051854,60,179.307408,179.449142,179.192459,0.056036,60,0.188188,0.292217,0.105508,0.043823,60,0.000000,13.166667,16.000000,9.000000,1.585599,60,1788.033333,1954.000000,1636.000000,74.406571,60,1.316667,1.600000,0.900000,0.158560,60,178.805568,7.375789,60,60,60,60,60,60,60,60,60,60,60,60,60,60,60,60,60,60,60,60,60,60,60,60,60,60,60,60,60,60,12.7865,12.84,12.73,27.32,29,26,26.05,6845897
2026-10-03 03:40:00,22.165586,22.201878,22.110323,0.018851,60,14.037461,14.082551,13.981842,0.027395,60,18.326925,18.394751,18.248264,0.030747,60,95.503333,95.900000,95.300000,0.219373,60,25.281055,25.296410,25.256355,0.010666,60,25.563928,25.598152,25.539406,0.012956,60,25.162309,25.192261,25.122833,0.015985,60,24.873333,24.900000,24.800000,0.044595,60,24.613217,24.632797,24.592911,0.007076,60,24.806658,24.817520,24.790176,0.005655,60,24.491137,24.504990,24.470139,0.007293,60,1000.400000,1000.400000,1000.400000,0.000000,60,1000.400000,1000.400000,1000.400000,0.000000,60,24.153333,24.300000,24.100000,0.089190,60,-0.052593,0.016235,-0.119593,0.031113,60,-0.154737,-0.098843,-0.239078,0.027862,60,-0.135700,-0.071481,-0.250517,0.034114,60,-0.001482,-0.000781,-0.002736,0.000373,60,-0.000556,0.000172,-0.001264,0.000329,60,-0.001654,-0.001057,-0.002556,0.000298,60,1.377188,1.459354,1.244073,0.045147,60,-178.850962,-178.741333,-178.998093,0.059231,60,-0.369028,-0.266979,-0.465611,0.045729,60,7.367919,7.468494,7.275687,0.049856,60,179.304481,179.435425,179.165726,0.056289,60,0.179849,0.319407,0.054981,0.052641,60,0.000000,12.750000,19.000000,7.000000,2.508460,60,1904.200000,2087.000000,1735.000000,90.131693,60,1.275000,1.900000,0.700000,0.250846,60,190.409360,8.932017,60,60,60,60,60,60,60,60,60,60,60,60,60,60,60,60,60,60,60,60,60,60,60,60,60,60,60,60,60,60,12.7851,12.84,12.73,27.31,29,26,26.02,6845930
2026-10-03 03:41:00,22.163500,22.217136,22.079805,0.031750,60,14.041021,14.099337,14.000153,0.024484,60,18.326416,18.362707,18.278782,0.021704,60,95.355000,95.800000,95.100000,0.252731,60,25.286307,25.312431,25.269707,0.011126,60,25.567622,25.598152,25.539406,0.015020,60,25.168851,25.192261,25.136185,0.010457,60,24.863333,24.900000,24.800000,0.048596,60,24.615112,24.635330,24.598160,0.007383,60,24.811746,24.826492,24.798874,0.007051,60,24.492015,24.503922,24.481552,0.006259,60,1000.400000,1000.400000,1000.400000,0.000000,60,1000.400000,1000.400000,1000.400000,0.000000,60,24.110000,24.300000,24.100000,0.043957,60,-0.029685,0.040931,-0.144289,0.037721,60,-0.121873,-0.083463,-0.193163,0.025959,60,-0.134472,-0.063293,-0.225288,0.031190,60,-0.001468,-0.000691,-0.002460,0.000341,60,-0.000314,0.000433,-0.001525,0.000399,60,-0.001303,-0.000892,-0.002065,0.000278,60,1.382016,1.458465,1.282433,0.049233,60,-178.835179,-178.689667,-178.932358,0.054016,60,-0.370731,-0.265667,-0.504491,0.049892,60,7.367102,7.485164,7.260583,0.043606,60,179.308762,179.436966,179.219955,0.047869,60,0.181536,0.267090,0.054464,0.049969,60,0.000000,14.950000,19.000000,11.000000,1.881444,60,1893.383333,2113.000000,1777.000000,66.524391,60,1.495000,1.900000,1.100000,0.188144,60,189.322428,6.586498,60,60,60,60,60,60,60,60,60,60,60,60,60,60,60,60,60,60,60,60,60,60,60,60,60,60,60,60,60,60,12.7840,12.83,12.73,27.25,29,26,26.05,6845964
2026-10-03 03:42:00,22.157727,22.201878,22.069124,0.029420,60,14.039750,14.114595,13.984894,0.029263,60,18.325653,18.397802,18.265049,0.027419,60,95.315000,96.100000,94.800000,0.315060,60,25.293383,25.325783,25.269707,0.013531,60,25.570337,25.598152,25.552757,0.011193,60,25.171655,25.208282,25.122833,0.015977,60,24.848333,24.900000,24.800000,0.050394,60,24.621448,24.639725,24.604019,0.007914,60,24.813124,24.828537,24.797073,0.006668,60,24.492431,24.507919,24.475327,0.006775,60,1000.410000,1000.500000,1000.400000,0.030253,60,1000.410000,1000.500000,1000.400000,0.030253,60,24.110000,24.300000,24.100000,0.043957,60,-0.049880,0.015549,-0.164640,0.035312,60,-0.144929,-0.099069,-0.222114,0.028265,60,-0.135704,-0.095604,-0.241001,0.033612,60,-0.001482,-0.001044,-0.002632,0.000367,60,-0.000527,0.000164,-0.001740,0.000373,60,-0.001549,-0.001059,-0.002374,0.000302,60,1.381718,1.510880,1.257925,0.052891,60,-178.853424,-178.743103,-178.958664,0.048029,60,-0.376290,-0.252611,-0.479341,0.041432,60,7.367785,7.466435,7.272629,0.047557,60,179.316828,179.475449,179.166687,0.061733,60,0.186172,0.265398,0.107354,0.041962,60,0.000000,13.816667,17.000000,10.000000,1.523729,60,1919.716667,2093.000000,1811.000000,55.947642,60,1.381667,1.700000,1.000000,0.152373,60,191.966366,5.543544,60,60,60,60,60,60,60,60,60,60,60,60,60,60,60,60,60,60,60,60,60,60,60,60,60,60,60,60,60,60,12.7822,12.84,12.73,27.15,29,25,26.05,6845998
2026-10-03 03:43:00,22.166628,22.217136,22.110323,0.026510,60,14.030137,14.099337,13.968108,0.027848,60,18.318888,18.362707,18.265049,0.026983,60,95.228333,95.400000,94.800000,0.157407,60,25.297789,25.325783,25.269707,0.012315,60,25.571716,25.598152,25.539406,0.013587,60,25.176996,25.208282,25.152206,0.013175,60,24.806667,24.900000,24.800000,0.025155,60,24.624602,24.637924,24.609970,0.007320,60,24.816822,24.828781,24.798904,0.006383,60,24.499627,24.512192,24.480453,0.006893,60,1000.430000,1000.500000,1000.400000,0.046212,60,1000.430000,1000.500000,1000.400000,0.046212,60,24.100000,24.100000,24.100000,0.000001,60,-0.061957,0.016235,-0.151377,0.036306,60,-0.161757,-0.123045,-0.241566,0.025700,60,-0.160169,-0.089850,-0.269770,0.037733,60,-0.001749,-0.000981,-0.002946,0.000412,60,-0.000655,0.000172,-0.001600,0.000384,60,-0.001729,-0.001315,-0.002582,0.000275,60,1.384504,1.498805,1.255948,0.053197,60,-178.849614,-178.742218,-178.973648,0.053564,60,-0.368421,-0.266676,-0.478432,0.046539,60,7.363176,7.488544,7.268610,0.061541,60,179.315041,179.408386,179.164734,0.056202,60,0.183173,0.252980,0.107354,0.042011,60,0.000000,15.716667,18.000000,12.000000,1.415312,60,2034.050000,2155.000000,1918.000000,65.804390,60,1.571667,1.800000,1.200000,0.141531,60,203.406443,6.522916,60,60,60,60,60,60,60,60,60,60,60,60,60,60,60,60,60,60,60,60,60,60,60,60,60,60,60,60,60,60,12.7846,12.84,12.72,27.27,29,26,26.03,6846032
2026-10-03 03:44:00,22.162890,22.201878,22.111849,0.022665,60,14.042064,14.114595,13.984894,0.025135,60,18.321432,18.394751,18.265049,0.025474,60,95.128333,95.200000,94.600000,0.150808,60,25.305622,25.325783,25.283058,0.011701,60,25.577769,25.611504,25.552757,0.013897,60,25.182648,25.208282,25.136185,0.013768,60,24.808333,24.900000,24.800000,0.027872,60,24.631654,24.649582,24.617752,0.006924,60,24.821317,24.841019,24.806870,0.006992,60,24.502172,24.526627,24.488052,0.007259,60,1000.456667,1000.500000,1000.400000,0.049972,60,1000.456667,1000.500000,1000.400000,0.049972,60,24.086667,24.100000,23.900000,0.050310,60,-0.051606,0.058081,-0.160753,0.042889,60,-0.139078,-0.080296,-0.220757,0.031681,60,-0.103711,-0.047580,-0.220862,0.038221,60,-0.001133,-0.000520,-0.002412,0.000417,60,-0.000545,0.000614,-0.001699,0.000453,60,-0.001487,-0.000858,-0.002360,0.000339,60,1.377572,1.469230,1.245645,0.051720,60,-178.862038,-178.686539,-178.999954,0.061957,60,-0.387633,-0.292168,-0.504648,0.048648,60,7.362458,7.482361,7.214170,0.050734,60,179.296431,179.408112,179.166306,0.056209,60,0.177671,0.318575,0.054361,0.055270,60,0.000000,12.700000,17.000000,6.000000,3.043749,60,2133.900000,2316.000000,1949.000000,89.987137,60,1.270000,1.700000,0.600000,0.304375,60,213.389068,8.916205,60,60,60,60,60,60,60,60,60,60,60,60,60,60,60,60,60,60,60,60,60,60,60,60,60,60,60,60,60,60,12.7813,12.84,12.73,27.18,29,25,26.03,6846066
2026-10-03 03:45:00,22.164721,22.220188,22.111849,0.026265,60,14.039852,14.099337,13.984894,0.027579,60,18.327815,18.379492,18.248264,0.027193,60,94.725000,95.200000,94.500000,0.254868,60,25.309093,25.355156,25.283058,0.014305,60,25.582397,25.611504,25.552757,0.012751,60,25.188567,25.221634,25.152206,0.015082,60,24.875000,24.900000,24.800000,0.043667,60,24.630729,24.644058,24.616745,0.007185,60,24.818759,24.840561,24.806931,0.007983,60,24.501461,24.521866,24.488297,0.007812,60,1000.451667,1000.500000,1000.400000,0.050394,60,1000.451667,1000.500000,1000.400000,0.050394,60,23.946667,24.100000,23.900000,0.085304,60,0.008701,0.090095,-0.118678,0.039668,60,-0.098240,-0.057451,-0.196555,0.029139,60,-0.100620,-0.022130,-0.208690,0.042645,60,-0.001099,-0.000242,-0.002279,0.000466,60,0.000092,0.000952,-0.001254,0.000419,60,-0.001050,-0.000614,-0.002101,0.000311,60,1.382475,1.538216,1.243288,0.058630,60,-178.835882,-178.714554,-178.956223,0.057254,60,-0.374790,-0.253197,-0.465611,0.048455,60,7.362955,7.472076,7.246396,0.049746,60,179.317405,179.448898,179.191513,0.061128,60,0.182030,0.330740,0.080794,0.056235,60,0.000000,13.550000,16.000000,10.000000,1.522988,60,2234.616667,2395.000000,2131.000000,55.274382,60,1.355000,1.600000,1.000000,0.152299,60,223.458578,5.477951,60,60,60,60,60,60,60,60,60,60,60,60,60,60,60,60,60,60,60,60,60,60,60,60,60,60,60,60,60,60,12.7818,12.84,12.72,27.27,29,26,26.04,6846099
2026-10-03 03:46:00,22.167544,22.230869,22.111849,0.024647,60,14.040640,14.082551,13.984894,0.025080,60,18.326060,18.379492,18.280308,0.024419,60,94.761667,95.800000,94.500000,0.351795,60,25.309806,25.339134,25.283058,0.013469,60,25.583644,25.611504,25.552757,0.013085,60,25.184561,25.208282,25.152206,0.012906,60,24.883333,24.900000,24.800000,0.037582,60,24.633311,24.646957,24.614090,0.007265,60,24.815972,24.832718,24.803055,0.006407,60,24.500931,24.517838,24.482285,0.007145,60,1000.425000,1000.500000,1000.400000,0.043667,60,1000.425000,1000.500000,1000.400000,0.043667,60,23.963333,24.300000,23.900000,0.107304,60,0.004638,0.059911,-0.108159,0.037897,60,-0.096611,-0.044332,-0.189091,0.029782,60,-0.091133,-0.049130,-0.186339,0.029370,60,-0.000995,-0.000536,-0.002035,0.000321,60,0.000049,0.000633,-0.001143,0.000401,60,-0.001033,-0.000474,-0.002021,0.000318,60,1.383253,1.459799,1.283638,0.036135,60,-178.837463,-178.718201,-178.957443,0.052190,60,-0.374968,-0.293348,-0.465908,0.041476,60,7.366302,7.468493,7.186771,0.057286,60,179.304505,179.490631,179.113312,0.057195,60,0.178943,0.291738,0.080247,0.053740,60,0.000000,10.950000,13.000000,7.000000,1.358277,60,2221.716667,2390.000000,2061.000000,70.940197,60,1.095000,1.300000,0.700000,0.135828,60,222.164007,7.027209,60,60,60,60,60,60,60,60,60,60,60,60,60,60,60,60,60,60,60,60,60,60,60,60,60,60,60,60,60,60,12.7842,12.83,12.73,27.29,29,25,26.03,6846133
2026-10-03 03:47:00,22.167162,22.217136,22.111849,0.023133,60,14.036037,14.099337,13.984894,0.024483,60,18.318558,18.379492,18.248264,0.025955,60,94.788333,95.300000,94.600000,0.264313,60,25.313544,25.355156,25.283058,0.011925,60,25.582486,25.598152,25.552757,0.012491,60,25.188967,25.234985,25.152206,0.014227,60,24.900000,24.900000,24.900000,0.000000,60,24.629180,24.645065,24.614548,0.006257,60,24.814502,24.835648,24.801285,0.007489,60,24.497861,24.510361,24.484360,0.005928,60,1000.403333,1000.500000,1000.400000,0.018102,60,1000.403333,1000.500000,1000.400000,0.018102,60,23.946667,24.100000,23.900000,0.085304,60,0.030489,0.121422,-0.081405,0.037267,60,-0.062382,-0.015833,-0.147925,0.027088,60,-0.045670,0.000221,-0.131234,0.030399,60,-0.000499,0.000002,-0.001433,0.000332,60,0.000322,0.001283,-0.000860,0.000394,60,-0.000667,-0.000169,-0.001581,0.000290,60,1.384833,1.471912,1.244466,0.048665,60,-178.846791,-178.716064,-178.970993,0.054667,60,-0.376641,-0.293026,-0.504963,0.042250,60,7.366839,7.450002,7.256575,0.043723,60,179.318673,179.476273,179.192657,0.058754,60,0.183241,0.290622,0.042102,0.053765,60,0.000000,10.516667,13.000000,8.000000,1.241809,60,2293.350000,2454.000000,2154.000000,66.368469,60,1.051667,1.300000,0.800000,0.124181,60,229.341372,6.576659,60,60,60,60,60,60,60,60,60,60,60,60,60,60,60,60,60,60,60,60,60,60,60,60,60,60,60,60,60,60,12.7847,12.84,12.73,27.27,29,26,26.03,6846167
2026-10-03 03:48:00,22.163449,22.220188,22.098116,0.024655,60,14.045879,14.114595,14.000153,0.028537,60,18.319549,18.379492,18.248264,0.029125,60,95.173333,95.400000,94.700000,0.253027,60,25.316303,25.339134,25.283058,0.012325,60,25.580128,25.598152,25.552757,0.011066,60,25.181980,25.208282,25.136185,0.017506,60,24.900000,24.900000,24.900000,0.000000,60,24.624827,24.639206,24.607376,0.007438,60,24.807852,24.821426,24.789932,0.006937,60,24.493183,24.505112,24.477341,0.005904,60,1000.403333,1000.500000,1000.400000,0.018102,60,1000.403333,1000.500000,1000.400000,0.018102,60,24.056667,24.100000,23.900000,0.083090,60,0.040127,0.124166,-0.059225,0.036583,60,-0.064516,-0.016964,-0.164437,0.028219,60,-0.045858,0.010401,-0.122381,0.030770,60,-0.000501,0.000114,-0.001336,0.000336,60,0.000424,0.001312,-0.000626,0.000387,60,-0.000690,-0.000181,-0.001758,0.000302,60,1.383881,1.508600,1.283638,0.053166,60,-178.835978,-178.742218,-178.957947,0.048081,60,-0.369626,-0.266171,-0.438776,0.043191,60,7.364573,7.460264,7.252414,0.056023,60,179.324081,179.489151,179.192093,0.059687,60,0.197569,0.292537,0.120168,0.046081,60,0.000000,11.233333,13.000000,9.000000,1.079339,60,2283.266667,2361.000000,2198.000000,38.331678,60,1.123333,1.300000,0.900000,0.107934,60,228.326745,3.800361,60,60,60,60,60,60,60,60,60,60,60,60,60,60,60,60,60,60,60,60,60,60,60,60,60,60,60,60,60,60,12.7829,12.83,12.73,27.26,29,25,26.03,6846201
2026-10-03 03:49:00,22.166730,22.220188,22.111849,0.024283,60,14.038860,14.099337,13.984894,0.024372,60,18.321762,18.379492,18.248264,0.025509,60,95.175000,95.300000,94.700000,0.240497,60,25.312253,25.339134,25.283058,0.011859,60,25.577190,25.598152,25.552757,0.010542,60,25.183404,25.221634,25.152206,0.014296,60,24.900000,24.900000,24.900000,0.000000,60,24.619451,24.636948,24.598160,0.008105,60,24.803841,24.818893,24.789230,0.007044,60,24.486999,24.504593,24.468460,0.007779,60,1000.400000,1000.400000,1000.400000,0.000000,60,1000.400000,1000.400000,1000.400000,0.000000,60,24.060000,24.100000,23.900000,0.080675,60,0.031030,0.091695,-0.073859,0.038470,60,-0.070909,-0.027368,-0.161497,0.026722,60,-0.043202,0.012836,-0.135438,0.029758,60,-0.000472,0.000140,-0.001479,0.000325,60,0.000328,0.000969,-0.000781,0.000407,60,-0.000758,-0.000293,-0.001726,0.000286,60,1.382146,1.473255,1.295064,0.043361,60,-178.848810,-178.673645,-178.972198,0.056243,60,-0.359881,-0.266272,-0.439344,0.038909,60,7.373127,7.489279,7.250407,0.049970,60,179.319234,179.448746,179.152847,0.054798,60,0.185461,0.264938,0.055188,0.047894,60,0.000000,11.233333,13.000000,7.000000,1.566240,60,2266.283333,2386.000000,2133.000000,66.662848,60,1.123333,1.300000,0.700000,0.156624,60,226.631007,6.608778,60,60,60,60,60,60,60,60,60,60,60,60,60,60,60,60,60,60,60,60,60,60,60,60,60,60,60,60,60,60,12.7836,12.84,12.73,27.17,29,25,26.05,6846235
2026-10-03 03:50:00,22.165433,22.217136,22.098116,0.024669,60,14.036774,14.082551,13.984894,0.022584,60,18.323212,18.379492,18.248264,0.027165,60,95.261667,95.400000,95.200000,0.064022,60,25.306245,25.339134,25.269707,0.014151,60,25.568645,25.584801,25.539406,0.013039,60,25.173791,25.208282,25.136185,0.015580,60,24.900000,24.900000,24.900000,0.000000,60,24.614845,24.631424,24.600693,0.006811,60,24.798679,24.817184,24.784409,0.007623,60,24.482078,24.499222,24.467514,0.006283,60,1000.400000,1000.400000,1000.400000,0.000000,60,1000.400000,1000.400000,1000.400000,0.000000,60,24.100000,24.100000,24.100000,0.000001,60,0.025047,0.081405,-0.084149,0.036555,60,-0.068704,-0.031214,-0.155616,0.028890,60,-0.057510,-0.011950,-0.137651,0.028569,60,-0.000628,-0.000130,-0.001503,0.000312,60,0.000265,0.000860,-0.000889,0.000386,60,-0.000734,-0.000334,-0.001664,0.000309,60,1.378833,1.495179,1.296277,0.042921,60,-178.851909,-178.740723,-178.970993,0.049670,60,-0.374944,-0.252904,-0.478432,0.046961,60,7.363795,7.456158,7.226162,0.046454,60,179.292889,179.435303,179.151260,0.062075,60,0.177366,0.292537,0.055292,0.046957,60,0.000000,11.366667,14.000000,10.000000,1.288366,60,2284.133333,2404.000000,2197.000000,50.337999,60,1.136667,1.400000,1.000000,0.128837,60,228.413246,4.990378,60,60,60,60,60,60,60,60,60,60,60,60,60,60,60,60,60,60,60,60,60,60,60,60,60,60,60,60,60,60,12.7826,12.83,12.72,27.29,29,26,26.03,6846268
2026-10-03 03:51:00,22.169045,22.217136,22.111849,0.023353,60,14.038682,14.099337,13.968108,0.026113,60,18.330078,18.379492,18.265049,0.025301,60,95.170000,95.300000,95.100000,0.076579,60,25.304376,25.325783,25.283058,0.011184,60,25.566242,25.598152,25.526054,0.015244,60,25.171121,25.208282,25.136185,0.014201,60,24.900000,24.900000,24.900000,0.000000,60,24.612547,24.626083,24.595901,0.007346,60,24.793170,24.811478,24.777725,0.007651,60,24.477619,24.496048,24.460464,0.007984,60,1000.400000,1000.400000,1000.400000,0.000000,60,1000.400000,1000.400000,1000.400000,0.000000,60,24.100000,24.100000,24.100000,0.000001,60,0.015740,0.074774,-0.081634,0.035397,60,-0.082437,-0.042071,-0.179365,0.028706,60,-0.061087,-0.003098,-0.181912,0.032400,60,-0.000667,-0.000034,-0.001986,0.000354,60,0.000166,0.000790,-0.000863,0.000374,60,-0.000881,-0.000450,-0.001917,0.000307,60,1.394154,1.509511,1.242505,0.063682,60,-178.849748,-178.738937,-178.959396,0.051220,60,-0.365239,-0.252221,-0.465611,0.044480,60,7.371802,7.507855,7.242390,0.055359,60,179.308488,179.409454,179.191711,0.054402,60,0.197153,0.330909,0.042102,0.053416,60,0.000000,12.033333,15.000000,9.000000,1.775222,60,2248.250000,2351.000000,2154.000000,46.620220,60,1.203333,1.500000,0.900000,0.177522,60,224.824631,4.621748,60,60,60,60,60,60,60,60,60,60,60,60,60,60,60,60,60,60,60,60,60,60,60,60,60,60,60,60,60,60,12.7823,12.84,12.73,27.23,29,25,26.05,6846302
2026-10-03 03:52:00,22.173978,22.233921,22.111849,0.023156,60,14.039877,14.099337,13.968108,0.029576,60,18.324585,18.376440,18.265049,0.028081,60,95.080000,95.200000,95.000000,0.091688,60,25.302106,25.325783,25.269707,0.015173,60,25.560056,25.584801,25.539406,0.012706,60,25.167472,25.192261,25.122833,0.013447,60,24.900000,24.900000,24.900000,0.000000,60,24.610012,24.624313,24.591690,0.007989,60,24.788798,24.801224,24.777237,0.005996,60,24.476552,24.489670,24.461868,0.006434,60,1000.400000,1000.400000,1000.400000,0.000000,60,1000.400000,1000.400000,1000.400000,0.000000,60,24.100000,24.100000,24.100000,0.000001,60,-0.000343,0.080948,-0.122108,0.042125,60,-0.098221,-0.046594,-0.162401,0.026844,60,-0.077494,-0.020139,-0.173060,0.030588,60,-0.000846,-0.000220,-0.001890,0.000334,60,-0.000004,0.000856,-0.001291,0.000445,60,-0.001050,-0.000498,-0.001736,0.000287,60,1.376230,1.495179,1.252401,0.049636,60,-178.851822,-178.673950,-178.997375,0.057975,60,-0.357532,-0.252904,-0.465166,0.045455,60,7.370468,7.522347,7.268610,0.058081,60,179.307374,179.448898,179.165726,0.055216,60,0.193248,0.332093,0.107007,0.054077,60,0.000000,13.300000,16.000000,10.000000,1.252793,60,2176.700000,2291.000000,2114.000000,39.923783,60,1.330000,1.600000,1.000000,0.125279,60,217.666448,3.956454,60,60,60,60,60,60,60,60,60,60,60,60,60,60,60,60,60,60,60,60,60,60,60,60,60,60,60,60,60,60,12.7817,12.84,12.72,27.27,29,25,26.05,6846336
2026-10-03 03:53:00,22.166323,22.230869,22.096590,0.027146,60,14.037995,14.113070,13.984894,0.027935,60,18.318863,18.379492,18.248264,0.029424,60,95.050000,95.200000,94.600000,0.100000,60,25.300415,25.325783,25.269707,0.013927,60,25.559923,25.584801,25.539406,0.014091,60,25.163288,25.178909,25.136185,0.010588,60,24.900000,24.900000,24.900000,0.000000,60,24.605435,24.624741,24.591080,0.007368,60,24.785435,24.799484,24.772171,0.006318,60,24.473185,24.488693,24.460312,0.006459,60,1000.400000,1000.400000,1000.400000,0.000000,60,1000.400000,1000.400000,1000.400000,0.000000,60,24.096667,24.100000,23.900000,0.025820,60,0.010256,0.066771,-0.088037,0.035615,60,-0.075829,-0.030987,-0.166699,0.030702,60,-0.038201,0.013057,-0.115742,0.028344,60,-0.000417,0.000143,-0.001264,0.000310,60,0.000108,0.000706,-0.000931,0.000376,60,-0.000811,-0.000331,-0.001782,0.000328,60,1.382924,1.499713,1.282433,0.056748,60,-178.851887,-178.675522,-178.972198,0.065193,60,-0.373906,-0.265465,-0.439487,0.044374,60,7.370979,7.530617,7.208188,0.057182,60,179.311203,179.447876,179.192459,0.057384,60,0.179395,0.266628,0.041801,0.047547,60,0.000000,10.883333,13.000000,8.000000,1.194502,60,2145.083333,2191.000000,2067.000000,30.528837,60,1.088333,1.300000,0.800000,0.119450,60,214.509420,3.026696,60,60,60,60,60,60,60,60,60,60,60,60,60,60,60,60,60,60,60,60,60,60,60,60,60,60,60,60,60,60,12.7827,12.83,12.73,27.37,29,25,26.04,6846370
2026-10-03 03:54:00,22.168867,22.230869,22.111849,0.027769,60,14.043768,14.099337,13.981842,0.026309,60,18.325628,18.376440,18.261997,0.024360,60,95.146667,95.200000,95.000000,0.067565,60,25.294629,25.325783,25.269707,0.013833,60,25.557475,25.584801,25.539406,0.014587,60,25.157191,25.178909,25.136185,0.011936,60,24.900000,24.900000,24.900000,0.000000,60,24.598717,24.612289,24.581619,0.007148,60,24.781265,24.808273,24.762711,0.008498,60,24.467692,24.485825,24.453384,0.007541,60,1000.400000,1000.400000,1000.400000,0.000000,60,1000.400000,1000.400000,1000.400000,0.000000,60,24.100000,24.100000,24.100000,0.000001,60,0.066622,0.141088,-0.049849,0.038473,60,-0.029238,0.027821,-0.117617,0.030995,60,0.005156,0.052449,-0.085866,0.030581,60,0.000056,0.000573,-0.000938,0.000334,60,0.000704,0.001491,-0.000527,0.000407,60,-0.000313,0.000297,-0.001257,0.000331,60,1.376059,1.459799,1.281230,0.039343,60,-178.848154,-178.754868,-179.010239,0.058696,60,-0.383091,-0.265969,-0.466057,0.043987,60,7.366826,7.488544,7.224160,0.052278,60,179.308327,179.448898,179.191513,0.053144,60,0.168323,0.266320,0.041200,0.052364,60,0.000000,11.466667,14.000000,9.000000,1.065112,60,2153.166667,2251.000000,2083.000000,35.538552,60,1.146667,1.400000,0.900000,0.106511,60,215.315534,3.523098,60,60,60,60,60,60,60,60,60,60,60,60,60,60,60,60,60,60,60,60,60,60,60,60,60,60,60,60,60,60,12.7797,12.83,12.73,27.24,29,26,26.06,6846403
2026-10-03 03:55:00,22.161033,22.230869,22.110323,0.026009,60,14.040742,14.099337,13.981842,0.028354,60,18.321991,18.379492,18.265049,0.023488,60,95.143333,95.200000,95.000000,0.064746,60,25.287598,25.312431,25.256355,0.011095,60,25.548930,25.584801,25.510033,0.013716,60,25.151005,25.178909,25.122833,0.015331,60,24.900000,24.900000,24.900000,0.000000,60,24.588505,24.603348,24.571121,0.007027,60,24.771647,24.804794,24.756027,0.007773,60,24.457909,24.478073,24.440506,0.006376,60,1000.418333,1000.500000,1000.400000,0.039020,60,1000.418333,1000.500000,1000.400000,0.039020,60,24.100000,24.100000,24.100000,0.000001,60,0.058043,0.146804,-0.039102,0.034701,60,-0.023602,0.026464,-0.101557,0.028090,60,-0.009206,0.046253,-0.094497,0.028898,60,-0.000101,0.000505,-0.001032,0.000316,60,0.000614,0.001552,-0.000413,0.000367,60,-0.000252,0.000283,-0.001086,0.000300,60,1.385108,1.500168,1.194812,0.052336,60,-178.845245,-178.743698,-178.997375,0.054282,60,-0.375788,-0.265667,-0.479190,0.045536,60,7.379309,7.468493,7.224159,0.054862,60,179.311974,179.407990,179.192657,0.053114,60,0.179962,0.292217,0.081122,0.049356,60,0.000000,11.566667,14.000000,9.000000,1.267142,60,2003.100000,2155.000000,1867.000000,80.779402,60,1.156667,1.400000,0.900000,0.126714,60,200.308682,8.007666,60,60,60,60,60,60,60,60,60,60,60,60,60,60,60,60,60,60,60,60,60,60,60,60,60,60,60,60,60,60,12.7815,12.84,12.72,27.30,29,25,26.04,6846437
2026-10-03 03:56:00,22.166171,22.217136,22.096590,0.024738,60,14.044785,14.096285,13.981842,0.024475,60,18.317896,18.376440,18.265049,0.027880,60,95.015000,95.200000,94.500000,0.160323,60,25.280521,25.312431,25.256355,0.013049,60,25.539673,25.568779,25.510033,0.012912,60,25.145086,25.165558,25.109482,0.013789,60,24.900000,24.900000,24.900000,0.000000,60,24.578797,24.591873,24.562027,0.006217,60,24.762213,24.782333,24.740311,0.008315,60,24.449119,24.464523,24.437271,0.006402,60,1000.471667,1000.500000,1000.400000,0.045442,60,1000.471667,1000.500000,1000.400000,0.045442,60,24.086667,24.100000,23.900000,0.050310,60,0.064446,0.123023,-0.023324,0.035700,60,-0.015422,0.021261,-0.085724,0.025182,60,0.022005,0.080334,-0.081440,0.032616,60,0.000240,0.000877,-0.000889,0.000356,60,0.000681,0.001300,-0.000247,0.000377,60,-0.000165,0.000227,-0.000916,0.000269,60,1.368088,1.456246,1.282834,0.037999,60,-178.842412,-178.743103,-178.998550,0.053771,60,-0.366156,-0.252904,-0.479341,0.047796,60,7.375416,7.478995,7.279707,0.046419,60,179.314832,179.435684,179.192459,0.053963,60,0.191281,0.317746,0.080247,0.050246,60,0.000000,9.150000,12.000000,6.000000,1.161895,60,1937.466667,2129.000000,1777.000000,74.902754,60,0.915000,1.200000,0.600000,0.116190,60,193.736059,7.418636,60,60,60,60,60,60,60,60,60,60,60,60,60,60,60,60,60,60,60,60,60,60,60,60,60,60,60,60,60,60,12.7794,12.84,12.72,27.25,29,26,26.03,6846471
2026-10-03 03:57:00,22.163627,22.229343,22.125582,0.023235,60,14.041301,14.081025,13.998627,0.023691,60,18.325450,18.361181,18.261997,0.022529,60,94.783333,95.000000,94.300000,0.270697,60,25.268861,25.283058,25.240326,0.011282,60,25.532107,25.568779,25.496681,0.013861,60,25.135339,25.165558,25.109482,0.014480,60,24.900000,24.900000,24.900000,0.000000,60,24.566317,24.579910,24.543839,0.006441,60,24.754342,24.769211,24.733414,0.007860,60,24.439671,24.458969,24.427353,0.006584,60,1000.480000,1000.500000,1000.400000,0.040338,60,1000.480000,1000.500000,1000.400000,0.040338,60,24.040000,24.100000,23.900000,0.092425,60,0.051286,0.108159,-0.036815,0.032864,60,-0.019671,0.024654,-0.102462,0.028587,60,0.005308,0.051564,-0.079448,0.030264,60,0.000058,0.000563,-0.000868,0.000330,60,0.000542,0.001143,-0.000389,0.000347,60,-0.000210,0.000264,-0.001095,0.000306,60,1.366103,1.471912,1.254369,0.052217,60,-178.853085,-178.754868,-178.970993,0.050577,60,-0.384266,-0.292811,-0.478886,0.036516,60,7.379913,7.517526,7.242390,0.049222,60,179.302515,179.449509,179.193207,0.057896,60,0.178736,0.292537,0.080684,0.051705,60,0.000000,8.966667,13.000000,6.000000,1.736611,60,1923.550000,2131.000000,1692.000000,91.725535,60,0.896667,1.300000,0.600000,0.173661,60,192.354561,9.085049,60,60,60,60,60,60,60,60,60,60,60,60,60,60,60,60,60,60,60,60,60,60,60,60,60,60,60,60,60,60,12.7800,12.83,12.73,27.28,29,26,26.07,6846505
2026-10-03 03:58:00,22.160372,22.215611,22.093538,0.026859,60,14.042318,14.113070,13.981842,0.024810,60,18.327103,18.376440,18.278782,0.022974,60,94.566667,95.300000,94.200000,0.314975,60,25.258401,25.283058,25.226974,0.013416,60,25.525609,25.552757,25.483330,0.013811,60,25.124302,25.152206,25.096130,0.012984,60,24.868333,24.900000,24.800000,0.046910,60,24.556145,24.578690,24.537247,0.007944,60,24.748652,24.763809,24.735825,0.007110,60,24.432421,24.447678,24.415237,0.007478,60,1000.493333,1000.500000,1000.400000,0.025155,60,1000.493333,1000.500000,1000.400000,0.025155,60,23.993333,24.100000,23.900000,0.100620,60,0.022722,0.091238,-0.077518,0.036404,60,-0.042195,0.015154,-0.116033,0.027697,60,0.006750,0.057539,-0.088079,0.031967,60,0.000074,0.000628,-0.000962,0.000349,60,0.000240,0.000964,-0.000819,0.000385,60,-0.000451,0.000162,-0.001240,0.000296,60,1.389307,1.498805,1.297898,0.040345,60,-178.842533,-178.741623,-178.930847,0.049000,60,-0.364145,-0.213192,-0.478886,0.047583,60,7.371291,7.485163,7.262588,0.053803,60,179.322523,179.435684,179.232513,0.046230,60,0.190577,0.318077,0.081342,0.044681,60,0.000000,8.350000,12.000000,5.000000,1.581943,60,1837.566667,2114.000000,1585.000000,145.119398,60,0.835000,1.200000,0.500000,0.158194,60,183.724864,14.387667,60,60,60,60,60,60,60,60,60,60,60,60,60,60,60,60,60,60,60,60,60,60,60,60,60,60,60,60,60,60,12.7782,12.86,12.72,27.27,29,25,26.06,6846539
2026-10-03 03:59:00,22.169883,22.215611,22.110323,0.020311,60,14.037639,14.113070,13.981842,0.025017,60,18.328196,18.376440,18.278782,0.023554,60,94.775000,94.900000,94.200000,0.185605,60,25.249542,25.283058,25.200272,0.013702,60,25.517955,25.539406,25.483330,0.012820,60,25.120252,25.152206,25.080109,0.014904,60,24.811667,24.900000,24.800000,0.032373,60,24.547895,24.562637,24.526199,0.007243,60,24.743846,24.757553,24.728256,0.006357,60,24.423483,24.437088,24.406631,0.006280,60,1000.483333,1000.500000,1000.400000,0.037582,60,1000.483333,1000.500000,1000.400000,0.037582,60,24.076667,24.100000,23.900000,0.064746,60,0.024018,0.107016,-0.086436,0.041922,60,-0.056765,0.007238,-0.154485,0.033926,60,-0.035733,0.038286,-0.137209,0.033590,60,-0.000390,0.000418,-0.001498,0.000367,60,0.000254,0.001131,-0.000914,0.000443,60,-0.000607,0.000077,-0.001651,0.000363,60,1.374016,1.470570,1.284442,0.050958,60,-178.854067,-178.686539,-179.038498,0.059910,60,-0.380020,-0.292383,-0.466057,0.046253,60,7.375613,7.505144,7.240387,0.056846,60,179.313336,179.488785,179.165726,0.064027,60,0.180657,0.291259,0.054774,0.047783,60,0.000000,9.850000,12.000000,8.000000,1.022211,60,1808.133333,1990.000000,1665.000000,78.751587,60,0.985000,1.200000,0.800000,0.102221,60,180.804396,7.803682,60,60,60,60,60,60,60,60,60,60,60,60,60,60,60,60,60,60,60,60,60,60,60,60,60,60,60,60,60,60,12.7801,12.84,12.72,27.23,29,26,26.06,6846572
2026-10-03 04:00:00,22.166908,22.215611,22.107271,0.024476,60,14.039470,14.113070,13.981842,0.026918,60,18.324559,18.393225,18.261997,0.027809,60,94.746667,94.800000,94.600000,0.065008,60,25.238192,25.269707,25.200272,0.016322,60,25.514795,25.539406,25.496681,0.010053,60,25.111930,25.152206,25.080109,0.012898,60,24.800000,24.800000,24.800000,0.000001,60,24.542975,24.556107,24.526596,0.007009,60,24.740761,24.769211,24.724777,0.008831,60,24.419844,24.433578,24.401474,0.006569,60,1000.481667,1000.500000,1000.400000,0.039020,60,1000.481667,1000.500000,1000.400000,0.039020,60,24.010000,24.100000,23.900000,0.100338,60,-0.012184,0.070201,-0.115477,0.035312,60,-0.075817,-0.023297,-0.163985,0.030166,60,-0.040923,0.006197,-0.149381,0.031230,60,-0.000447,0.000068,-0.001631,0.000341,60,-0.000129,0.000742,-0.001221,0.000373,60,-0.000810,-0.000249,-0.001753,0.000322,60,1.385519,1.471912,1.255948,0.053279,60,-178.842540,-178.744003,-178.928848,0.048379,60,-0.376420,-0.265969,-0.478886,0.041040,60,7.373461,7.486482,7.268610,0.051059,60,179.316330,179.449890,179.218506,0.058347,60,0.176191,0.332263,0.041600,0.053575,60,0.000000,8.233333,11.000000,5.000000,1.711048,60,1807.316667,1976.000000,1522.000000,109.484383,60,0.823333,1.100000,0.500000,0.171105,60,180.773825,10.839305,60,60,60,60,60,60,60,60,60,60,60,60,60,60,60,60,60,60,60,60,60,60,60,60,60,60,60,60,60,60,12.7794,12.84,12.74,27.21,29,25,26.05,6846606
2026-10-03 04:01:00,22.173037,22.226292,22.124056,0.022725,60,14.038503,14.096285,13.981842,0.026943,60,18.326060,18.376440,18.275730,0.024131,60,94.756667,94.800000,94.600000,0.062073,60,25.235031,25.269707,25.200272,0.014731,60,25.509098,25.539406,25.483330,0.012446,60,25.106945,25.152206,25.080109,0.013076,60,24.800000,24.800000,24.800000,0.000001,60,24.538688,24.552902,24.521317,0.006316,60,24.738671,24.753983,24.723770,0.005982,60,24.415172,24.434494,24.402542,0.007890,60,1000.495000,1000.500000,1000.400000,0.021978,60,1000.495000,1000.500000,1000.400000,0.021978,60,24.026667,24.100000,23.900000,0.097192,60,-0.007935,0.071344,-0.114105,0.037787,60,-0.081152,-0.030083,-0.173258,0.031214,60,-0.038787,0.011950,-0.124816,0.031826,60,-0.000424,0.000130,-0.001363,0.000348,60,-0.000084,0.000754,-0.001206,0.000399,60,-0.000868,-0.000322,-0.001852,0.000334,60,1.373461,1.471912,1.280428,0.048260,60,-178.844070,-178.739243,-178.959396,0.057046,60,-0.373742,-0.266272,-0.466057,0.045522,60,7.379290,7.486483,7.266603,0.048048,60,179.307021,179.476273,179.165726,0.063156,60,0.174429,0.319574,0.107122,0.041702,60,0.000000,7.816667,11.000000,6.000000,1.396019,60,1699.433333,1897.000000,1550.000000,86.293030,60,0.781667,1.100000,0.600000,0.139602,60,169.941206,8.550350,60,60,60,60,60,60,60,60,60,60,60,60,60,60,60,60,60,60,60,60,60,60,60,60,60,60,60,60,60,60,12.7801,12.83,12.72,27.28,29,26,26.04,6846640
2026-10-03 04:02:00,22.172503,22.212559,22.124056,0.021870,60,14.040157,14.113070,13.966582,0.031478,60,18.321380,18.393225,18.260471,0.026186,60,94.716667,94.900000,94.200000,0.233737,60,25.229512,25.256355,25.200272,0.010504,60,25.506072,25.539406,25.483330,0.013003,60,25.105165,25.136185,25.080109,0.013420,60,24.818333,24.900000,24.800000,0.039020,60,24.534686,24.549789,24.519608,0.006872,60,24.738655,24.754288,24.725266,0.006542,60,24.412504,24.430832,24.397324,0.007223,60,1000.496667,1000.500000,1000.400000,0.018102,60,1000.496667,1000.500000,1000.400000,0.018102,60,24.063333,24.100000,23.900000,0.078041,60,0.003259,0.065170,-0.128968,0.037887,60,-0.081581,-0.032118,-0.167151,0.027923,60,-0.050646,-0.002213,-0.126365,0.030866,60,-0.000553,-0.000024,-0.001380,0.000337,60,0.000034,0.000689,-0.001363,0.000400,60,-0.000872,-0.000343,-0.001787,0.000298,60,1.385449,1.462919,1.259908,0.044386,60,-178.836867,-178.675522,-179.039185,0.069660,60,-0.375571,-0.266676,-0.439771,0.036811,60,7.380034,7.482361,7.278666,0.049956,60,179.317990,179.450134,179.232513,0.055348,60,0.176658,0.291419,0.042303,0.049205,60,0.000000,9.450000,11.000000,7.000000,1.170615,60,1710.733333,1892.000000,1582.000000,83.529933,60,0.945000,1.100000,0.700000,0.117061,60,171.063375,8.278837,60,60,60,60,60,60,60,60,60,60,60,60,60,60,60,60,60,60,60,60,60,60,60,60,60,60,60,60,60,60,12.7817,12.84,12.72,27.23,29,25,26.03,6846674
2026-10-03 04:03:00,22.172020,22.229343,22.124056,0.026316,60,14.036672,14.096285,13.948272,0.026828,60,18.323847,18.374914,18.260471,0.023485,60,94.638333,94.800000,94.100000,0.100998,60,25.227643,25.269707,25.200272,0.014171,60,25.501933,25.539406,25.483330,0.011081,60,25.096664,25.136185,25.066757,0.015646,60,24.801667,24.900000,24.800000,0.012910,60,24.530970,24.546127,24.517868,0.006076,60,24.734785,24.746048,24.717789,0.006325,60,24.410812,24.421005,24.392471,0.006739,60,1000.500000,1000.500000,1000.500000,0.000000,60,1000.500000,1000.500000,1000.500000,0.000000,60,23.916667,24.100000,23.900000,0.055744,60,-0.018804,0.064255,-0.141545,0.047605,60,-0.106582,-0.055416,-0.177556,0.026447,60,-0.081418,-0.025671,-0.213338,0.041062,60,-0.000889,-0.000280,-0.002330,0.000448,60,-0.000199,0.000679,-0.001496,0.000503,60,-0.001139,-0.000592,-0.001898,0.000283,60,1.379753,1.471912,1.258718,0.046636,60,-178.829695,-178.715164,-178.958664,0.051924,60,-0.379462,-0.292490,-0.465166,0.037771,60,7.371735,7.470022,7.256576,0.046394,60,179.317946,179.476028,179.125320,0.057721,60,0.169578,0.319074,0.041000,0.053872,60,0.000000,10.150000,14.000000,7.000000,1.459336,60,1869.866667,2083.000000,1686.000000,102.052075,60,1.015000,1.400000,0.700000,0.145934,60,186.974366,10.114363,60,60,60,60,60,60,60,60,60,60,60,60,60,60,60,60,60,60,60,60,60,60,60,60,60,60,60,60,60,60,12.7802,12.84,12.72,27.30,29,25,26.04,6846708
2026-10-03 04:04:00,22.170189,22.226292,22.121004,0.025176,60,14.033926,14.094759,13.981842,0.024716,60,18.327662,18.390173,18.275730,0.026164,60,94.553333,95.000000,94.400000,0.087269,60,25.221589,25.240326,25.184250,0.012947,60,25.499173,25.526054,25.469978,0.013791,60,25.090656,25.122833,25.066757,0.013333,60,24.800000,24.800000,24.800000,0.000001,60,24.529187,24.544449,24.509720,0.006780,60,24.732927,24.749680,24.717514,0.006794,60,24.408157,24.423904,24.393784,0.006245,60,1000.500000,1000.500000,1000.500000,0.000000,60,1000.500000,1000.500000,1000.500000,0.000000,60,23.903333,24.100000,23.900000,0.025820,60,-0.015218,0.070201,-0.106787,0.037503,60,-0.112282,-0.062201,-0.206734,0.028629,60,-0.088518,-0.040720,-0.201166,0.032838,60,-0.000967,-0.000445,-0.002197,0.000359,60,-0.000161,0.000742,-0.001129,0.000396,60,-0.001200,-0.000665,-0.002210,0.000306,60,1.377121,1.510880,1.255553,0.055147,60,-178.836942,-178.688095,-178.958191,0.055429,60,-0.372046,-0.319010,-0.464722,0.032173,60,7.358905,7.470022,7.272629,0.046145,60,179.320748,179.435944,179.192459,0.049686,60,0.185484,0.318077,0.081561,0.046595,60,0.000000,11.150000,16.000000,8.000000,1.764288,60,1874.566667,2039.000000,1691.000000,81.554467,60,1.115000,1.600000,0.800000,0.176429,60,187.456625,8.081583,60,60,60,60,60,60,60,60,60,60,60,60,60,60,60,60,60,60,60,60,60,60,60,60,60,60,60,60,60,60,12.7791,12.83,12.73,27.22,29,25,26.03,6846741
2026-10-03 04:05:00,22.169578,22.226292,22.121004,0.027128,60,14.040538,14.096285,13.981842,0.027447,60,18.319982,18.390173,18.260471,0.030521,60,94.460000,94.500000,93.900000,0.088681,60,25.221901,25.256355,25.200272,0.010599,60,25.498239,25.510033,25.469978,0.011554,60,25.093772,25.122833,25.066757,0.014275,60,24.801667,24.900000,24.800000,0.012910,60,24.529320,24.545425,24.519547,0.005686,60,24.733193,24.750778,24.718216,0.006584,60,24.409575,24.422348,24.388077,0.006992,60,1000.498333,1000.500000,1000.400000,0.012910,60,1000.498333,1000.500000,1000.400000,0.012910,60,23.900000,23.900000,23.900000,0.000000,60,-0.016822,0.071115,-0.133999,0.041313,60,-0.101652,-0.062201,-0.173032,0.025322,60,-0.083351,-0.010623,-0.170183,0.036199,60,-0.000910,-0.000116,-0.001858,0.000395,60,-0.000178,0.000752,-0.001416,0.000437,60,-0.001087,-0.000665,-0.001850,0.000271,60,1.379811,1.501078,1.217160,0.056209,60,-178.831957,-178.714554,-178.958664,0.051848,60,-0.383163,-0.292490,-0.506227,0.045589,60,7.360245,7.492798,7.268610,0.046419,60,179.313894,179.435944,179.220123,0.051258,60,0.199581,0.358991,0.107007,0.050900,60,0.000000,10.950000,14.000000,7.000000,1.431190,60,1874.216667,2095.000000,1645.000000,79.077540,60,1.095000,1.400000,0.700000,0.143119,60,187.422380,7.826537,60,60,60,60,60,60,60,60,60,60,60,60,60,60,60,60,60,60,60,60,60,60,60,60,60,60,60,60,60,60,12.7778,12.84,12.72,27.23,29,26,26.04,6846775
2026-10-03 04:06:00,22.170545,22.243076,22.105745,0.028363,60,14.037842,14.094759,13.963531,0.024243,60,18.324153,18.403906,18.243687,0.026338,60,94.430000,94.500000,93.800000,0.140580,60,25.218519,25.240326,25.200272,0.012765,60,25.503045,25.526054,25.483330,0.012784,60,25.088565,25.122833,25.066757,0.013767,60,24.805000,24.900000,24.800000,0.021978,60,24.528137,24.541245,24.517929,0.006019,60,24.732528,24.745590,24.718643,0.005592,60,24.406693,24.418777,24.393539,0.006255,60,1000.500000,1000.500000,1000.500000,0.000000,60,1000.500000,1000.500000,1000.500000,0.000000,60,23.898333,23.900000,23.800000,0.012910,60,0.000918,0.057167,-0.098098,0.040595,60,-0.089875,-0.039356,-0.174842,0.029858,60,-0.073163,-0.000443,-0.170847,0.031329,60,-0.000799,-0.000005,-0.001866,0.000342,60,0.000010,0.000604,-0.001037,0.000429,60,-0.000961,-0.000421,-0.001869,0.000319,60,1.381632,1.498805,1.296277,0.043398,60,-178.844954,-178.741333,-178.958664,0.055775,60,-0.376766,-0.293241,-0.465314,0.039788,60,7.364252,7.494737,7.285744,0.041623,60,179.311666,179.448135,179.192093,0.055845,60,0.190398,0.318908,0.053846,0.057722,60,0.000000,12.466667,15.000000,9.000000,1.779989,60,1932.750000,2035.000000,1803.000000,47.226689,60,1.246667,1.500000,0.900000,0.177999,60,193.277799,4.680420,60,60,60,60,60,60,60,60,60,60,60,60,60,60,60,60,60,60,60,60,60,60,60,60,60,60,60,60,60,60,12.7804,12.83,12.74,27.30,29,26,26.02,6846809
2026-10-03 04:07:00,22.167747,22.224766,22.107271,0.026167,60,14.042420,14.110018,13.980316,0.027741,60,18.324102,18.374914,18.260471,0.030637,60,94.395000,94.500000,93.800000,0.099873,60,25.215937,25.240326,25.184250,0.014091,60,25.498061,25.526054,25.483330,0.010165,60,25.086562,25.122833,25.053406,0.014184,60,24.801667,24.900000,24.800000,0.012910,60,24.528161,24.541122,24.509720,0.006746,60,24.729752,24.744797,24.715775,0.006518,60,24.403781,24.418076,24.392593,0.006733,60,1000.500000,1000.500000,1000.500000,0.000000,60,1000.500000,1000.500000,1000.500000,0.000000,60,23.898333,23.900000,23.800000,0.012910,60,0.011757,0.106101,-0.092153,0.041664,60,-0.101033,-0.043880,-0.202662,0.029804,60,-0.101169,-0.036515,-0.233476,0.042531,60,-0.001105,-0.000399,-0.002550,0.000464,60,0.000124,0.001121,-0.000974,0.000440,60,-0.001080,-0.000469,-0.002166,0.000319,60,1.369458,1.473255,1.280429,0.045331,60,-178.838907,-178.687180,-178.957947,0.062597,60,-0.389304,-0.320147,-0.505753,0.041507,60,7.368687,7.525799,7.226160,0.050814,60,179.324849,179.436066,179.192657,0.057434,60,0.198015,0.318077,0.081561,0.049494,60,0.000000,16.766667,20.000000,13.000000,1.759879,60,1990.366667,2131.000000,1801.000000,55.309596,60,1.676667,2.000000,1.300000,0.175988,60,199.038639,5.478215,60,60,60,60,60,60,60,60,60,60,60,60,60,60,60,60,60,60,60,60,60,60,60,60,60,60,60,60,60,60,12.7776,12.84,12.72,27.21,29,26,26.06,6846845
2026-10-03 04:08:00,22.162610,22.226292,22.107271,0.029118,60,14.036800,14.096285,13.981842,0.026027,60,18.324280,18.390173,18.260471,0.024692,60,94.273333,94.400000,94.200000,0.073338,60,25.216961,25.240326,25.200272,0.011948,60,25.494768,25.526054,25.469978,0.011191,60,25.089010,25.109482,25.066757,0.012550,60,24.800000,24.800000,24.800000,0.000001,60,24.528595,24.543655,24.516037,0.006635,60,24.725936,24.741745,24.703781,0.007948,60,24.404681,24.424759,24.390060,0.006554,60,1000.500000,1000.500000,1000.500000,0.000000,60,1000.500000,1000.500000,1000.500000,0.000000,60,23.900000,23.900000,23.900000,0.000000,60,0.002374,0.077518,-0.106787,0.043034,60,-0.120482,-0.078034,-0.200627,0.027773,60,-0.112615,-0.042269,-0.222854,0.034719,60,-0.001230,-0.000462,-0.002434,0.000379,60,0.000025,0.000819,-0.001129,0.000455,60,-0.001288,-0.000834,-0.002145,0.000297,60,1.392470,1.469230,1.281631,0.044522,60,-178.835950,-178.686539,-178.958664,0.064090,60,-0.368326,-0.266272,-0.465166,0.040631,60,7.367381,7.522347,7.240387,0.051789,60,179.320135,179.489838,179.153641,0.066637,60,0.194759,0.292537,0.108399,0.047949,60,0.000000,17.950000,23.000000,14.000000,2.126707,60,2054.216667,2170.000000,1916.000000,61.750205,60,1.795000,2.300000,1.400000,0.212671,60,205.425849,6.121246,60,60,60,60,60,60,60,60,60,60,60,60,60,60,60,60,60,60,60,60,60,60,60,60,60,60,60,60,60,60,12.7795,12.84,12.73,27.16,29,26,26.02,6846878
2026-10-03 04:09:00,22.168129,22.212559,22.124056,0.021534,60,14.039165,14.113070,13.980316,0.027232,60,18.318329,18.374914,18.260471,0.027981,60,94.183333,94.300000,94.100000,0.064221,60,25.216917,25.256355,25.184250,0.012324,60,25.494990,25.526054,25.469978,0.012132,60,25.085983,25.122833,25.053406,0.013381,60,24.800000,24.800000,24.800000,0.000001,60,24.535923,24.549515,24.516342,0.006931,60,24.725259,24.742172,24.706497,0.006386,60,24.405466,24.417801,24.380478,0.006894,60,1000.500000,1000.500000,1000.500000,0.000000,60,1000.500000,1000.500000,1000.500000,0.000000,60,23.900000,23.900000,23.900000,0.000000,60,-0.025146,0.055566,-0.182248,0.044238,60,-0.168520,-0.102010,-0.254911,0.034728,60,-0.176306,-0.110652,-0.297876,0.037751,60,-0.001925,-0.001208,-0.003253,0.000412,60,-0.000266,0.000587,-0.001926,0.000468,60,-0.001801,-0.001090,-0.002725,0.000371,60,1.389059,1.537752,1.321929,0.041282,60,-178.835829,-178.752502,-178.931107,0.049353,60,-0.381025,-0.265868,-0.478129,0.047798,60,7.373188,7.472076,7.279709,0.044923,60,179.326021,179.448898,179.125732,0.063378,60,0.184063,0.266628,0.041600,0.046422,60,0.000000,18.733333,21.000000,16.000000,1.087162,60,2142.250000,2204.000000,2065.000000,30.082725,60,1.873333,2.100000,1.600000,0.108716,60,214.225317,2.982582,60,60,60,60,60,60,60,60,60,60,60,60,60,60,60,60,60,60,60,60,60,60,60,60,60,60,60,60,60,60,12.7777,12.84,12.73,27.30,29,25,26.02,6846912
2026-10-03 04:10:00,22.165789,22.226292,22.107271,0.025319,60,14.042191,14.096285,13.963531,0.028154,60,18.326772,18.393225,18.260471,0.026472,60,94.206667,94.300000,94.100000,0.077824,60,25.218074,25.240326,25.200272,0.012694,60,25.495124,25.526054,25.453957,0.013038,60,25.090879,25.122833,25.066757,0.014691,60,24.800000,24.800000,24.800000,0.000001,60,24.541634,24.557632,24.529434,0.006074,60,24.726907,24.745255,24.708420,0.006696,60,24.415308,24.431473,24.403427,0.006424,60,1000.500000,1000.500000,1000.500000,0.000000,60,1000.500000,1000.500000,1000.500000,0.000000,60,23.900000,23.900000,23.900000,0.000000,60,-0.042627,0.094668,-0.160982,0.049603,60,-0.161361,-0.066272,-0.268482,0.039983,60,-0.140650,-0.084317,-0.267779,0.037254,60,-0.001536,-0.000921,-0.002924,0.000407,60,-0.000451,0.001001,-0.001702,0.000524,60,-0.001725,-0.000708,-0.002870,0.000427,60,1.375007,1.540071,1.256738,0.060037,60,-178.868675,-178.755737,-178.999252,0.064615,60,-0.385147,-0.293026,-0.504963,0.045146,60,7.376165,7.501024,7.291789,0.045464,60,179.302629,179.434906,179.191513,0.055715,60,0.181593,0.292217,0.054981,0.052129,60,0.000000,15.516667,18.000000,13.000000,1.455459,60,2150.116667,2203.000000,2093.000000,29.414681,60,1.551667,1.800000,1.300000,0.145546,60,215.011903,2.916543,60,60,60,60,60,60,60,60,60,60,60,60,60,60,60,60,60,60,60,60,60,60,60,60,60,60,60,60,60,60,12.7758,12.82,12.72,27.18,29,26,26.03,6846946
2026-10-03 04:11:00,22.172452,22.224766,22.124056,0.024725,60,14.040309,14.081025,13.998627,0.021822,60,18.321889,18.358130,18.260471,0.022101,60,94.295000,94.400000,93.700000,0.089110,60,25.224527,25.240326,25.200272,0.011914,60,25.494723,25.526054,25.469978,0.011602,60,25.092659,25.122833,25.066757,0.012757,60,24.801667,24.900000,24.800000,0.012910,60,24.544550,24.555038,24.534531,0.004984,60,24.727514,24.738358,24.710159,0.006686,60,24.415733,24.427017,24.405655,0.005158,60,1000.500000,1000.500000,1000.500000,0.000000,60,1000.500000,1000.500000,1000.500000,0.000000,60,23.898333,23.900000,23.800000,0.012910,60,-0.005031,0.076603,-0.136514,0.042580,60,-0.134656,-0.086629,-0.216007,0.028199,60,-0.120497,-0.059752,-0.198068,0.032812,60,-0.001316,-0.000652,-0.002163,0.000358,60,-0.000053,0.000810,-0.001443,0.000450,60,-0.001439,-0.000926,-0.002309,0.000301,60,1.374960,1.471017,1.255948,0.050001,60,-178.826149,-178.689041,-178.930099,0.049288,60,-0.385303,-0.292168,-0.478129,0.040447,60,7.371082,7.485164,7.281719,0.045311,60,179.315580,179.489487,179.165131,0.057800,60,0.181062,0.290941,0.055603,0.048367,60,0.000000,15.583333,19.000000,13.000000,1.660015,60,2178.133333,2238.000000,2099.000000,26.127112,60,1.558333,1.900000,1.300000,0.166001,60,217.813214,2.590331,60,60,60,60,60,60,60,60,60,60,60,60,60,60,60,60,60,60,60,60,60,60,60,60,60,60,60,60,60,60,12.7770,12.83,12.72,27.22,29,26,26.03,6846980
2026-10-03 04:12:00,22.163525,22.212559,22.107271,0.025101,60,14.039521,14.113070,13.949798,0.032970,60,18.322245,18.374914,18.275730,0.023952,60,94.228333,94.400000,93.700000,0.229289,60,25.228444,25.256355,25.200272,0.011504,60,25.490940,25.526054,25.469978,0.011757,60,25.094039,25.122833,25.066757,0.012439,60,24.816667,24.900000,24.800000,0.037582,60,24.547096,24.558914,24.533401,0.005581,60,24.723322,24.736984,24.705185,0.006938,60,24.418205,24.441422,24.402451,0.007136,60,1000.498333,1000.500000,1000.400000,0.012910,60,1000.498333,1000.500000,1000.400000,0.012910,60,23.883333,23.900000,23.800000,0.037582,60,0.007744,0.088723,-0.116620,0.044335,60,-0.115698,-0.076903,-0.217591,0.028023,60,-0.107159,-0.050900,-0.214002,0.031568,60,-0.001170,-0.000556,-0.002337,0.000345,60,0.000082,0.000938,-0.001233,0.000469,60,-0.001237,-0.000822,-0.002326,0.000300,60,1.382801,1.531750,1.284844,0.054017,60,-178.837041,-178.740433,-178.970261,0.055841,60,-0.386422,-0.291955,-0.478129,0.043959,60,7.367896,7.492670,7.252414,0.057518,60,179.326374,179.435303,179.150665,0.054120,60,0.192069,0.318575,0.082001,0.054725,60,0.000000,15.850000,18.000000,13.000000,1.086512,60,2166.783333,2244.000000,2090.000000,32.718155,60,1.585000,1.800000,1.300000,0.108651,60,216.678405,3.243708,60,60,60,60,60,60,60,60,60,60,60,60,60,60,60,60,60,60,60,60,60,60,60,60,60,60,60,60,60,60,12.7793,12.83,12.73,27.27,29,25,26.05,6847014
2026-10-03 04:13:00,22.164009,22.212559,22.107271,0.024380,60,14.040996,14.096285,13.981842,0.025665,60,18.324381,18.390173,18.275730,0.026939,60,94.235000,94.400000,93.700000,0.237090,60,25.230001,25.256355,25.200272,0.011588,60,25.489783,25.510033,25.469978,0.010281,60,25.091680,25.122833,25.066757,0.014515,60,24.820000,24.900000,24.800000,0.040338,60,24.547889,24.561600,24.531143,0.006529,60,24.719127,24.733109,24.704391,0.007058,60,24.419384,24.435471,24.401749,0.007540,60,1000.495000,1000.500000,1000.400000,0.021978,60,1000.495000,1000.500000,1000.400000,0.021978,60,23.880000,23.900000,23.800000,0.040338,60,0.002862,0.093296,-0.105415,0.041029,60,-0.127527,-0.083010,-0.209448,0.028343,60,-0.108945,-0.044261,-0.210239,0.034358,60,-0.001190,-0.000483,-0.002296,0.000375,60,0.000030,0.000986,-0.001114,0.000434,60,-0.001363,-0.000887,-0.002239,0.000303,60,1.381404,1.497897,1.284442,0.047567,60,-178.817729,-178.688095,-178.956711,0.052377,60,-0.378647,-0.291955,-0.477978,0.042018,60,7.367980,7.462322,7.266490,0.049274,60,179.335285,179.516388,179.191147,0.060295,60,0.183903,0.292537,0.054361,0.042295,60,0.000000,18.116667,21.000000,14.000000,1.688362,60,2140.666667,2198.000000,2044.000000,31.709308,60,1.811667,2.100000,1.400000,0.168836,60,214.067568,3.143537,60,60,60,60,60,60,60,60,60,60,60,60,60,60,60,60,60,60,60,60,60,60,60,60,60,60,60,60,60,60,12.7754,12.83,12.72,27.23,29,25,26.03,6847047
2026-10-03 04:14:00,22.163932,22.212559,22.124056,0.023713,60,14.044709,14.096285,13.995575,0.022863,60,18.325805,18.393225,18.261997,0.029101,60,94.213333,94.400000,93.700000,0.218986,60,25.227331,25.256355,25.200272,0.013850,60,25.487513,25.510033,25.453957,0.012767,60,25.094439,25.122833,25.066757,0.012261,60,24.815000,24.900000,24.800000,0.036008,60,24.552941,24.567459,24.538589,0.006574,60,24.717906,24.729568,24.706345,0.005559,60,24.421609,24.434097,24.409012,0.006957,60,1000.485000,1000.500000,1000.400000,0.036008,60,1000.485000,1000.500000,1000.400000,0.036008,60,23.885000,23.900000,23.800000,0.036008,60,0.004326,0.078204,-0.131026,0.043020,60,-0.131320,-0.067630,-0.206281,0.028358,60,-0.120700,-0.071924,-0.192535,0.029269,60,-0.001318,-0.000785,-0.002102,0.000320,60,0.000046,0.000827,-0.001385,0.000455,60,-0.001404,-0.000723,-0.002205,0.000303,60,1.375776,1.469677,1.255553,0.048766,60,-178.840109,-178.688736,-178.934113,0.052749,60,-0.377315,-0.291848,-0.505437,0.044077,60,7.362444,7.476188,7.266602,0.050203,60,179.310560,179.449387,179.152054,0.064296,60,0.172027,0.293178,0.041801,0.051215,60,0.000000,19.083333,22.000000,15.000000,1.720186,60,2124.983333,2208.000000,2035.000000,39.395643,60,1.908333,2.200000,1.500000,0.172019,60,212.499383,3.905537,60,60,60,60,60,60,60,60,60,60,60,60,60,60,60,60,60,60,60,60,60,60,60,60,60,60,60,60,60,60,12.7773,12.83,12.72,27.23,29,25,26.02,6847081
2026-10-03 04:15:00,22.169502,22.244602,22.124056,0.023581,60,14.042980,14.094759,13.998627,0.024091,60,18.315531,18.358130,18.261997,0.022240,60,94.308333,94.400000,93.700000,0.123908,60,25.235120,25.269707,25.213623,0.012985,60,25.486623,25.510033,25.453957,0.011555,60,25.102539,25.136185,25.080109,0.011636,60,24.803333,24.900000,24.800000,0.018102,60,24.554018,24.564957,24.542038,0.005693,60,24.713906,24.731400,24.698349,0.007131,60,24.421699,24.438309,24.409225,0.007484,60,1000.476667,1000.500000,1000.400000,0.042652,60,1000.476667,1000.500000,1000.400000,0.042652,60,23.896667,23.900000,23.800000,0.018102,60,0.017333,0.095125,-0.092610,0.041386,60,-0.104747,-0.053606,-0.173032,0.026714,60,-0.082436,-0.034524,-0.179257,0.032049,60,-0.000900,-0.000377,-0.001957,0.000350,60,0.000183,0.001005,-0.000979,0.000437,60,-0.001120,-0.000573,-0.001850,0.000286,60,1.386994,1.511337,1.256738,0.057583,60,-178.843361,-178.741333,-179.012787,0.052306,60,-0.385505,-0.293241,-0.478886,0.047332,60,7.368616,7.517526,7.260583,0.055198,60,179.313073,179.435944,179.233047,0.046678,60,0.182808,0.265551,0.080465,0.048320,60,0.000000,18.783333,22.000000,14.000000,1.606044,60,2123.433333,2214.000000,1965.000000,51.133049,60,1.878333,2.200000,1.400000,0.160604,60,212.351207,5.065034,60,60,60,60,60,60,60,60,60,60,60,60,60,60,60,60,60,60,60,60,60,60,60,60,60,60,60,60,60,60,12.7759,12.83,12.73,27.27,30,26,26.01,6847115
2026-10-03 04:16:00,22.155438,22.198826,22.107271,0.025771,60,14.033061,14.094759,13.948272,0.028661,60,18.319905,18.393225,18.275730,0.024757,60,94.351667,94.400000,93.700000,0.103321,60,25.234630,25.256355,25.213623,0.011682,60,25.481461,25.510033,25.440605,0.012643,60,25.099780,25.122833,25.066757,0.014484,60,24.801667,24.900000,24.800000,0.012910,60,24.553172,24.569260,24.536026,0.007469,60,24.709808,24.725754,24.697525,0.005909,60,24.420640,24.441299,24.405258,0.006617,60,1000.481667,1000.500000,1000.400000,0.039020,60,1000.481667,1000.500000,1000.400000,0.039020,60,23.898333,23.900000,23.800000,0.012910,60,0.023267,0.131026,-0.074774,0.039963,60,-0.089193,-0.045916,-0.177782,0.028257,60,-0.063411,0.002656,-0.174609,0.035217,60,-0.000692,0.000029,-0.001907,0.000385,60,0.000246,0.001385,-0.000790,0.000422,60,-0.000953,-0.000491,-0.001900,0.000302,60,1.377507,1.535439,1.244073,0.058816,60,-178.832711,-178.604294,-178.958664,0.060711,60,-0.374871,-0.293026,-0.466057,0.040836,60,7.372189,7.492670,7.269667,0.044152,60,179.309784,179.435425,179.152054,0.071491,60,0.186295,0.330909,0.054361,0.052581,60,0.000000,15.833333,19.000000,10.000000,2.124647,60,2128.466667,2228.000000,2009.000000,46.689913,60,1.583333,1.900000,1.000000,0.212465,60,212.849353,4.627318,60,60,60,60,60,60,60,60,60,60,60,60,60,60,60,60,60,60,60,60,60,60,60,60,60,60,60,60,60,60,12.7765,12.83,12.72,27.24,29,26,26.02,6847149
2026-10-03 04:17:00,22.164212,22.226292,22.124056,0.024527,60,14.040640,14.094759,13.980316,0.024250,60,18.320973,18.390173,18.260471,0.029258,60,94.350000,94.400000,93.800000,0.087333,60,25.235298,25.269707,25.213623,0.011914,60,25.479191,25.510033,25.453957,0.012383,60,25.099513,25.122833,25.080109,0.013721,60,24.801667,24.900000,24.800000,0.012910,60,24.549406,24.564774,24.534958,0.006545,60,24.703367,24.714432,24.686111,0.006808,60,24.417639,24.429886,24.399368,0.006135,60,1000.480000,1000.500000,1000.400000,0.040338,60,1000.480000,1000.500000,1000.400000,0.040338,60,23.898333,23.900000,23.800000,0.012910,60,0.049381,0.137429,-0.074774,0.046203,60,-0.072036,-0.035285,-0.157425,0.026449,60,-0.048292,0.026335,-0.159339,0.036222,60,-0.000527,0.000288,-0.001740,0.000396,60,0.000522,0.001453,-0.000790,0.000488,60,-0.000770,-0.000377,-0.001683,0.000283,60,1.382621,1.471912,1.245645,0.043025,60,-178.820722,-178.687180,-178.930359,0.049868,60,-0.374549,-0.266272,-0.465166,0.045333,60,7.364936,7.482361,7.234386,0.051172,60,179.323441,179.488922,179.151657,0.066328,60,0.174576,0.318908,0.079919,0.051403,60,0.000000,17.633333,20.000000,14.000000,1.314414,60,2191.083333,2269.000000,2115.000000,34.204912,60,1.763333,2.000000,1.400000,0.131441,60,219.107978,3.391122,60,60,60,60,60,60,60,60,60,60,60,60,60,60,60,60,60,60,60,60,60,60,60,60,60,60,60,60,60,60,12.7759,12.83,12.72,27.30,29,26,26.03,6847182
2026-10-03 04:18:00,22.161796,22.226292,22.107271,0.024940,60,14.034180,14.094759,13.980316,0.025201,60,18.318227,18.393225,18.260471,0.026507,60,94.285000,94.400000,94.200000,0.040442,60,25.232627,25.269707,25.213623,0.013186,60,25.473984,25.496681,25.440605,0.012938,60,25.098756,25.122833,25.066757,0.012692,60,24.800000,24.800000,24.800000,0.000001,60,24.545492,24.563400,24.532211,0.006825,60,24.696801,24.714066,24.678238,0.007560,60,24.415013,24.426285,24.395279,0.006124,60,1000.500000,1000.500000,1000.500000,0.000000,60,1000.500000,1000.500000,1000.500000,0.000000,60,23.900000,23.900000,23.900000,0.000000,60,0.031183,0.136514,-0.104043,0.040330,60,-0.093769,-0.049082,-0.187282,0.027202,60,-0.072186,-0.017926,-0.165093,0.027169,60,-0.000788,-0.000196,-0.001803,0.000297,60,0.000330,0.001443,-0.001100,0.000426,60,-0.001002,-0.000525,-0.002002,0.000291,60,1.374849,1.511337,1.256738,0.051871,60,-178.830844,-178.686539,-178.998093,0.061968,60,-0.373777,-0.265969,-0.504176,0.044574,60,7.369456,7.499590,7.291789,0.041152,60,179.307596,179.448898,179.191513,0.058309,60,0.177754,0.320241,0.015722,0.051967,60,0.000000,16.250000,19.000000,13.000000,1.491501,60,2204.050000,2315.000000,2132.000000,39.493585,60,1.625000,1.900000,1.300000,0.149150,60,220.402602,3.914815,60,60,60,60,60,60,60,60,60,60,60,60,60,60,60,60,60,60,60,60,60,60,60,60,60,60,60,60,60,60,12.7760,12.82,12.72,27.21,29,26,26.02,6847216
2026-10-03 04:19:00,22.161389,22.215611,22.107271,0.025608,60,14.036062,14.094759,13.980316,0.027529,60,18.320490,18.390173,18.246738,0.025342,60,94.296667,94.400000,94.200000,0.025820,60,25.231470,25.256355,25.213623,0.011432,60,25.470379,25.496681,25.440605,0.010600,60,25.096887,25.122833,25.066757,0.014028,60,24.800000,24.800000,24.800000,0.000001,60,24.543233,24.556442,24.522293,0.008353,60,24.691226,24.707993,24.676590,0.006810,60,24.413326,24.431229,24.395676,0.006908,60,1000.500000,1000.500000,1000.500000,0.000000,60,1000.500000,1000.500000,1000.500000,0.000000,60,23.900000,23.900000,23.900000,0.000000,60,0.019822,0.091467,-0.073173,0.033603,60,-0.082682,-0.026464,-0.156068,0.029323,60,-0.062869,-0.013057,-0.156462,0.031799,60,-0.000687,-0.000143,-0.001709,0.000347,60,0.000210,0.000967,-0.000773,0.000355,60,-0.000884,-0.000283,-0.001668,0.000313,60,1.382784,1.509511,1.252794,0.052790,60,-178.840877,-178.685623,-179.009537,0.056121,60,-0.366722,-0.226462,-0.479190,0.045194,60,7.370372,7.491341,7.262589,0.051738,60,179.322018,179.490173,179.192093,0.065275,60,0.192046,0.266166,0.107470,0.044519,60,0.000000,13.550000,17.000000,9.000000,2.078339,60,2233.216667,2377.000000,2166.000000,43.379325,60,1.355000,1.700000,0.900000,0.207834,60,223.318030,4.298812,60,60,60,60,60,60,60,60,60,60,60,60,60,60,60,60,60,60,60,60,60,60,60,60,60,60,60,60,60,60,12.7768,12.83,12.73,27.29,29,26,26.02,6847250
2026-10-03 04:20:00,22.169680,22.229343,22.107271,0.027923,60,14.037715,14.110018,13.980316,0.026532,60,18.316777,18.393225,18.243687,0.026470,60,94.373333,94.500000,94.300000,0.048246,60,25.227509,25.256355,25.200272,0.012960,60,25.461967,25.483330,25.440605,0.011477,60,25.095774,25.122833,25.066757,0.015379,60,24.800000,24.800000,24.800000,0.000001,60,24.539899,24.562515,24.517502,0.007642,60,24.685181,24.698105,24.670517,0.006025,60,24.408534,24.420792,24.389603,0.007418,60,1000.500000,1000.500000,1000.500000,0.000000,60,1000.500000,1000.500000,1000.500000,0.000000,60,23.900000,23.900000,23.900000,0.000000,60,0.041579,0.117763,-0.117763,0.049595,60,-0.052437,-0.003167,-0.137295,0.028209,60,-0.018870,0.022352,-0.099808,0.026759,60,-0.000206,0.000244,-0.001090,0.000292,60,0.000439,0.001245,-0.001245,0.000524,60,-0.000561,-0.000034,-0.001468,0.000302,60,1.378579,1.495179,1.256738,0.060790,60,-178.826428,-178.686539,-178.972916,0.052046,60,-0.377563,-0.253393,-0.439344,0.043774,60,7.361238,7.466436,7.207041,0.048977,60,179.320152,179.435043,179.192459,0.046723,60,0.183726,0.292537,0.054464,0.049680,60,0.000000,12.866667,15.000000,10.000000,1.281771,60,2233.566667,2336.000000,2154.000000,42.346579,60,1.286667,1.500000,1.000000,0.128177,60,223.355818,4.197771,60,60,60,60,60,60,60,60,60,60,60,60,60,60,60,60,60,60,60,60,60,60,60,60,60,60,60,60,60,60,12.7734,12.83,12.72,27.19,29,26,26.03,6847284
2026-10-03 04:21:00,22.155921,22.212559,22.107271,0.026815,60,14.040080,14.094759,13.980316,0.028455,60,18.317540,18.374914,18.243687,0.026977,60,94.425000,94.500000,94.400000,0.043667,60,25.225016,25.256355,25.200272,0.010793,60,25.454802,25.483330,25.427254,0.014430,60,25.088921,25.122833,25.053406,0.016580,60,24.800000,24.800000,24.800000,0.000001,60,24.531016,24.547592,24.511703,0.007724,60,24.679887,24.697678,24.658768,0.007293,60,24.400853,24.412766,24.390244,0.005879,60,1000.511667,1000.600000,1000.500000,0.032373,60,1000.511667,1000.600000,1000.500000,0.032373,60,23.900000,23.900000,23.900000,0.000000,60,0.055688,0.128968,-0.048249,0.040328,60,-0.037083,0.009726,-0.128926,0.029438,60,-0.012769,0.032974,-0.091399,0.031504,60,-0.000139,0.000360,-0.000998,0.000344,60,0.000589,0.001363,-0.000510,0.000426,60,-0.000396,0.000104,-0.001378,0.000315,60,1.386658,1.495179,1.295872,0.044844,60,-178.833075,-178.743103,-178.958664,0.050668,60,-0.364395,-0.265969,-0.466057,0.046637,60,7.380029,7.517526,7.282694,0.050181,60,179.321503,179.449509,179.166687,0.057376,60,0.188401,0.319574,0.054981,0.054233,60,0.000000,13.250000,15.000000,12.000000,0.794579,60,2258.600000,2319.000000,2184.000000,28.784530,60,1.325000,1.500000,1.200000,0.079458,60,225.860462,2.853812,60,60,60,60,60,60,60,60,60,60,60,60,60,60,60,60,60,60,60,60,60,60,60,60,60,60,60,60,60,60,12.7750,12.83,12.73,27.19,29,26,26.02,6847318
2026-10-03 04:22:00,22.168307,22.226292,22.107271,0.024534,60,14.037461,14.094759,13.980316,0.025296,60,18.317616,18.374914,18.260471,0.025334,60,94.483333,94.600000,94.400000,0.049289,60,25.219809,25.240326,25.184250,0.011525,60,25.451954,25.496681,25.427254,0.014795,60,25.082067,25.109482,25.053406,0.012397,60,24.800000,24.800000,24.800000,0.000001,60,24.523222,24.538437,24.506149,0.008140,60,24.671889,24.691391,24.654129,0.008147,60,24.391932,24.407242,24.373764,0.006552,60,1000.543333,1000.600000,1000.500000,0.049972,60,1000.543333,1000.600000,1000.500000,0.049972,60,23.900000,23.900000,23.900000,0.000000,60,0.058722,0.136972,-0.056481,0.043949,60,-0.029276,0.015154,-0.104498,0.027025,60,0.002383,0.044040,-0.089850,0.027987,60,0.000026,0.000481,-0.000981,0.000306,60,0.000621,0.001448,-0.000597,0.000465,60,-0.000313,0.000162,-0.001117,0.000289,60,1.379542,1.469677,1.244466,0.046199,60,-178.837038,-178.741623,-178.956223,0.049142,60,-0.379263,-0.265868,-0.478129,0.049065,60,7.366301,7.460264,7.276651,0.045018,60,179.316197,179.436066,179.193024,0.054557,60,0.177053,0.265398,0.001806,0.047587,60,0.000000,13.316667,15.000000,11.000000,0.853540,60,2261.583333,2338.000000,2204.000000,32.595774,60,1.331667,1.500000,1.100000,0.085354,60,226.157929,3.231801,60,60,60,60,60,60,60,60,60,60,60,60,60,60,60,60,60,60,60,60,60,60,60,60,60,60,60,60,60,60,12.7737,12.83,12.72,27.23,29,26,26.04,6847351
2026-10-03 04:23:00,22.153556,22.197300,22.093538,0.022852,60,14.037207,14.094759,13.963531,0.025635,60,18.315735,18.390173,18.260471,0.023658,60,94.546667,94.700000,94.500000,0.067565,60,25.214825,25.240326,25.184250,0.012295,60,25.443631,25.469978,25.413902,0.012345,60,25.077216,25.109482,25.053406,0.012411,60,24.800000,24.800000,24.800000,0.000001,60,24.513593,24.532486,24.500870,0.006489,60,24.662958,24.685013,24.647537,0.006847,60,24.385421,24.400009,24.367416,0.006941,60,1000.598333,1000.600000,1000.500000,0.012910,60,1000.598333,1000.600000,1000.500000,0.012910,60,23.890000,23.900000,23.800000,0.030253,60,0.060890,0.166698,-0.037273,0.042313,60,-0.029065,0.026916,-0.114224,0.029235,60,0.009413,0.062408,-0.086088,0.031040,60,0.000103,0.000681,-0.000940,0.000339,60,0.000644,0.001762,-0.000394,0.000447,60,-0.000311,0.000288,-0.001221,0.000313,60,1.379961,1.471912,1.281230,0.046066,60,-178.845038,-178.737427,-178.956223,0.049177,60,-0.366461,-0.253197,-0.505437,0.048055,60,7.369708,7.461816,7.275688,0.045041,60,179.321961,179.516068,179.219955,0.059197,60,0.184992,0.331755,0.081341,0.048927,60,0.000000,12.900000,14.000000,11.000000,0.729523,60,2286.433333,2365.000000,2204.000000,36.797829,60,1.290000,1.400000,1.100000,0.072952,60,228.645125,3.647895,60,60,60,60,60,60,60,60,60,60,60,60,60,60,60,60,60,60,60,60,60,60,60,60,60,60,60,60,60,60,12.7769,12.83,12.72,27.38,29,26,26.02,6847385
2026-10-03 04:24:00,22.160906,22.226292,22.105745,0.026170,60,14.034638,14.091706,13.962005,0.024444,60,18.311843,18.374914,18.260471,0.026998,60,94.676667,94.800000,94.600000,0.056348,60,25.204900,25.240326,25.184250,0.013974,60,25.433929,25.453957,25.413902,0.010283,60,25.067380,25.109482,25.040054,0.013422,60,24.800000,24.800000,24.800000,0.000001,60,24.503398,24.518753,24.488724,0.006165,60,24.653456,24.673294,24.638504,0.006946,60,24.377870,24.396317,24.359879,0.007139,60,1000.600000,1000.600000,1000.600000,0.000039,60,1000.600000,1000.600000,1000.600000,0.000039,60,23.885000,24.100000,23.800000,0.057711,60,0.071881,0.162582,-0.065170,0.045667,60,-0.014351,0.030535,-0.091831,0.027153,60,0.017277,0.070596,-0.058867,0.030011,60,0.000189,0.000771,-0.000643,0.000328,60,0.000760,0.001718,-0.000689,0.000483,60,-0.000153,0.000326,-0.000982,0.000290,60,1.372240,1.496084,1.258718,0.051177,60,-178.844803,-178.738327,-178.958664,0.055312,60,-0.379751,-0.267283,-0.466057,0.041267,60,7.376817,7.521662,7.272629,0.044782,60,179.310282,179.435684,179.166306,0.053005,60,0.192703,0.330740,0.081122,0.049561,60,0.000000,10.483333,13.000000,8.000000,1.214205,60,2347.316667,2433.000000,2256.000000,44.473756,60,1.048333,1.300000,0.800000,0.121421,60,234.731725,4.409058,60,60,60,60,60,60,60,60,60,60,60,60,60,60,60,60,60,60,60,60,60,60,60,60,60,60,60,60,60,60,12.7750,12.83,12.72,27.19,29,25,26.03,6847419
2026-10-03 04:25:00,22.161287,22.194248,22.121004,0.020224,60,14.036901,14.126802,13.977264,0.028879,60,18.318532,18.390173,18.257420,0.025838,60,94.786667,94.900000,94.700000,0.053573,60,25.194842,25.213623,25.170898,0.011758,60,25.425340,25.453957,25.397881,0.011697,60,25.058435,25.096130,25.024033,0.013266,60,24.800000,24.800000,24.800000,0.000001,60,24.491696,24.505478,24.476151,0.007205,60,24.643028,24.664322,24.628433,0.008278,60,24.366804,24.383652,24.346939,0.007521,60,1000.600000,1000.600000,1000.600000,0.000039,60,1000.600000,1000.600000,1000.600000,0.000039,60,23.948333,24.100000,23.800000,0.104948,60,0.084656,0.165555,-0.033385,0.039252,60,0.007193,0.043201,-0.086629,0.026806,60,0.041657,0.082547,-0.055105,0.031033,60,0.000455,0.000901,-0.000602,0.000339,60,0.000895,0.001750,-0.000353,0.000415,60,0.000077,0.000462,-0.000926,0.000287,60,1.382939,1.559471,1.242113,0.054539,60,-178.840935,-178.714554,-178.972687,0.053565,60,-0.367845,-0.266777,-0.479190,0.044278,60,7.381225,7.517526,7.262589,0.051444,60,179.319932,179.449753,179.153824,0.061074,60,0.192957,0.266320,0.080794,0.040446,60,0.000000,9.216667,10.000000,8.000000,0.761169,60,2396.266667,2471.000000,2305.000000,38.653553,60,0.921667,1.000000,0.800000,0.076117,60,239.626954,3.832109,60,60,60,60,60,60,60,60,60,60,60,60,60,60,60,60,60,60,60,60,60,60,60,60,60,60,60,60,60,60,12.7749,12.83,12.72,27.25,29,25,26.02,6847453
2026-10-03 04:26:00,22.160169,22.211033,22.092012,0.026180,60,14.031815,14.091706,13.977264,0.027466,60,18.317540,18.374914,18.257420,0.025085,60,94.778333,94.900000,94.200000,0.201765,60,25.184339,25.213623,25.157547,0.012640,60,25.418041,25.440605,25.397881,0.013067,60,25.051314,25.080109,25.024033,0.012193,60,24.798333,24.800000,24.700000,0.012910,60,24.476468,24.489395,24.457932,0.007406,60,24.630632,24.647995,24.615463,0.006738,60,24.353967,24.371872,24.336258,0.009773,60,1000.600000,1000.600000,1000.600000,0.000039,60,1000.600000,1000.600000,1000.600000,0.000039,60,23.883333,23.900000,23.800000,0.037582,60,0.093014,0.185220,-0.017607,0.047068,60,0.013311,0.057904,-0.066499,0.026737,60,0.043516,0.086530,-0.042048,0.028847,60,0.000475,0.000945,-0.000459,0.000315,60,0.000983,0.001958,-0.000186,0.000498,60,0.000142,0.000619,-0.000711,0.000286,60,1.385856,1.508600,1.283638,0.044583,60,-178.849285,-178.741623,-178.997375,0.061629,60,-0.381446,-0.252904,-0.505753,0.053376,60,7.377465,7.518219,7.301885,0.045641,60,179.318101,179.449509,179.193970,0.055649,60,0.195899,0.291898,0.080247,0.044465,60,0.000000,9.750000,11.000000,8.000000,0.875756,60,2415.000000,2513.000000,2322.000000,50.326392,60,0.975000,1.100000,0.800000,0.087576,60,241.499770,4.989448,60,60,60,60,60,60,60,60,60,60,60,60,60,60,60,60,60,60,60,60,60,60,60,60,60,60,60,60,60,60,12.7749,12.83,12.72,27.29,29,26,26.02,6847487
2026-10-03 04:27:00,22.166323,22.224766,22.102694,0.022129,60,14.031434,14.110018,13.962005,0.026512,60,18.320567,18.388647,18.257420,0.030518,60,94.676667,95.400000,94.300000,0.406459,60,25.170498,25.200272,25.128174,0.013930,60,25.407316,25.440605,25.371178,0.013962,60,25.040099,25.066757,25.008011,0.011794,60,24.755000,24.800000,24.700000,0.050169,60,24.463932,24.484879,24.451279,0.008472,60,24.619240,24.638321,24.600418,0.007944,60,24.342553,24.359482,24.319504,0.007386,60,1000.600000,1000.600000,1000.600000,0.000039,60,1000.600000,1000.600000,1000.600000,0.000039,60,23.853333,23.900000,23.800000,0.050310,60,0.092549,0.172872,-0.044819,0.044240,60,0.014514,0.067856,-0.083689,0.030685,60,0.053168,0.093169,-0.050015,0.032098,60,0.000581,0.001017,-0.000546,0.000351,60,0.000978,0.001827,-0.000474,0.000468,60,0.000155,0.000725,-0.000895,0.000328,60,1.372903,1.511337,1.256738,0.053632,60,-178.835896,-178.715775,-178.959900,0.054989,60,-0.367872,-0.265667,-0.466354,0.046618,60,7.378099,7.486482,7.250407,0.049776,60,179.313715,179.448898,179.164734,0.062695,60,0.198671,0.318077,0.081561,0.056802,60,0.000000,9.333333,11.000000,7.000000,0.950765,60,2373.183333,2520.000000,2246.000000,56.508734,60,0.933333,1.100000,0.700000,0.095077,60,237.313552,5.599515,60,60,60,60,60,60,60,60,60,60,60,60,60,60,60,60,60,60,60,60,60,60,60,60,60,60,60,60,60,60,12.7762,12.84,12.72,27.17,29,25,26.01,6847520
2026-10-03 04:28:00,22.160423,22.221714,22.073702,0.030127,60,14.038224,14.108492,13.994049,0.023299,60,18.318507,18.402380,18.257420,0.024741,60,94.796667,94.900000,94.300000,0.200818,60,25.159461,25.184250,25.128174,0.012990,60,25.396679,25.413902,25.371178,0.013058,60,25.028439,25.053406,25.008011,0.012260,60,24.713333,24.800000,24.700000,0.034280,60,24.447287,24.460800,24.430252,0.006629,60,24.609075,24.625259,24.590714,0.008002,60,24.329051,24.346359,24.312027,0.008216,60,1000.600000,1000.600000,1000.600000,0.000039,60,1000.600000,1000.600000,1000.600000,0.000039,60,23.885000,23.900000,23.800000,0.036008,60,0.093266,0.178818,-0.034071,0.046435,60,0.020655,0.065368,-0.066725,0.028297,60,0.061655,0.104234,-0.027663,0.027077,60,0.000673,0.001138,-0.000302,0.000296,60,0.000986,0.001890,-0.000360,0.000491,60,0.000221,0.000699,-0.000713,0.000302,60,1.382762,1.470570,1.281631,0.048787,60,-178.842076,-178.688095,-178.999252,0.061093,60,-0.375791,-0.265164,-0.465611,0.048145,60,7.368194,7.460264,7.281718,0.046872,60,179.318041,179.435684,179.164734,0.065234,60,0.196876,0.318908,0.081671,0.050795,60,0.000000,9.533333,11.000000,8.000000,0.700282,60,2335.016667,2453.000000,2286.000000,33.846859,60,0.953333,1.100000,0.800000,0.070028,60,233.499744,3.354924,60,60,60,60,60,60,60,60,60,60,60,60,60,60,60,60,60,60,60,60,60,60,60,60,60,60,60,60,60,60,12.7745,12.84,12.72,27.29,29,26,26.01,6847554
2026-10-03 04:29:00,22.163221,22.211033,22.101168,0.027453,60,14.034155,14.108492,13.977264,0.024518,60,18.316777,18.385595,18.255894,0.029929,60,94.970000,95.000000,94.900000,0.046212,60,25.145130,25.170898,25.114822,0.013826,60,25.383506,25.413902,25.355156,0.013634,60,25.012906,25.040054,24.981308,0.014586,60,24.700000,24.700000,24.700000,0.000000,60,24.429146,24.446945,24.412827,0.008723,60,24.596127,24.614029,24.583054,0.006093,60,24.316335,24.331741,24.302811,0.007515,60,1000.600000,1000.600000,1000.600000,0.000039,60,1000.600000,1000.600000,1000.600000,0.000039,60,23.900000,23.900000,23.900000,0.000000,60,0.103171,0.182934,-0.033157,0.042375,60,0.020217,0.082558,-0.064237,0.027600,60,0.057591,0.105784,-0.021909,0.030395,60,0.000629,0.001155,-0.000239,0.000332,60,0.001091,0.001934,-0.000350,0.000448,60,0.000216,0.000883,-0.000687,0.000295,60,1.382351,1.474601,1.256738,0.050759,60,-178.830712,-178.687485,-178.959396,0.063194,60,-0.375659,-0.265868,-0.479190,0.046178,60,7.376244,7.460266,7.295845,0.039448,60,179.320457,179.448898,179.193024,0.052938,60,0.193681,0.291259,0.081122,0.041442,60,0.000000,10.150000,12.000000,8.000000,0.860134,60,2298.333333,2369.000000,2226.000000,28.663250,60,1.015000,1.200000,0.800000,0.086013,60,229.833527,2.841793,60,60,60,60,60,60,60,60,60,60,60,60,60,60,60,60,60,60,60,60,60,60,60,60,60,60,60,60,60,60,12.7759,12.83,12.72,27.16,29,26,26.02,6847588
2026-10-03 04:30:00,22.168281,22.238499,22.102694,0.028848,60,14.032095,14.091706,13.977264,0.024986,60,18.316243,18.370337,18.239109,0.026234,60,95.045000,95.100000,95.000000,0.050169,60,25.131690,25.157547,25.114822,0.011556,60,25.373180,25.397881,25.341805,0.011325,60,25.000935,25.040054,24.965286,0.013391,60,24.700000,24.700000,24.700000,0.000000,60,24.415899,24.430161,24.399582,0.007338,60,24.582786,24.594345,24.567032,0.005988,60,24.303886,24.324631,24.284836,0.007951,60,1000.600000,1000.600000,1000.600000,0.000039,60,1000.600000,1000.600000,1000.600000,0.000039,60,23.900000,23.900000,23.900000,0.000000,60,0.098670,0.197797,-0.030413,0.041783,60,0.017820,0.067856,-0.073737,0.030959,60,0.054046,0.106226,-0.038507,0.031709,60,0.000590,0.001160,-0.000420,0.000346,60,0.001043,0.002091,-0.000321,0.000442,60,0.000190,0.000725,-0.000788,0.000331,60,1.390263,1.509967,1.279228,0.050645,60,-178.843701,-178.713638,-178.971466,0.052268,60,-0.384009,-0.253393,-0.466354,0.048669,60,7.385398,7.488544,7.275687,0.051468,60,179.304907,179.409058,179.191513,0.050812,60,0.180235,0.291419,0.055188,0.046363,60,0.000000,10.566667,12.000000,9.000000,0.767268,60,2304.300000,2383.000000,2230.000000,31.664716,60,1.056667,1.200000,0.900000,0.076727,60,230.429885,3.139330,60,60,60,60,60,60,60,60,60,60,60,60,60,60,60,60,60,60,60,60,60,60,60,60,60,60,60,60,60,60,12.7735,12.84,12.72,27.26,29,26,26.02,6847622
2026-10-03 04:31:00,22.160041,22.220188,22.102694,0.022054,60,14.029908,14.090180,13.975739,0.027494,60,18.326594,18.385595,18.255894,0.027688,60,95.108333,95.200000,95.100000,0.027872,60,25.116781,25.141525,25.085449,0.012111,60,25.358049,25.384529,25.328453,0.012795,60,24.989096,25.008011,24.951935,0.011289,60,24.700000,24.700000,24.700000,0.000000,60,24.401028,24.417007,24.388901,0.007207,60,24.571517,24.587479,24.552719,0.008266,60,24.291540,24.309952,24.277115,0.007418,60,1000.600000,1000.600000,1000.600000,0.000039,60,1000.600000,1000.600000,1000.600000,0.000039,60,23.900000,23.900000,23.900000,0.000000,60,0.087530,0.161896,-0.024696,0.040936,60,0.000403,0.046368,-0.088212,0.029334,60,0.040702,0.099366,-0.049572,0.030163,60,0.000444,0.001085,-0.000541,0.000329,60,0.000925,0.001711,-0.000261,0.000433,60,0.000004,0.000496,-0.000943,0.000314,60,1.397125,1.496537,1.282433,0.051027,60,-178.844457,-178.714249,-178.959900,0.053370,60,-0.379063,-0.265868,-0.465908,0.044309,60,7.385017,7.498867,7.289812,0.044111,60,179.316706,179.409195,179.192459,0.055210,60,0.193317,0.291898,0.054981,0.049716,60,0.000000,10.650000,12.000000,8.000000,0.988493,60,2343.933333,2409.000000,2270.000000,31.090282,60,1.065000,1.200000,0.800000,0.098849,60,234.393131,3.082518,60,60,60,60,60,60,60,60,60,60,60,60,60,60,60,60,60,60,60,60,60,60,60,60,60,60,60,60,60,60,12.7742,12.82,12.73,27.17,29,26,26.02,6847655
2026-10-03 04:32:00,22.160296,22.217136,22.087435,0.028882,60,14.031027,14.105440,13.958953,0.028684,60,18.314819,18.367285,18.255894,0.023848,60,95.171667,95.300000,95.100000,0.049030,60,25.103340,25.141525,25.072098,0.015926,60,25.347234,25.371178,25.315102,0.013347,60,24.977392,25.008011,24.951935,0.015268,60,24.700000,24.700000,24.700000,0.000000,60,24.391293,24.408371,24.373337,0.007936,60,24.559452,24.577469,24.543839,0.007685,60,24.279674,24.297623,24.256454,0.007310,60,1000.585000,1000.600000,1000.500000,0.036008,60,1000.585000,1000.600000,1000.500000,0.036008,60,23.900000,23.900000,23.900000,0.000000,60,0.085243,0.163726,-0.028355,0.039280,60,-0.005768,0.028726,-0.084820,0.025469,60,0.030651,0.077014,-0.052228,0.029315,60,0.000335,0.000841,-0.000570,0.000320,60,0.000901,0.001731,-0.000300,0.000415,60,-0.000062,0.000307,-0.000907,0.000272,60,1.378372,1.471017,1.293852,0.047657,60,-178.828367,-178.715164,-178.928848,0.050137,60,-0.389367,-0.291955,-0.505437,0.045727,60,7.368790,7.486482,7.252414,0.049382,60,179.316587,179.449890,179.164551,0.056244,60,0.178529,0.266166,0.041300,0.047168,60,0.000000,10.183333,11.000000,9.000000,0.567231,60,2409.383333,2516.000000,2311.000000,51.143564,60,1.018333,1.100000,0.900000,0.056723,60,240.940113,5.070176,60,60,60,60,60,60,60,60,60,60,60,60,60,60,60,60,60,60,60,60,60,60,60,60,60,60,60,60,60,60,12.7745,12.82,12.72,27.26,29,26,26.01,6847689
2026-10-03 04:33:00,22.158465,22.206455,22.098116,0.023349,60,14.031052,14.090180,13.958953,0.029925,60,18.315226,18.367285,18.239109,0.031452,60,95.215000,95.400000,94.600000,0.158194,60,25.087808,25.114822,25.058746,0.012321,60,25.334684,25.355156,25.315102,0.011389,60,24.965286,24.994659,24.938583,0.013818,60,24.700000,24.700000,24.700000,0.000000,60,24.378546,24.391006,24.361496,0.006954,60,24.549879,24.568130,24.533524,0.007514,60,24.269389,24.280197,24.254227,0.006163,60,1000.531667,1000.600000,1000.500000,0.046910,60,1000.531667,1000.600000,1000.500000,0.046910,60,23.895000,23.900000,23.800000,0.021978,60,0.067781,0.145661,-0.041617,0.036793,60,-0.015339,0.028499,-0.099748,0.026850,60,0.018420,0.068604,-0.084317,0.033485,60,0.000201,0.000749,-0.000921,0.000366,60,0.000716,0.001540,-0.000440,0.000389,60,-0.000164,0.000305,-0.001066,0.000287,60,1.381438,1.496084,1.243288,0.045403,60,-178.835300,-178.713638,-178.931107,0.058951,60,-0.374103,-0.266171,-0.506227,0.043555,60,7.379916,7.485163,7.246396,0.044767,60,179.318703,179.434647,179.165726,0.052679,60,0.177850,0.265552,0.106775,0.035760,60,0.000000,10.850000,13.000000,9.000000,0.935641,60,2390.000000,2463.000000,2337.000000,27.446095,60,1.085000,1.300000,0.900000,0.093564,60,238.999737,2.721277,60,60,60,60,60,60,60,60,60,60,60,60,60,60,60,60,60,60,60,60,60,60,60,60,60,60,60,60,60,60,12.7750,12.83,12.72,27.27,29,26,26.01,6847723
2026-10-03 04:34:00,22.163856,22.233921,22.114901,0.027029,60,14.029704,14.105440,13.958953,0.031096,60,18.315150,18.367285,18.252842,0.022773,60,95.030000,95.400000,94.700000,0.297618,60,25.078417,25.101471,25.042725,0.011254,60,25.328676,25.341805,25.315102,0.009675,60,24.955896,24.981308,24.925232,0.012423,60,24.700000,24.700000,24.700000,0.000000,60,24.369949,24.385788,24.350082,0.008115,60,24.540046,24.565323,24.524857,0.008435,60,24.261915,24.278519,24.245865,0.007376,60,1000.518333,1000.600000,1000.500000,0.039020,60,1000.518333,1000.600000,1000.500000,0.039020,60,23.881667,23.900000,23.800000,0.039020,60,0.061717,0.143145,-0.033843,0.037741,60,-0.015000,0.024202,-0.131414,0.029350,60,0.015466,0.076793,-0.073252,0.028705,60,0.000169,0.000839,-0.000800,0.000313,60,0.000652,0.001513,-0.000358,0.000399,60,-0.000160,0.000259,-0.001405,0.000314,60,1.394050,1.511337,1.295064,0.047107,60,-178.834946,-178.713333,-178.957947,0.050233,60,-0.370905,-0.265667,-0.464722,0.050739,60,7.378438,7.476188,7.242390,0.048963,60,179.313375,179.435684,179.165527,0.054974,60,0.201894,0.292537,0.080793,0.049192,60,0.000000,9.716667,11.000000,9.000000,0.691147,60,2336.650000,2428.000000,2206.000000,40.345048,60,0.971667,1.100000,0.900000,0.069115,60,233.666325,3.998538,60,60,60,60,60,60,60,60,60,60,60,60,60,60,60,60,60,60,60,60,60,60,60,60,60,60,60,60,60,60,12.7720,12.83,12.72,27.22,29,25,26.02,6847757
2026-10-03 04:35:00,22.163373,22.233921,22.098116,0.027269,60,14.029068,14.105440,13.975739,0.023288,60,18.311945,18.367285,18.252842,0.026105,60,94.908333,95.500000,94.800000,0.127946,60,25.061817,25.101471,25.029373,0.015008,60,25.317905,25.355156,25.285728,0.014379,60,24.946194,24.981308,24.925232,0.012260,60,24.700000,24.700000,24.700000,0.000000,60,24.354885,24.377487,24.338516,0.007771,60,24.532632,24.549026,24.514084,0.007364,60,24.251685,24.277451,24.228836,0.007593,60,1000.500000,1000.500000,1000.500000,0.000000,60,1000.500000,1000.500000,1000.500000,0.000000,60,23.900000,23.900000,23.900000,0.000000,60,0.067663,0.147719,-0.040703,0.035929,60,-0.010114,0.053606,-0.089796,0.027365,60,0.026623,0.071481,-0.059974,0.029219,60,0.000291,0.000781,-0.000655,0.000319,60,0.000715,0.001561,-0.000430,0.000380,60,-0.000108,0.000573,-0.000960,0.000293,60,1.394253,1.469677,1.281230,0.040484,60,-178.845661,-178.714249,-178.998093,0.058445,60,-0.381587,-0.266979,-0.477676,0.039957,60,7.386272,7.482361,7.273679,0.053349,60,179.306441,179.435684,179.218506,0.051376,60,0.196061,0.291898,0.107354,0.041253,60,0.000000,9.183333,11.000000,8.000000,0.624138,60,2339.800000,2436.000000,2241.000000,34.431361,60,0.918333,1.100000,0.800000,0.062414,60,233.979800,3.412926,60,60,60,60,60,60,60,60,60,60,60,60,60,60,60,60,60,60,60,60,60,60,60,60,60,60,60,60,60,60,12.7720,12.83,12.72,27.26,29,26,26.02,6847791
2026-10-03 04:36:00,22.160296,22.262913,22.111849,0.027855,60,14.034816,14.087129,13.972687,0.024685,60,18.312022,18.384069,18.252842,0.027547,60,94.981667,95.500000,94.900000,0.164153,60,25.055319,25.085449,25.016022,0.014618,60,25.309984,25.341805,25.272377,0.013485,60,24.939206,24.965286,24.909210,0.010387,60,24.690000,24.700000,24.600000,0.030253,60,24.342816,24.357040,24.322495,0.007180,60,24.521147,24.536911,24.505325,0.007373,60,24.241679,24.264572,24.221512,0.008432,60,1000.500000,1000.500000,1000.500000,0.000000,60,1000.500000,1000.500000,1000.500000,0.000000,60,23.900000,23.900000,23.900000,0.000000,60,0.063653,0.137886,-0.014177,0.036660,60,-0.004252,0.045237,-0.106986,0.028995,60,0.028589,0.069711,-0.058203,0.030525,60,0.000312,0.000761,-0.000636,0.000333,60,0.000673,0.001457,-0.000150,0.000388,60,-0.000045,0.000484,-0.001144,0.000310,60,1.392579,1.511337,1.283638,0.053600,60,-178.835105,-178.686539,-178.957443,0.048666,60,-0.382345,-0.292490,-0.478886,0.043933,60,7.379621,7.495462,7.208187,0.055417,60,179.317235,179.435684,179.165131,0.058395,60,0.193733,0.293018,0.107007,0.050651,60,0.000000,8.466667,10.000000,7.000000,0.982330,60,2322.050000,2405.000000,2237.000000,33.762593,60,0.846667,1.000000,0.700000,0.098233,60,232.205127,3.347096,60,60,60,60,60,60,60,60,60,60,60,60,60,60,60,60,60,60,60,60,60,60,60,60,60,60,60,60,60,60,12.7699,12.83,12.73,27.21,29,26,26.01,6847826
2026-10-03 04:37:00,22.160219,22.215611,22.125582,0.023010,60,14.029730,14.071870,13.972687,0.026874,60,18.314870,18.381018,18.266575,0.025575,60,95.308333,95.500000,95.000000,0.245151,60,25.042947,25.072098,25.016022,0.012165,60,25.301795,25.328453,25.272377,0.012956,60,24.926434,24.951935,24.895859,0.011742,60,24.638333,24.700000,24.600000,0.049030,60,24.334104,24.344681,24.320084,0.006367,60,24.514974,24.530411,24.496353,0.007721,60,24.231041,24.248978,24.211838,0.007561,60,1000.500000,1000.500000,1000.500000,0.000000,60,1000.500000,1000.500000,1000.500000,0.000000,60,23.900000,23.900000,23.900000,0.000000,60,0.056439,0.112275,-0.038187,0.037502,60,-0.012648,0.029630,-0.076677,0.025545,60,0.020626,0.075465,-0.066170,0.031341,60,0.000225,0.000824,-0.000723,0.000342,60,0.000597,0.001187,-0.000404,0.000396,60,-0.000135,0.000317,-0.000820,0.000273,60,1.390672,1.500168,1.257925,0.057469,60,-178.839155,-178.740723,-178.929092,0.045100,60,-0.379990,-0.293241,-0.465611,0.038395,60,7.388227,7.488544,7.279707,0.045389,60,179.309281,179.449142,179.193024,0.051158,60,0.199944,0.293018,0.054671,0.048443,60,0.000000,8.716667,10.000000,7.000000,0.865373,60,2331.516667,2501.000000,2228.000000,52.768921,60,0.871667,1.000000,0.700000,0.086537,60,233.146892,5.228203,60,60,60,60,60,60,60,60,60,60,60,60,60,60,60,60,60,60,60,60,60,60,60,60,60,60,60,60,60,60,12.7731,12.83,12.72,27.15,29,25,26.00,6847860
2026-10-03 04:38:00,22.157752,22.215611,22.111849,0.022668,60,14.025152,14.103914,13.972687,0.027185,60,18.313878,18.384069,18.251316,0.027176,60,95.545000,95.600000,95.500000,0.050169,60,25.032043,25.058746,25.000000,0.012611,60,25.285639,25.315102,25.259026,0.012951,60,24.916598,24.938583,24.882507,0.014488,60,24.600000,24.600000,24.600000,0.000001,60,24.321847,24.339432,24.304092,0.007638,60,24.505880,24.518478,24.491959,0.007279,60,24.222705,24.237900,24.211411,0.006158,60,1000.500000,1000.500000,1000.500000,0.000000,60,1000.500000,1000.500000,1000.500000,0.000000,60,23.900000,23.900000,23.900000,0.000000,60,0.048481,0.107473,-0.027669,0.033782,60,-0.018389,0.021940,-0.097938,0.028796,60,0.017553,0.066170,-0.058424,0.027348,60,0.000192,0.000723,-0.000638,0.000299,60,0.000512,0.001136,-0.000292,0.000357,60,-0.000197,0.000235,-0.001047,0.000308,60,1.387641,1.513624,1.258718,0.050230,60,-178.836775,-178.715164,-178.970749,0.053376,60,-0.382719,-0.267081,-0.506227,0.050517,60,7.385680,7.495462,7.276651,0.046607,60,179.313245,179.408508,179.192459,0.046647,60,0.191037,0.319574,0.081013,0.052878,60,0.000000,7.683333,9.000000,6.000000,0.770025,60,2397.600000,2504.000000,2254.000000,55.070433,60,0.768333,0.900000,0.600000,0.077002,60,239.758871,5.458614,60,60,60,60,60,60,60,60,60,60,60,60,60,60,60,60,60,60,60,60,60,60,60,60,60,60,60,60,60,60,12.7743,12.83,12.73,27.24,29,25,26.02,6847894
2026-10-03 04:39:00,22.158007,22.215611,22.096590,0.027762,60,14.028865,14.087129,13.957427,0.027844,60,18.316320,18.381018,18.251316,0.026561,60,95.600000,95.600000,95.600000,0.000000,60,25.021318,25.042725,25.000000,0.012462,60,25.279275,25.299080,25.259026,0.011658,60,24.907252,24.938583,24.882507,0.012456,60,24.600000,24.600000,24.600000,0.000001,60,24.311242,24.325851,24.294662,0.006826,60,24.498523,24.513840,24.486343,0.006451,60,24.212564,24.228165,24.197433,0.007630,60,1000.500000,1000.500000,1000.500000,0.000000,60,1000.500000,1000.500000,1000.500000,0.000000,60,23.898333,23.900000,23.800000,0.012910,60,0.038599,0.108159,-0.075689,0.032692,60,-0.032175,0.012440,-0.113998,0.029707,60,0.006591,0.062851,-0.099808,0.033294,60,0.000072,0.000686,-0.001090,0.000364,60,0.000408,0.001143,-0.000800,0.000346,60,-0.000344,0.000133,-0.001219,0.000318,60,1.387241,1.492920,1.255948,0.053675,60,-178.844112,-178.714249,-178.957947,0.052909,60,-0.383601,-0.293348,-0.466057,0.044949,60,7.373936,7.492670,7.301885,0.043804,60,179.312227,179.435684,179.193588,0.049056,60,0.176982,0.266320,0.106775,0.041703,60,0.000000,7.750000,10.000000,6.000000,1.129347,60,2424.850000,2504.000000,2315.000000,42.709831,60,0.775000,1.000000,0.600000,0.112935,60,242.485424,4.233954,60,60,60,60,60,60,60,60,60,60,60,60,60,60,60,60,60,60,60,60,60,60,60,60,60,60,60,60,60,60,12.7689,12.82,12.73,27.27,29,26,26.01,6847928
2026-10-03 04:40:00,22.154497,22.201878,22.093538,0.028691,60,14.027848,14.103914,13.972687,0.030378,60,18.312454,18.381018,18.266575,0.028794,60,95.613333,95.700000,95.600000,0.034280,60,25.010904,25.042725,24.983978,0.014098,60,25.273668,25.299080,25.242996,0.011303,60,24.894613,24.925232,24.866486,0.014159,60,24.600000,24.600000,24.600000,0.000001,60,24.302066,24.317032,24.287125,0.007638,60,24.490076,24.509567,24.478043,0.007379,60,24.205383,24.221970,24.191299,0.006669,60,1000.500000,1000.500000,1000.500000,0.000000,60,1000.500000,1000.500000,1000.500000,0.000000,60,23.870000,23.900000,23.800000,0.046212,60,0.043584,0.120507,-0.077747,0.034529,60,-0.034980,0.011988,-0.112414,0.026362,60,-0.003522,0.044704,-0.096931,0.031733,60,-0.000038,0.000488,-0.001058,0.000347,60,0.000461,0.001274,-0.000822,0.000365,60,-0.000374,0.000128,-0.001202,0.000282,60,1.402919,1.578059,1.242113,0.051801,60,-178.816616,-178.688736,-178.970993,0.055847,60,-0.377779,-0.318331,-0.504963,0.041623,60,7.391359,7.478243,7.311971,0.042338,60,179.320057,179.448746,179.166687,0.059667,60,0.195332,0.357061,0.107354,0.050967,60,0.000000,8.633333,10.000000,7.000000,0.758381,60,2428.966667,2560.000000,2316.000000,57.259435,60,0.863333,1.000000,0.700000,0.075838,60,242.896912,5.675752,60,60,60,60,60,60,60,60,60,60,60,60,60,60,60,60,60,60,60,60,60,60,60,60,60,60,60,60,60,60,12.7714,12.82,12.72,27.38,29,25,26.02,6847961
2026-10-03 04:41:00,22.157778,22.212559,22.110323,0.025614,60,14.032654,14.087129,13.957427,0.025116,60,18.309860,18.381018,18.233006,0.028992,60,95.695000,95.700000,95.600000,0.021978,60,24.999466,25.029373,24.970627,0.013417,60,25.267348,25.285728,25.242996,0.010137,60,24.888604,24.925232,24.853134,0.014593,60,24.600000,24.600000,24.600000,0.000001,60,24.292058,24.310623,24.277176,0.006706,60,24.486739,24.503342,24.469223,0.007951,60,24.197910,24.216660,24.185165,0.007010,60,1000.500000,1000.500000,1000.500000,0.000000,60,1000.500000,1000.500000,1000.500000,0.000000,60,23.818333,23.900000,23.800000,0.039020,60,0.041690,0.104501,-0.058996,0.038940,60,-0.035564,0.005202,-0.118974,0.025495,60,-0.016155,0.031647,-0.096268,0.029099,60,-0.000176,0.000346,-0.001051,0.000318,60,0.000441,0.001105,-0.000624,0.000412,60,-0.000380,0.000056,-0.001272,0.000273,60,1.385850,1.508600,1.245251,0.056580,60,-178.847206,-178.716064,-178.957443,0.057995,60,-0.381682,-0.292168,-0.478886,0.036679,60,7.374116,7.478995,7.265655,0.051761,60,179.318212,179.490067,179.165726,0.056603,60,0.194822,0.332093,0.054774,0.052039,60,0.000000,9.000000,10.000000,8.000000,0.688895,60,2476.133333,2513.000000,2373.000000,28.884027,60,0.900000,1.000000,0.800000,0.068889,60,247.615255,2.862878,60,60,60,60,60,60,60,60,60,60,60,60,60,60,60,60,60,60,60,60,60,60,60,60,60,60,60,60,60,60,12.7706,12.82,12.71,27.29,29,25,26.01,6847995
2026-10-03 04:42:00,22.158439,22.198826,22.110323,0.022127,60,14.024999,14.071870,13.972687,0.025646,60,18.311793,18.365759,18.248264,0.026233,60,95.783333,95.900000,95.700000,0.099433,60,24.988206,25.016022,24.970627,0.011884,60,25.258401,25.285728,25.229645,0.011898,60,24.880683,24.909210,24.839783,0.014048,60,24.600000,24.600000,24.600000,0.000001,60,24.285791,24.304947,24.269241,0.007637,60,24.479636,24.491867,24.468796,0.006111,60,24.190375,24.204636,24.178940,0.006260,60,1000.500000,1000.500000,1000.500000,0.000000,60,1000.500000,1000.500000,1000.500000,0.000000,60,23.858333,24.100000,23.800000,0.080867,60,0.041976,0.095354,-0.052136,0.032876,60,-0.057527,-0.011988,-0.133676,0.025034,60,-0.024244,0.026778,-0.135881,0.032551,60,-0.000265,0.000292,-0.001484,0.000355,60,0.000444,0.001008,-0.000551,0.000348,60,-0.000615,-0.000128,-0.001429,0.000268,60,1.385636,1.494275,1.217160,0.049523,60,-178.830612,-178.674576,-178.958664,0.055751,60,-0.387597,-0.318897,-0.477374,0.039339,60,7.382730,7.495462,7.276651,0.048145,60,179.318373,179.434906,179.164734,0.054773,60,0.192129,0.318243,0.081122,0.051163,60,0.000000,10.733333,12.000000,9.000000,0.578328,60,2402.216667,2467.000000,2355.000000,23.398603,60,1.073333,1.200000,0.900000,0.057833,60,240.221381,2.320009,60,60,60,60,60,60,60,60,60,60,60,60,60,60,60,60,60,60,60,60,60,60,60,60,60,60,60,60,60,60,12.7702,12.82,12.71,27.27,29,25,26.01,6848029
2026-10-03 04:43:00,22.158973,22.212559,22.110323,0.024613,60,14.032425,14.087129,13.957427,0.027090,60,18.309962,18.381018,18.251316,0.028245,60,95.890000,95.900000,95.700000,0.043957,60,24.981041,25.000000,24.957275,0.011537,60,25.252480,25.272377,25.229645,0.012230,60,24.871960,24.895859,24.839783,0.012295,60,24.600000,24.600000,24.600000,0.000001,60,24.278130,24.296158,24.262985,0.007232,60,24.472116,24.488052,24.455826,0.006982,60,24.186487,24.203903,24.171310,0.006387,60,1000.500000,1000.500000,1000.500000,0.000000,60,1000.500000,1000.500000,1000.500000,0.000000,60,23.908333,24.100000,23.800000,0.056122,60,0.037863,0.105873,-0.081863,0.034196,60,-0.066582,-0.025559,-0.176199,0.029843,60,-0.046710,0.020581,-0.170847,0.042724,60,-0.000510,0.000225,-0.001866,0.000467,60,0.000400,0.001119,-0.000865,0.000361,60,-0.000712,-0.000273,-0.001884,0.000319,60,1.389317,1.497897,1.215232,0.052791,60,-178.838616,-178.714249,-178.972198,0.059107,60,-0.389702,-0.319010,-0.478886,0.042090,60,7.390970,7.482362,7.256575,0.048284,60,179.319121,179.435425,179.219040,0.050609,60,0.198828,0.293018,0.041801,0.051678,60,0.000000,11.166667,13.000000,9.000000,0.866840,60,2455.783333,2670.000000,2337.000000,88.726029,60,1.116667,1.300000,0.900000,0.086684,60,245.556968,8.793719,60,60,60,60,60,60,60,60,60,60,60,60,60,60,60,60,60,60,60,60,60,60,60,60,60,60,60,60,60,60,12.7721,12.84,12.72,27.24,29,26,26.02,6848063
2026-10-03 04:44:00,22.153022,22.212559,22.107271,0.026426,60,14.031612,14.122225,13.971161,0.027095,60,18.314183,18.379492,18.248264,0.027632,60,95.690000,95.900000,94.700000,0.318737,60,24.976368,25.016022,24.957275,0.010736,60,25.245491,25.272377,25.216293,0.012651,60,24.866219,24.882507,24.839783,0.013162,60,24.600000,24.600000,24.600000,0.000001,60,24.275960,24.291367,24.261398,0.007174,60,24.468661,24.489395,24.452011,0.007498,60,24.183098,24.199509,24.165024,0.007603,60,1000.500000,1000.500000,1000.500000,0.000000,60,1000.500000,1000.500000,1000.500000,0.000000,60,23.840000,23.900000,23.600000,0.058802,60,-0.004455,0.055795,-0.137200,0.037747,60,-0.099360,-0.057451,-0.190222,0.027740,60,-0.083845,-0.038728,-0.171511,0.030233,60,-0.000916,-0.000423,-0.001873,0.000330,60,-0.000047,0.000590,-0.001450,0.000399,60,-0.001062,-0.000614,-0.002033,0.000297,60,1.397909,1.497897,1.296277,0.041506,60,-178.826934,-178.713638,-178.957947,0.053785,60,-0.386470,-0.292383,-0.532480,0.042854,60,7.376973,7.476188,7.262589,0.049297,60,179.333264,179.516602,179.220123,0.056130,60,0.196279,0.319074,0.107702,0.042217,60,0.000000,11.250000,14.000000,8.000000,1.283863,60,2437.916667,2623.000000,2297.000000,97.422945,60,1.125000,1.400000,0.800000,0.128386,60,243.787792,9.661413,60,60,60,60,60,60,60,60,60,60,60,60,60,60,60,60,60,60,60,60,60,60,60,60,60,60,60,60,60,60,12.7707,12.84,12.72,27.29,29,26,26.01,6848097
2026-10-03 04:45:00,22.155209,22.198826,22.093538,0.025540,60,14.031103,14.122225,13.954375,0.033885,60,18.308360,18.362707,18.251316,0.029686,60,95.458333,96.000000,94.800000,0.530523,60,24.971027,25.000000,24.941254,0.012790,60,25.239304,25.272377,25.216293,0.014176,60,24.864349,24.882507,24.839783,0.011756,60,24.600000,24.600000,24.600000,0.000001,60,24.278145,24.292007,24.261826,0.007562,60,24.463880,24.484207,24.447220,0.008147,60,24.182571,24.195816,24.169022,0.006221,60,1000.500000,1000.500000,1000.500000,0.000000,60,1000.500000,1000.500000,1000.500000,0.000000,60,23.860000,23.900000,23.800000,0.049403,60,0.010381,0.072716,-0.067228,0.030253,60,-0.091560,-0.057451,-0.175068,0.026951,60,-0.085298,-0.025450,-0.193863,0.034658,60,-0.000931,-0.000278,-0.002117,0.000378,60,0.000110,0.000769,-0.000711,0.000320,60,-0.000979,-0.000614,-0.001871,0.000288,60,1.384138,1.470570,1.321518,0.040220,60,-178.822748,-178.643997,-178.930099,0.057869,60,-0.374930,-0.265868,-0.464722,0.046044,60,7.383487,7.478243,7.273679,0.044025,60,179.313430,179.435944,179.165527,0.053708,60,0.195583,0.291419,0.107470,0.046448,60,0.000000,10.583333,13.000000,9.000000,0.888565,60,2438.666667,2562.000000,2310.000000,57.222038,60,1.058333,1.300000,0.900000,0.088857,60,243.868455,5.671542,60,60,60,60,60,60,60,60,60,60,60,60,60,60,60,60,60,60,60,60,60,60,60,60,60,60,60,60,60,60,12.7702,12.84,12.72,27.25,29,26,26.01,6848130
2026-10-03 04:46:00,22.148572,22.197300,22.092012,0.023959,60,14.026881,14.068818,13.954375,0.026788,60,18.307469,18.365759,18.265049,0.024590,60,95.333333,96.100000,94.900000,0.532874,60,24.968357,25.000000,24.941254,0.013254,60,25.236188,25.259026,25.202942,0.012712,60,24.861368,24.895859,24.839783,0.012889,60,24.600000,24.600000,24.600000,0.000001,60,24.276734,24.293289,24.261459,0.006187,60,24.460630,24.478073,24.448166,0.006419,60,24.180353,24.195358,24.161819,0.007081,60,1000.500000,1000.500000,1000.500000,0.000000,60,1000.500000,1000.500000,1000.500000,0.000000,60,23.840000,23.900000,23.800000,0.049403,60,0.025070,0.098098,-0.093067,0.033999,60,-0.073288,-0.031666,-0.147247,0.025590,60,-0.056399,-0.020581,-0.159118,0.030375,60,-0.000616,-0.000225,-0.001738,0.000332,60,0.000265,0.001037,-0.000984,0.000359,60,-0.000783,-0.000339,-0.001574,0.000274,60,1.406270,1.492920,1.257529,0.052384,60,-178.839368,-178.743698,-178.997849,0.057393,60,-0.379983,-0.292490,-0.479190,0.046640,60,7.381074,7.462322,7.252414,0.042831,60,179.314892,179.449753,179.191711,0.048247,60,0.194657,0.331755,0.081342,0.049623,60,0.000000,10.916667,13.000000,9.000000,0.719973,60,2345.500000,2438.000000,2303.000000,28.619953,60,1.091667,1.300000,0.900000,0.071997,60,234.548965,2.837342,60,60,60,60,60,60,60,60,60,60,60,60,60,60,60,60,60,60,60,60,60,60,60,60,60,60,60,60,60,60,12.7699,12.82,12.72,27.23,29,26,26.01,6848164
2026-10-03 04:47:00,22.151573,22.226292,22.092012,0.028744,60,14.028814,14.068818,13.971161,0.025135,60,18.306935,18.379492,18.265049,0.025870,60,95.130000,96.000000,94.900000,0.409754,60,24.963551,24.983978,24.941254,0.009757,60,25.232404,25.259026,25.202942,0.011147,60,24.857585,24.882507,24.826431,0.012599,60,24.600000,24.600000,24.600000,0.000001,60,24.273110,24.286423,24.254013,0.007721,60,24.455527,24.467422,24.443405,0.005476,60,24.176246,24.190353,24.162125,0.006608,60,1000.500000,1000.500000,1000.500000,0.000000,60,1000.500000,1000.500000,1000.500000,0.000000,60,23.818333,23.900000,23.800000,0.039020,60,0.016952,0.098098,-0.098327,0.035220,60,-0.080062,-0.040487,-0.165794,0.024572,60,-0.061692,-0.020139,-0.152921,0.030461,60,-0.000674,-0.000220,-0.001670,0.000333,60,0.000179,0.001037,-0.001039,0.000372,60,-0.000856,-0.000433,-0.001772,0.000263,60,1.393658,1.509967,1.294659,0.049089,60,-178.830991,-178.687485,-178.969040,0.054375,60,-0.390620,-0.266777,-0.531659,0.048298,60,7.382023,7.440198,7.275687,0.037980,60,179.330327,179.490631,179.219040,0.061462,60,0.204377,0.332263,0.107354,0.051956,60,0.000000,10.950000,12.000000,10.000000,0.723105,60,2343.283333,2412.000000,2277.000000,33.295336,60,1.095000,1.200000,1.000000,0.072311,60,234.327837,3.301128,60,60,60,60,60,60,60,60,60,60,60,60,60,60,60,60,60,60,60,60,60,60,60,60,60,60,60,60,60,60,12.7727,12.83,12.71,27.33,29,25,26.03,6848198
2026-10-03 04:48:00,22.151089,22.212559,22.078279,0.025769,60,14.026525,14.085603,13.954375,0.028743,60,18.304977,18.362707,18.216221,0.029074,60,95.033333,96.000000,95.000000,0.181020,60,24.960302,24.983978,24.927902,0.013077,60,25.225951,25.259026,25.202942,0.012054,60,24.853357,24.866486,24.826431,0.010281,60,24.600000,24.600000,24.600000,0.000001,60,24.269586,24.284500,24.256607,0.005788,60,24.452661,24.469559,24.440353,0.007885,60,24.173915,24.186264,24.158676,0.005487,60,1000.578333,1000.600000,1000.500000,0.041545,60,1000.578333,1000.600000,1000.500000,0.041545,60,23.803333,23.900000,23.800000,0.018102,60,0.013716,0.084378,-0.065856,0.030080,60,-0.080658,-0.037321,-0.178913,0.029209,60,-0.056337,-0.003098,-0.132340,0.028493,60,-0.000615,-0.000034,-0.001445,0.000311,60,0.000145,0.000892,-0.000696,0.000318,60,-0.000862,-0.000399,-0.001913,0.000312,60,1.401292,1.508600,1.297087,0.049920,60,-178.830386,-178.743103,-178.998550,0.050831,60,-0.376987,-0.292383,-0.478886,0.042506,60,7.381501,7.489280,7.272629,0.046626,60,179.308720,179.435043,179.192093,0.054426,60,0.199166,0.318077,0.106776,0.043851,60,0.000000,10.400000,12.000000,8.000000,1.011795,60,2339.566667,2553.000000,2245.000000,75.484956,60,1.040000,1.200000,0.800000,0.101179,60,233.931574,7.474393,60,60,60,60,60,60,60,60,60,60,60,60,60,60,60,60,60,60,60,60,60,60,60,60,60,60,60,60,60,60,12.7735,12.83,12.72,27.30,29,25,26.01,6848232
2026-10-03 04:49:00,22.152895,22.198826,22.092012,0.024625,60,14.033799,14.100863,13.986420,0.027147,60,18.306325,18.379492,18.248264,0.027408,60,95.051667,95.100000,95.000000,0.050394,60,24.959590,24.983978,24.927902,0.012692,60,25.220744,25.242996,25.202942,0.010901,60,24.854336,24.882507,24.826431,0.013260,60,24.600000,24.600000,24.600000,0.000001,60,24.266359,24.279465,24.250626,0.007513,60,24.449659,24.464798,24.429459,0.007682,60,24.169938,24.184006,24.158188,0.006507,60,1000.600000,1000.600000,1000.600000,0.000039,60,1000.600000,1000.600000,1000.600000,0.000039,60,23.800000,23.800000,23.800000,0.000001,60,0.000675,0.049392,-0.090323,0.034928,60,-0.073729,-0.029178,-0.151771,0.025727,60,-0.035567,0.014385,-0.125701,0.031563,60,-0.000388,0.000157,-0.001373,0.000345,60,0.000007,0.000522,-0.000955,0.000369,60,-0.000788,-0.000312,-0.001622,0.000275,60,1.393921,1.507234,1.294659,0.046181,60,-178.825132,-178.714249,-178.971710,0.056698,60,-0.378898,-0.292811,-0.466354,0.042614,60,7.394933,7.524413,7.307934,0.046444,60,179.329447,179.543793,179.194153,0.060232,60,0.177785,0.291259,0.080684,0.047599,60,0.000000,9.000000,10.000000,8.000000,0.802538,60,2355.066667,2533.000000,2263.000000,53.510293,60,0.900000,1.000000,0.800000,0.080254,60,235.502381,5.301609,60,60,60,60,60,60,60,60,60,60,60,60,60,60,60,60,60,60,60,60,60,60,60,60,60,60,60,60,60,60,12.7687,12.82,12.72,27.19,29,26,26.01,6848266
2026-10-03 04:50:00,22.150683,22.198826,22.088961,0.023309,60,14.028840,14.085603,13.971161,0.022292,60,18.303934,18.362707,18.248264,0.029718,60,95.118333,95.200000,95.100000,0.039020,60,24.951668,24.970627,24.914551,0.014549,60,25.218474,25.242996,25.186920,0.011162,60,24.850953,24.882507,24.826431,0.012197,60,24.600000,24.600000,24.600000,0.000001,60,24.261391,24.276413,24.242996,0.006070,60,24.445244,24.458542,24.426651,0.007294,60,24.166372,24.186020,24.150864,0.006419,60,1000.600000,1000.600000,1000.600000,0.000039,60,1000.600000,1000.600000,1000.600000,0.000039,60,23.800000,23.800000,23.800000,0.000001,60,0.027821,0.084607,-0.050764,0.032130,60,-0.054895,-0.001583,-0.151997,0.028664,60,-0.028106,0.029876,-0.126144,0.030058,60,-0.000307,0.000326,-0.001377,0.000328,60,0.000294,0.000894,-0.000537,0.000340,60,-0.000587,-0.000017,-0.001625,0.000306,60,1.382485,1.499713,1.247219,0.057691,60,-178.831205,-178.716064,-178.969543,0.054594,60,-0.394544,-0.265667,-0.504963,0.045894,60,7.379369,7.495462,7.273679,0.052957,60,179.317787,179.408386,179.191513,0.053045,60,0.199699,0.291898,0.081013,0.047346,60,0.000000,9.283333,10.000000,8.000000,0.691147,60,2360.216667,2495.000000,2272.000000,57.197277,60,0.928333,1.000000,0.800000,0.069115,60,236.015557,5.668050,60,60,60,60,60,60,60,60,60,60,60,60,60,60,60,60,60,60,60,60,60,60,60,60,60,60,60,60,60,60,12.7700,12.83,12.72,27.27,29,26,26.01,6848299
2026-10-03 04:51:00,22.146512,22.212559,22.105745,0.024942,60,14.022711,14.085603,13.954375,0.029833,60,18.302840,18.379492,18.248264,0.027427,60,95.230508,95.600000,95.100000,0.218343,59,24.949888,24.970627,24.927902,0.013584,60,25.214825,25.242996,25.186920,0.012017,60,24.843788,24.866486,24.826431,0.011345,60,24.572881,24.600000,24.500000,0.044839,59,24.256008,24.271164,24.240524,0.007213,60,24.439857,24.456863,24.430679,0.006452,60,24.160425,24.172958,24.146774,0.006147,60,1000.600000,1000.600000,1000.600000,0.000039,59,1000.600000,1000.600000,1000.600000,0.000039,59,23.800000,23.800000,23.800000,0.000001,59,0.011856,0.064941,-0.076603,0.032877,60,-0.075772,-0.032345,-0.166699,0.027007,60,-0.050078,0.016598,-0.150045,0.035954,60,-0.000547,0.000181,-0.001638,0.000393,60,0.000125,0.000686,-0.000810,0.000348,60,-0.000810,-0.000346,-0.001782,0.000289,60,1.394463,1.496537,1.295872,0.047309,60,-178.842802,-178.713333,-178.970261,0.058853,60,-0.389311,-0.293241,-0.464426,0.037734,60,7.383643,7.491341,7.281718,0.047373,60,179.319273,179.435944,179.153641,0.063594,60,0.197355,0.318243,0.108632,0.045288,60,0.000000,9.700000,12.000000,8.000000,0.926082,60,2383.183333,2525.000000,2290.000000,52.597767,60,0.970000,1.200000,0.800000,0.092608,60,238.311755,5.211907,60,60,60,60,60,60,60,60,60,60,60,60,60,60,60,60,60,60,60,60,60,60,59,59,59,59,59,59,60,60,12.7692,12.84,12.72,27.32,29,25,26.00,6848333
2026-10-03 04:52:00,22.149309,22.226292,22.078279,0.030093,60,14.022100,14.085603,13.954375,0.026485,60,18.298415,18.376440,18.248264,0.026573,60,95.543333,95.700000,95.100000,0.162988,60,24.945749,24.970627,24.927902,0.012345,60,25.212332,25.229645,25.186920,0.011671,60,24.838359,24.866486,24.810410,0.012167,60,24.511667,24.600000,24.500000,0.032373,60,24.253263,24.265640,24.238602,0.006575,60,24.437098,24.453110,24.422012,0.007378,60,24.158965,24.172897,24.143356,0.007248,60,1000.600000,1000.600000,1000.600000,0.000039,60,1000.600000,1000.600000,1000.600000,0.000039,60,23.800000,23.800000,23.800000,0.000001,60,-0.018438,0.038416,-0.102900,0.033940,60,-0.090580,-0.018095,-0.174615,0.026825,60,-0.074192,-0.025893,-0.173503,0.032929,60,-0.000810,-0.000283,-0.001895,0.000360,60,-0.000195,0.000406,-0.001088,0.000359,60,-0.000968,-0.000193,-0.001867,0.000287,60,1.409030,1.513166,1.285650,0.055125,60,-178.822962,-178.715164,-178.929092,0.049830,60,-0.385299,-0.319351,-0.466354,0.032713,60,7.389183,7.574656,7.281718,0.049089,60,179.327363,179.435043,179.220123,0.051522,60,0.192254,0.292537,0.108399,0.044780,60,0.000000,9.233333,11.000000,8.000000,0.889995,60,2356.783333,2462.000000,2271.000000,46.312165,60,0.923333,1.100000,0.800000,0.088999,60,235.677278,4.591110,60,60,60,60,60,60,60,60,60,60,60,60,60,60,60,60,60,60,60,60,60,60,60,60,60,60,60,60,60,60,12.7709,12.84,12.72,27.26,29,26,26.00,6848367
2026-10-03 04:53:00,22.147478,22.194248,22.105745,0.021687,60,14.022533,14.085603,13.939116,0.026667,60,18.303247,18.347448,18.233006,0.026343,60,95.555000,95.600000,95.500000,0.050169,60,24.942544,24.970627,24.914551,0.013351,60,25.210285,25.242996,25.186920,0.011796,60,24.840050,24.866486,24.810410,0.012694,60,24.500000,24.500000,24.500000,0.000000,60,24.252971,24.267288,24.238937,0.006535,60,24.437507,24.451431,24.422653,0.006588,60,24.157977,24.169083,24.140366,0.005774,60,1000.600000,1000.600000,1000.600000,0.000039,60,1000.600000,1000.600000,1000.600000,0.000039,60,23.800000,23.800000,23.800000,0.000001,60,-0.039194,0.029041,-0.158924,0.035908,60,-0.120772,-0.056773,-0.212841,0.031754,60,-0.100896,-0.015934,-0.192978,0.035193,60,-0.001102,-0.000174,-0.002107,0.000384,60,-0.000414,0.000307,-0.001680,0.000380,60,-0.001291,-0.000607,-0.002275,0.000339,60,1.398842,1.513166,1.297087,0.049303,60,-178.835099,-178.742218,-178.970993,0.052740,60,-0.385039,-0.319351,-0.477676,0.041524,60,7.396439,7.486482,7.273679,0.050471,60,179.315683,179.408508,179.166306,0.051848,60,0.192679,0.266320,0.054981,0.050883,60,0.000000,9.983333,12.000000,8.000000,0.947641,60,2429.733333,2509.000000,2334.000000,46.836849,60,0.998333,1.200000,0.800000,0.094764,60,242.974288,4.643645,60,60,60,60,60,60,60,60,60,60,60,60,60,60,60,60,60,60,60,60,60,60,60,60,60,60,60,60,60,60,12.7685,12.84,12.72,27.32,29,26,26.00,6848401
2026-10-03 04:54:00,22.149131,22.211033,22.092012,0.026172,60,14.023194,14.082551,13.971161,0.023813,60,18.300323,18.379492,18.233006,0.030410,60,95.500000,95.500000,95.500000,0.000000,60,24.943167,24.970627,24.927902,0.011851,60,25.206725,25.229645,25.173569,0.012411,60,24.834843,24.853134,24.810410,0.011507,60,24.500000,24.500000,24.500000,0.000000,60,24.256637,24.270248,24.242325,0.007130,60,24.441910,24.458298,24.427841,0.006074,60,24.160631,24.173233,24.139450,0.007674,60,1000.600000,1000.600000,1000.600000,0.000039,60,1000.600000,1000.600000,1000.600000,0.000039,60,23.800000,23.800000,23.800000,0.000001,60,-0.063348,-0.014635,-0.152064,0.031860,60,-0.136416,-0.090927,-0.231162,0.028515,60,-0.117177,-0.074801,-0.220198,0.030135,60,-0.001280,-0.000817,-0.002405,0.000329,60,-0.000670,-0.000155,-0.001607,0.000337,60,-0.001458,-0.000972,-0.002471,0.000305,60,1.396020,1.474152,1.286053,0.045307,60,-178.841024,-178.740433,-178.957443,0.051790,60,-0.386729,-0.319351,-0.478432,0.039383,60,7.382686,7.525799,7.291821,0.055550,60,179.322207,179.434647,179.219589,0.050494,60,0.200487,0.291738,0.081671,0.051301,60,0.000000,9.000000,10.000000,7.000000,0.552345,60,2364.916667,2455.000000,2310.000000,32.868145,60,0.900000,1.000000,0.700000,0.055234,60,236.489755,3.258151,60,60,60,60,60,60,60,60,60,60,60,60,60,60,60,60,60,60,60,60,60,60,60,60,60,60,60,60,60,60,12.7700,12.82,12.72,27.23,29,25,26.01,6848434
2026-10-03 04:55:00,22.152666,22.211033,22.107271,0.024658,60,14.019633,14.067292,13.952849,0.023370,60,18.302993,18.347448,18.265049,0.022337,60,95.500000,95.500000,95.500000,0.000000,60,24.943078,24.957275,24.914551,0.012058,60,25.206547,25.229645,25.173569,0.011787,60,24.839916,24.866486,24.810410,0.011355,60,24.500000,24.500000,24.500000,0.000000,60,24.259333,24.275436,24.239975,0.007212,60,24.442660,24.456802,24.427383,0.006459,60,24.163176,24.175583,24.150314,0.006048,60,1000.600000,1000.600000,1000.600000,0.000039,60,1000.600000,1000.600000,1000.600000,0.000039,60,23.800000,23.800000,23.800000,0.000001,60,-0.061435,-0.002744,-0.168070,0.033134,60,-0.133506,-0.088665,-0.218043,0.026948,60,-0.110560,-0.061080,-0.223518,0.033838,60,-0.001207,-0.000667,-0.002441,0.000370,60,-0.000649,-0.000029,-0.001777,0.000350,60,-0.001427,-0.000948,-0.002331,0.000288,60,1.410141,1.538216,1.282433,0.054949,60,-178.840260,-178.689972,-178.971466,0.055270,60,-0.380260,-0.266171,-0.478129,0.044492,60,7.384384,7.511331,7.305916,0.042247,60,179.321489,179.449142,179.192459,0.053999,60,0.194290,0.291259,0.082552,0.049140,60,0.000000,8.733333,10.000000,7.000000,0.685607,60,2368.683333,2486.000000,2268.000000,46.906142,60,0.873333,1.000000,0.700000,0.068561,60,236.866439,4.649244,60,60,60,60,60,60,60,60,60,60,60,60,60,60,60,60,60,60,60,60,60,60,60,60,60,60,60,60,60,60,12.7669,12.82,12.72,27.25,29,26,26.00,6848468
2026-10-03 04:56:00,22.148114,22.197300,22.092012,0.024290,60,14.023016,14.100863,13.968108,0.028723,60,18.299661,18.379492,18.233006,0.027074,60,95.500000,95.500000,95.500000,0.000000,60,24.940942,24.970627,24.914551,0.013156,60,25.210330,25.242996,25.173569,0.012748,60,24.840584,24.853134,24.810410,0.010055,60,24.500000,24.500000,24.500000,0.000000,60,24.259555,24.277298,24.241653,0.007197,60,24.448528,24.462692,24.429764,0.007378,60,24.162916,24.183548,24.152298,0.006121,60,1000.600000,1000.600000,1000.600000,0.000039,60,1000.600000,1000.600000,1000.600000,0.000039,60,23.800000,23.800000,23.800000,0.000001,60,-0.061107,-0.011433,-0.147033,0.028996,60,-0.124315,-0.084593,-0.206055,0.026352,60,-0.098886,-0.043818,-0.183904,0.031685,60,-0.001080,-0.000478,-0.002008,0.000346,60,-0.000646,-0.000121,-0.001554,0.000306,60,-0.001329,-0.000904,-0.002203,0.000282,60,1.401605,1.499713,1.281631,0.057090,60,-178.836909,-178.753983,-178.957443,0.044681,60,-0.381580,-0.266979,-0.478583,0.052217,60,7.381422,7.505788,7.295843,0.051065,60,179.325994,179.435303,179.219040,0.056583,60,0.195826,0.293178,0.054774,0.058148,60,0.000000,7.450000,9.000000,7.000000,0.534409,60,2225.350000,2356.000000,2048.000000,75.875640,60,0.745000,0.900000,0.700000,0.053441,60,222.538255,7.518774,60,60,60,60,60,60,60,60,60,60,60,60,60,60,60,60,60,60,60,60,60,60,60,60,60,60,60,60,60,60,12.7676,12.82,12.72,27.23,29,25,26.01,6848502
2026-10-03 04:57:00,22.138170,22.197300,22.105745,0.019488,60,14.019811,14.082551,13.954375,0.025075,60,18.298314,18.347448,18.233006,0.027697,60,95.533333,95.600000,95.500000,0.047538,60,24.944191,24.983978,24.927902,0.012836,60,25.210419,25.242996,25.173569,0.014340,60,24.841563,24.866486,24.826431,0.011389,60,24.500000,24.500000,24.500000,0.000000,60,24.260959,24.273697,24.247238,0.006399,60,24.449817,24.469620,24.437729,0.006758,60,24.166243,24.184189,24.149307,0.006454,60,1000.600000,1000.600000,1000.600000,0.000039,60,1000.600000,1000.600000,1000.600000,0.000039,60,23.800000,23.800000,23.800000,0.000001,60,-0.034765,0.043218,-0.133084,0.037639,60,-0.099951,-0.052475,-0.167830,0.026151,60,-0.065237,-0.012393,-0.155135,0.030993,60,-0.000712,-0.000135,-0.001694,0.000338,60,-0.000367,0.000457,-0.001407,0.000398,60,-0.001068,-0.000561,-0.001794,0.000280,60,1.390710,1.535439,1.282433,0.053099,60,-178.832739,-178.715775,-178.957947,0.057635,60,-0.384984,-0.292811,-0.465908,0.040348,60,7.382545,7.483106,7.214170,0.051779,60,179.325506,179.447876,179.195084,0.056877,60,0.193041,0.292217,0.119931,0.041462,60,0.000000,7.083333,9.000000,6.000000,0.719973,60,2075.866667,2296.000000,1807.000000,124.370478,60,0.708333,0.900000,0.600000,0.071997,60,207.649846,12.316967,60,60,60,60,60,60,60,60,60,60,60,60,60,60,60,60,60,60,60,60,60,60,60,60,60,60,60,60,60,60,12.7676,12.82,12.72,27.24,29,25,26.00,6848536
2026-10-03 04:58:00,22.142824,22.180513,22.092012,0.023159,60,14.014293,14.068818,13.954375,0.027104,60,18.299840,18.347448,18.233006,0.029215,60,95.413333,95.800000,95.200000,0.191751,60,24.945660,24.970627,24.927902,0.011767,60,25.212555,25.242996,25.186920,0.011083,60,24.840584,24.882507,24.810410,0.013856,60,24.565000,24.600000,24.500000,0.048099,60,24.257899,24.276810,24.241867,0.007115,60,24.449814,24.464066,24.431503,0.006472,60,24.163318,24.186081,24.141586,0.008019,60,1000.600000,1000.600000,1000.600000,0.000039,60,1000.600000,1000.600000,1000.600000,0.000039,60,23.801667,23.900000,23.800000,0.012910,60,0.012817,0.085750,-0.111818,0.041159,60,-0.069846,-0.021261,-0.167830,0.031155,60,-0.030470,0.038286,-0.129463,0.034691,60,-0.000333,0.000418,-0.001414,0.000379,60,0.000135,0.000906,-0.001182,0.000435,60,-0.000747,-0.000227,-0.001794,0.000333,60,1.389950,1.472807,1.297087,0.045511,60,-178.837703,-178.649445,-178.969788,0.056385,60,-0.377399,-0.266777,-0.505753,0.050866,60,7.386640,7.499590,7.276651,0.052101,60,179.318539,179.449142,179.191711,0.061385,60,0.195639,0.332263,0.080794,0.050633,60,0.000000,9.216667,11.000000,7.000000,1.009978,60,1680.050000,1841.000000,1595.000000,78.877168,60,0.921667,1.100000,0.700000,0.100998,60,167.985702,7.817753,60,60,60,60,60,60,60,60,60,60,60,60,60,60,60,60,60,60,60,60,60,60,60,60,60,60,60,60,60,60,12.7674,12.82,12.71,27.20,30,25,26.00,6848570
2026-10-03 04:59:00,22.137357,22.197300,22.075228,0.026707,60,14.012869,14.053559,13.971161,0.022401,60,18.298390,18.362707,18.233006,0.029133,60,95.361667,95.800000,95.300000,0.148543,60,24.939785,24.970627,24.914551,0.013278,60,25.212733,25.229645,25.186920,0.011908,60,24.836890,24.853134,24.810410,0.012460,60,24.588333,24.600000,24.500000,0.032373,60,24.247641,24.263412,24.234390,0.006445,60,24.444570,24.457901,24.429886,0.006112,60,24.158290,24.169174,24.142380,0.006748,60,1000.611667,1000.700000,1000.600000,0.032373,60,1000.611667,1000.700000,1000.600000,0.032373,60,23.806667,23.900000,23.800000,0.025155,60,0.062845,0.118221,-0.019665,0.034843,60,-0.031251,0.008595,-0.100653,0.025580,60,0.003213,0.042933,-0.069932,0.026038,60,0.000035,0.000469,-0.000764,0.000284,60,0.000664,0.001250,-0.000208,0.000368,60,-0.000334,0.000092,-0.001076,0.000273,60,1.394524,1.473256,1.295064,0.042574,60,-178.827163,-178.645920,-178.931107,0.055213,60,-0.377995,-0.292704,-0.531003,0.046280,60,7.388875,7.518219,7.278666,0.042158,60,179.327203,179.409454,179.231628,0.050700,60,0.189618,0.318243,0.042404,0.044897,60,0.000000,10.383333,12.000000,8.000000,0.825272,60,1664.233333,1815.000000,1578.000000,53.338499,60,1.038333,1.200000,0.800000,0.082527,60,166.416352,5.285631,60,60,60,60,60,60,60,60,60,60,60,60,60,60,60,60,60,60,60,60,60,60,60,60,60,60,60,60,60,60,12.7663,12.83,12.72,27.25,29,25,26.00,6848603
2026-10-03 05:00:00,22.141502,22.207981,22.088961,0.025388,60,14.018082,14.085603,13.971161,0.027936,60,18.296330,18.361181,18.233006,0.028347,60,95.670000,95.800000,95.200000,0.152160,60,24.933198,24.957275,24.914551,0.010844,60,25.205256,25.229645,25.173569,0.012928,60,24.834754,24.866486,24.810410,0.010994,60,24.508333,24.600000,24.500000,0.027872,60,24.241983,24.254898,24.225357,0.006052,60,24.438665,24.451767,24.420700,0.006538,60,24.149839,24.164597,24.135635,0.007380,60,1000.693333,1000.700000,1000.600000,0.025155,60,1000.693333,1000.700000,1000.600000,0.025155,60,23.816667,23.900000,23.800000,0.037582,60,0.026590,0.081177,-0.065170,0.032614,60,-0.056648,-0.007238,-0.135259,0.026036,60,-0.024602,0.029212,-0.105341,0.030735,60,-0.000269,0.000319,-0.001150,0.000336,60,0.000281,0.000858,-0.000689,0.000345,60,-0.000606,-0.000077,-0.001446,0.000278,60,1.379535,1.473256,1.245645,0.049417,60,-178.832838,-178.689041,-178.998795,0.060616,60,-0.378593,-0.266272,-0.479190,0.045754,60,7.378738,7.476188,7.269667,0.048408,60,179.322835,179.448746,179.219040,0.062236,60,0.194395,0.318575,0.080465,0.047671,60,0.000000,10.233333,12.000000,9.000000,0.697858,60,1708.333333,1828.000000,1618.000000,46.442480,60,1.023333,1.200000,0.900000,0.069786,60,170.830866,4.603587,60,60,60,60,60,60,60,60,60,60,60,60,60,60,60,60,60,60,60,60,60,60,60,60,60,60,60,60,60,60,12.7688,12.82,12.72,27.29,29,25,26.00,6848637
2026-10-03 05:01:00,22.137738,22.197300,22.059967,0.024724,60,14.017573,14.085603,13.968108,0.024088,60,18.300704,18.362707,18.229954,0.029292,60,95.695000,95.700000,95.600000,0.021978,60,24.932931,24.957275,24.914551,0.010994,60,25.201740,25.229645,25.173569,0.011711,60,24.825363,24.853134,24.797058,0.012935,60,24.500000,24.500000,24.500000,0.000000,60,24.236447,24.248428,24.223099,0.006207,60,24.433227,24.446182,24.413956,0.006795,60,24.145945,24.159042,24.130417,0.006573,60,1000.696667,1000.700000,1000.600000,0.018102,60,1000.696667,1000.700000,1000.600000,0.018102,60,23.800000,23.800000,23.800000,0.000001,60,0.003087,0.076603,-0.094668,0.038904,60,-0.074404,-0.035737,-0.175746,0.026986,60,-0.039086,0.017926,-0.128357,0.030824,60,-0.000427,0.000196,-0.001402,0.000337,60,0.000033,0.000810,-0.001001,0.000411,60,-0.000795,-0.000382,-0.001879,0.000288,60,1.396011,1.513624,1.255948,0.051740,60,-178.829211,-178.675522,-178.958191,0.059127,60,-0.382775,-0.266171,-0.465611,0.044762,60,7.392035,7.483106,7.285795,0.041631,60,179.319452,179.490173,179.109985,0.069266,60,0.191295,0.331755,0.054981,0.053788,60,0.000000,9.133333,11.000000,7.000000,0.812334,60,1697.183333,1841.000000,1616.000000,61.996034,60,0.913333,1.100000,0.700000,0.081233,60,169.710261,6.143806,60,60,60,60,60,60,60,60,60,60,60,60,60,60,60,60,60,60,60,60,60,60,60,60,60,60,60,60,60,60,12.7648,12.83,12.72,27.28,29,25,26.00,6848671
2026-10-03 05:02:00,22.144910,22.207981,22.088961,0.026113,60,14.017294,14.068818,13.936065,0.025739,60,18.301976,18.361181,18.229954,0.030293,60,95.705000,95.800000,95.700000,0.021978,60,24.925454,24.941254,24.901199,0.011128,60,25.200316,25.229645,25.173569,0.012442,60,24.821135,24.853134,24.797058,0.014005,60,24.500000,24.500000,24.500000,0.000000,60,24.231275,24.248428,24.217575,0.006806,60,24.432655,24.445938,24.421677,0.006469,60,24.142503,24.158127,24.128281,0.006579,60,1000.700000,1000.700000,1000.700000,0.000052,60,1000.700000,1000.700000,1000.700000,0.000052,60,23.805000,23.900000,23.800000,0.021978,60,-0.011853,0.032242,-0.125767,0.033418,60,-0.075463,-0.033023,-0.163985,0.028136,60,-0.045190,0.005090,-0.163102,0.034100,60,-0.000493,0.000056,-0.001781,0.000372,60,-0.000125,0.000341,-0.001329,0.000353,60,-0.000807,-0.000353,-0.001753,0.000301,60,1.398397,1.540536,1.299115,0.053457,60,-178.833106,-178.673004,-178.971466,0.062512,60,-0.377931,-0.292490,-0.505911,0.046561,60,7.384337,7.488544,7.305915,0.052184,60,179.305602,179.436325,179.153641,0.057230,60,0.202747,0.319407,0.080684,0.047632,60,0.000000,8.433333,10.000000,6.000000,0.744850,60,1747.816667,1891.000000,1662.000000,56.566293,60,0.843333,1.000000,0.600000,0.074485,60,174.777578,5.606663,60,60,60,60,60,60,60,60,60,60,60,60,60,60,60,60,60,60,60,60,60,60,60,60,60,60,60,60,60,60,12.7652,12.82,12.72,27.22,29,26,26.00,6848705
2026-10-03 05:03:00,22.149106,22.211033,22.105745,0.023948,60,14.018642,14.085603,13.952849,0.026638,60,18.298669,18.344397,18.233006,0.025779,60,95.800000,95.800000,95.800000,0.000000,60,24.919268,24.957275,24.901199,0.011885,60,25.199248,25.216293,25.173569,0.012622,60,24.821269,24.853134,24.797058,0.012494,60,24.500000,24.500000,24.500000,0.000000,60,24.227940,24.237320,24.216476,0.005340,60,24.430054,24.447311,24.412766,0.006135,60,24.139777,24.162521,24.125229,0.007573,60,1000.700000,1000.700000,1000.700000,0.000052,60,1000.700000,1000.700000,1000.700000,0.000052,60,23.900000,23.900000,23.900000,0.000000,60,-0.013739,0.056481,-0.122108,0.038118,60,-0.085879,-0.037547,-0.178461,0.027707,60,-0.056720,-0.000885,-0.155577,0.032892,60,-0.000619,-0.000010,-0.001699,0.000359,60,-0.000145,0.000597,-0.001291,0.000403,60,-0.000918,-0.000401,-0.001908,0.000296,60,1.405831,1.511337,1.295872,0.051852,60,-178.829471,-178.687485,-179.013947,0.062772,60,-0.379406,-0.265868,-0.504491,0.040621,60,7.390187,7.452053,7.288745,0.037867,60,179.319527,179.448898,179.167267,0.054522,60,0.194972,0.291738,0.106775,0.044907,60,0.000000,8.683333,10.000000,6.000000,0.947641,60,1780.800000,1939.000000,1689.000000,62.296122,60,0.868333,1.000000,0.600000,0.094764,60,178.069980,6.172221,60,60,60,60,60,60,60,60,60,60,60,60,60,60,60,60,60,60,60,60,60,60,60,60,60,60,60,60,60,60,12.7681,12.84,12.72,27.30,29,26,26.00,6848738
2026-10-03 05:04:00,22.141654,22.207981,22.088961,0.023983,60,14.016810,14.067292,13.954375,0.023139,60,18.290811,18.344397,18.214695,0.027652,60,95.736667,95.800000,95.700000,0.048596,60,24.921672,24.941254,24.901199,0.008679,60,25.199248,25.229645,25.173569,0.012331,60,24.821981,24.839783,24.797058,0.011495,60,24.500000,24.500000,24.500000,0.000000,60,24.225002,24.240219,24.210068,0.006598,60,24.429001,24.442032,24.415573,0.006147,60,24.137869,24.150375,24.119980,0.008141,60,1000.700000,1000.700000,1000.700000,0.000052,60,1000.700000,1000.700000,1000.700000,0.000052,60,23.836667,23.900000,23.800000,0.048596,60,-0.032326,0.017150,-0.130569,0.034412,60,-0.101980,-0.057225,-0.179139,0.026317,60,-0.089016,-0.042490,-0.169741,0.029115,60,-0.000972,-0.000464,-0.001854,0.000318,60,-0.000342,0.000181,-0.001380,0.000364,60,-0.001090,-0.000612,-0.001915,0.000281,60,1.394354,1.474601,1.297898,0.043639,60,-178.841800,-178.686539,-179.011627,0.065746,60,-0.380234,-0.265868,-0.505121,0.045780,60,7.390925,7.527871,7.281718,0.055410,60,179.309022,179.448502,179.165527,0.061614,60,0.194263,0.293018,0.055292,0.053474,60,0.000000,9.433333,10.000000,8.000000,0.620734,60,1763.216667,1858.000000,1680.000000,35.663252,60,0.943333,1.000000,0.800000,0.062073,60,176.321461,3.535430,60,60,60,60,60,60,60,60,60,60,60,60,60,60,60,60,60,60,60,60,60,60,60,60,60,60,60,60,60,60,12.7672,12.82,12.71,27.21,29,26,26.01,6848772
2026-10-03 05:05:00,22.134356,22.194248,22.059967,0.023478,60,14.019710,14.085603,13.936065,0.031589,60,18.301416,18.376440,18.229954,0.028772,60,95.645000,95.700000,95.600000,0.050169,60,24.913883,24.941254,24.885178,0.013911,60,25.200005,25.229645,25.173569,0.012789,60,24.816818,24.839783,24.783707,0.011626,60,24.500000,24.500000,24.500000,0.000000,60,24.226737,24.244492,24.207809,0.007601,60,24.430926,24.449997,24.416031,0.007060,60,24.137275,24.156143,24.124252,0.007155,60,1000.700000,1000.700000,1000.700000,0.000052,60,1000.700000,1000.700000,1000.700000,0.000052,60,23.800000,23.800000,23.800000,0.000001,60,-0.049072,0.012119,-0.129654,0.030574,60,-0.130977,-0.090927,-0.205150,0.026754,60,-0.103253,-0.031647,-0.194084,0.031246,60,-0.001128,-0.000346,-0.002119,0.000341,60,-0.000519,0.000128,-0.001370,0.000323,60,-0.001400,-0.000972,-0.002193,0.000286,60,1.396018,1.568389,1.295872,0.052362,60,-178.814262,-178.688736,-178.970993,0.066755,60,-0.383108,-0.266272,-0.439487,0.040202,60,7.385573,7.515460,7.272629,0.052881,60,179.328760,179.449142,179.191711,0.055693,60,0.190087,0.265859,0.107470,0.042080,60,0.000000,10.500000,13.000000,9.000000,1.127469,60,1792.366667,1881.000000,1696.000000,44.086574,60,1.050000,1.300000,0.900000,0.112747,60,179.236589,4.370334,60,60,60,60,60,60,60,60,60,60,60,60,60,60,60,60,60,60,60,60,60,60,60,60,60,60,60,60,60,60,12.7660,12.82,12.72,27.27,29,26,26.00,6848806
2026-10-03 05:06:00,22.142901,22.194248,22.105745,0.021812,60,14.014191,14.082551,13.952849,0.029114,60,18.294092,18.344397,18.246738,0.021420,60,95.725000,95.800000,95.300000,0.096770,60,24.914373,24.957275,24.901199,0.012071,60,25.197824,25.229645,25.173569,0.014184,60,24.818420,24.839783,24.797058,0.011477,60,24.503333,24.600000,24.500000,0.018102,60,24.232265,24.254318,24.213760,0.008647,60,24.435687,24.452805,24.420761,0.006846,60,24.141788,24.157303,24.123184,0.007398,60,1000.700000,1000.700000,1000.700000,0.000052,60,1000.700000,1000.700000,1000.700000,0.000052,60,23.841667,23.900000,23.800000,0.049717,60,-0.054701,0.012348,-0.150692,0.035344,60,-0.156992,-0.115129,-0.236590,0.025522,60,-0.138042,-0.078784,-0.211789,0.027344,60,-0.001507,-0.000860,-0.002313,0.000299,60,-0.000578,0.000131,-0.001593,0.000374,60,-0.001678,-0.001231,-0.002529,0.000273,60,1.399053,1.510880,1.242505,0.045811,60,-178.827715,-178.714554,-178.932358,0.052151,60,-0.376607,-0.265465,-0.479190,0.047064,60,7.391699,7.525800,7.316012,0.047750,60,179.318194,179.449142,179.258942,0.045788,60,0.198142,0.356361,0.042303,0.051343,60,0.000000,12.333333,13.000000,12.000000,0.475383,60,1722.033333,1806.000000,1664.000000,31.755937,60,1.233333,1.300000,1.200000,0.047538,60,172.202291,3.148160,60,60,60,60,60,60,60,60,60,60,60,60,60,60,60,60,60,60,60,60,60,60,60,60,60,60,60,60,60,60,12.7643,12.83,12.71,27.19,29,25,26.00,6848842
2026-10-03 05:07:00,22.144961,22.226292,22.088961,0.029338,60,14.019354,14.068818,13.952849,0.026013,60,18.294982,18.362707,18.246738,0.026852,60,95.568333,95.900000,95.200000,0.246667,60,24.918734,24.941254,24.885178,0.012285,60,25.201562,25.229645,25.173569,0.012068,60,24.819311,24.853134,24.797058,0.012258,60,24.543333,24.600000,24.500000,0.049972,60,24.238347,24.256516,24.221725,0.006783,60,24.438122,24.452072,24.421951,0.007640,60,24.148121,24.168869,24.135117,0.006685,60,1000.700000,1000.700000,1000.700000,0.000052,60,1000.700000,1000.700000,1000.700000,0.000052,60,23.843333,23.900000,23.800000,0.049972,60,-0.054488,-0.006860,-0.133541,0.027264,60,-0.160671,-0.107438,-0.237269,0.028183,60,-0.149517,-0.098481,-0.223296,0.029694,60,-0.001633,-0.001075,-0.002438,0.000324,60,-0.000576,-0.000073,-0.001412,0.000288,60,-0.001718,-0.001149,-0.002536,0.000301,60,1.402517,1.497897,1.256738,0.053627,60,-178.831301,-178.739243,-178.971710,0.054187,60,-0.384689,-0.292704,-0.479645,0.044306,60,7.381607,7.486483,7.272629,0.050997,60,179.314228,179.408783,179.112274,0.059842,60,0.188373,0.292537,0.106083,0.048799,60,0.000000,12.000000,13.000000,10.000000,0.736460,60,1728.800000,1851.000000,1662.000000,42.649855,60,1.200000,1.300000,1.000000,0.073646,60,172.876597,4.227425,60,60,60,60,60,60,60,60,60,60,60,60,60,60,60,60,60,60,60,60,60,60,60,60,60,60,60,60,60,60,12.7651,12.82,12.72,27.30,29,26,26.01,6848875
2026-10-03 05:08:00,22.138831,22.180513,22.088961,0.020657,60,14.017751,14.085603,13.968108,0.027597,60,18.294066,18.362707,18.246738,0.025647,60,95.685000,95.700000,95.600000,0.036008,60,24.921227,24.941254,24.901199,0.011130,60,25.204856,25.229645,25.173569,0.013266,60,24.825096,24.853134,24.797058,0.012607,60,24.500000,24.500000,24.500000,0.000000,60,24.243399,24.260391,24.227036,0.007165,60,24.443384,24.460373,24.427078,0.006818,60,24.152734,24.168594,24.138596,0.006970,60,1000.700000,1000.700000,1000.700000,0.000052,60,1000.700000,1000.700000,1000.700000,0.000052,60,23.800000,23.800000,23.800000,0.000001,60,-0.074938,0.006631,-0.183848,0.039444,60,-0.178543,-0.140461,-0.258304,0.028700,60,-0.166432,-0.112423,-0.267557,0.036975,60,-0.001817,-0.001228,-0.002922,0.000404,60,-0.000792,0.000070,-0.001943,0.000417,60,-0.001909,-0.001502,-0.002761,0.000307,60,1.401537,1.497897,1.281631,0.040403,60,-178.825024,-178.645599,-178.996658,0.062691,60,-0.384621,-0.292383,-0.504491,0.045000,60,7.392277,7.540977,7.301885,0.048161,60,179.331883,179.475327,179.124313,0.065954,60,0.189626,0.332263,0.054981,0.050753,60,0.000000,13.366667,18.000000,11.000000,1.677030,60,1827.916667,2028.000000,1681.000000,90.271960,60,1.336667,1.800000,1.100000,0.167703,60,182.764652,8.943712,60,60,60,60,60,60,60,60,60,60,60,60,60,60,60,60,60,60,60,60,60,60,60,60,60,60,60,60,60,60,12.7664,12.82,12.70,27.31,29,26,26.00,6848909
2026-10-03 05:09:00,22.136161,22.207981,22.059967,0.029802,60,14.013199,14.068818,13.954375,0.025520,60,18.298441,18.361181,18.246738,0.024941,60,95.513333,95.600000,95.400000,0.074712,60,24.923941,24.957275,24.901199,0.011987,60,25.210686,25.242996,25.173569,0.012637,60,24.827010,24.853134,24.797058,0.011071,60,24.500000,24.500000,24.500000,0.000000,60,24.255314,24.268692,24.242020,0.006214,60,24.447257,24.459030,24.434799,0.006864,60,24.165352,24.180435,24.146866,0.007718,60,1000.700000,1000.700000,1000.700000,0.000052,60,1000.700000,1000.700000,1000.700000,0.000052,60,23.800000,23.800000,23.800000,0.000001,60,-0.127318,-0.047791,-0.261595,0.041701,60,-0.242113,-0.160366,-0.345159,0.042206,60,-0.213740,-0.136766,-0.328195,0.045231,60,-0.002334,-0.001493,-0.003584,0.000494,60,-0.001346,-0.000505,-0.002765,0.000441,60,-0.002588,-0.001714,-0.003690,0.000451,60,1.394729,1.507689,1.284844,0.051743,60,-178.816883,-178.711807,-178.905075,0.047797,60,-0.377392,-0.266171,-0.479190,0.049848,60,7.384249,7.548504,7.260583,0.052807,60,179.323566,179.435303,179.192459,0.055912,60,0.187941,0.319074,0.080247,0.046515,60,0.000000,13.583333,16.000000,10.000000,1.565428,60,1962.550000,2112.000000,1795.000000,71.516130,60,1.358333,1.600000,1.000000,0.156543,60,196.260022,7.086291,60,60,60,60,60,60,60,60,60,60,60,60,60,60,60,60,60,60,60,60,60,60,60,60,60,60,60,60,60,60,12.7669,12.83,12.72,27.18,29,26,26.01,6848943
2026-10-03 05:10:00,22.137687,22.194248,22.075228,0.024322,60,14.018463,14.068818,13.954375,0.027544,60,18.290150,18.361181,18.216221,0.028567,60,95.345000,95.400000,95.300000,0.050169,60,24.934756,24.970627,24.901199,0.014030,60,25.215448,25.242996,25.186920,0.012306,60,24.834887,24.853134,24.797058,0.011729,60,24.500000,24.500000,24.500000,0.000000,60,24.270274,24.292801,24.246658,0.009135,60,24.460175,24.479752,24.445206,0.007473,60,24.176447,24.197037,24.153488,0.008953,60,1000.700000,1000.700000,1000.700000,0.000052,60,1000.700000,1000.700000,1000.700000,0.000052,60,23.800000,23.800000,23.800000,0.000001,60,-0.145432,-0.098327,-0.274172,0.037411,60,-0.257049,-0.203115,-0.345386,0.031104,60,-0.235310,-0.143627,-0.327310,0.035422,60,-0.002570,-0.001568,-0.003574,0.000387,60,-0.001537,-0.001039,-0.002898,0.000395,60,-0.002748,-0.002171,-0.003692,0.000333,60,1.408765,1.498805,1.322751,0.044533,60,-178.838982,-178.714554,-179.012085,0.057383,60,-0.381407,-0.265868,-0.465314,0.043277,60,7.397318,7.565108,7.285745,0.051995,60,179.310443,179.408783,179.164551,0.055347,60,0.187527,0.292537,0.081671,0.046788,60,0.000000,14.750000,17.000000,12.000000,1.433557,60,2025.500000,2120.000000,1891.000000,50.205172,60,1.475000,1.700000,1.200000,0.143356,60,202.550658,4.975822,60,60,60,60,60,60,60,60,60,60,60,60,60,60,60,60,60,60,60,60,60,60,60,60,60,60,60,60,60,60,12.7651,12.83,12.71,27.24,29,25,26.00,6848977
2026-10-03 05:11:00,22.138984,22.197300,22.092012,0.026464,60,14.014496,14.068818,13.971161,0.025023,60,18.297423,18.347448,18.248264,0.019991,60,95.163333,95.300000,95.100000,0.068807,60,24.947351,24.970627,24.914551,0.013438,60,25.224794,25.259026,25.202942,0.013114,60,24.847616,24.882507,24.826431,0.012725,60,24.500000,24.500000,24.500000,0.000000,60,24.289184,24.308945,24.273270,0.008694,60,24.475500,24.495712,24.455185,0.009809,60,24.195787,24.208939,24.180038,0.007232,60,1000.703333,1000.800000,1000.700000,0.018102,60,1000.703333,1000.800000,1000.700000,0.018102,60,23.800000,23.800000,23.800000,0.000001,60,-0.172777,-0.115019,-0.301840,0.035374,60,-0.273376,-0.209900,-0.350136,0.030539,60,-0.246780,-0.148274,-0.358956,0.042612,60,-0.002695,-0.001619,-0.003920,0.000465,60,-0.001826,-0.001216,-0.003190,0.000374,60,-0.002922,-0.002244,-0.003743,0.000326,60,1.388533,1.508600,1.298304,0.047168,60,-178.824151,-178.675201,-178.972687,0.062425,60,-0.386008,-0.318331,-0.478129,0.040379,60,7.396537,7.532016,7.299870,0.049889,60,179.323347,179.449753,179.191513,0.059815,60,0.190556,0.291259,0.081122,0.046673,60,0.000000,13.250000,17.000000,10.000000,1.883245,60,2062.233333,2167.000000,1971.000000,48.494056,60,1.325000,1.700000,1.000000,0.188324,60,206.222141,4.807761,60,60,60,60,60,60,60,60,60,60,60,60,60,60,60,60,60,60,60,60,60,60,60,60,60,60,60,60,60,60,12.7680,12.82,12.72,27.37,29,25,26.00,6849011
2026-10-03 05:12:00,22.132067,22.197300,22.078279,0.025429,60,14.014394,14.053559,13.939116,0.028146,60,18.293482,18.362707,18.233006,0.028288,60,95.008333,95.100000,94.500000,0.104625,60,24.961281,24.983978,24.927902,0.015410,60,25.230758,25.259026,25.202942,0.012984,60,24.858430,24.895859,24.826431,0.012452,60,24.500000,24.500000,24.500000,0.000000,60,24.301869,24.317917,24.288651,0.006913,60,24.490189,24.505386,24.475662,0.008261,60,24.209385,24.223007,24.193344,0.007115,60,1000.746667,1000.800000,1000.700000,0.050310,60,1000.746667,1000.800000,1000.700000,0.050310,60,23.793333,23.800000,23.600000,0.036204,60,-0.122832,-0.052822,-0.237356,0.040094,60,-0.207782,-0.145664,-0.303315,0.034115,60,-0.189116,-0.111316,-0.282163,0.034957,60,-0.002065,-0.001216,-0.003081,0.000382,60,-0.001298,-0.000558,-0.002509,0.000424,60,-0.002221,-0.001557,-0.003242,0.000365,60,1.392358,1.512251,1.297087,0.048958,60,-178.843597,-178.740433,-178.957947,0.048128,60,-0.389357,-0.292704,-0.479645,0.043112,60,7.377925,7.560952,7.200224,0.063671,60,179.315981,179.475098,179.218124,0.055756,60,0.175007,0.318077,0.015252,0.056403,60,0.000000,11.633333,15.000000,10.000000,1.134463,60,2084.383333,2204.000000,2001.000000,51.682896,60,1.163333,1.500000,1.000000,0.113446,60,208.437174,5.123626,60,60,60,60,60,60,60,60,60,60,60,60,60,60,60,60,60,60,60,60,60,60,60,60,60,60,60,60,60,60,12.7655,12.82,12.71,27.19,29,26,26.00,6849044
2026-10-03 05:13:00,22.135195,22.198826,22.079805,0.025813,60,14.017548,14.068818,13.971161,0.023900,60,18.289616,18.348974,18.248264,0.024432,60,95.000000,95.000000,95.000000,0.000000,60,24.974143,25.000000,24.941254,0.013858,60,25.245980,25.285728,25.216293,0.014048,60,24.872405,24.895859,24.853134,0.012134,60,24.500000,24.500000,24.500000,0.000000,60,24.311018,24.327438,24.295303,0.007944,60,24.496952,24.513565,24.485641,0.006964,60,24.214856,24.225998,24.197128,0.005770,60,1000.791667,1000.800000,1000.700000,0.027872,60,1000.791667,1000.800000,1000.700000,0.027872,60,23.800000,23.800000,23.800000,0.000001,60,-0.083082,-0.019437,-0.211060,0.035868,60,-0.172629,-0.125533,-0.246769,0.029733,60,-0.147157,-0.083211,-0.245206,0.035176,60,-0.001607,-0.000909,-0.002678,0.000384,60,-0.000878,-0.000205,-0.002231,0.000379,60,-0.001845,-0.001342,-0.002638,0.000318,60,1.398950,1.566034,1.261099,0.051644,60,-178.830657,-178.713333,-178.999252,0.055959,60,-0.382155,-0.266474,-0.439771,0.041243,60,7.377471,7.489279,7.229047,0.050924,60,179.327276,179.475327,179.191711,0.052662,60,0.189604,0.292697,0.107354,0.045628,60,0.000000,12.133333,16.000000,9.000000,1.890804,60,2098.450000,2177.000000,1993.000000,40.684993,60,1.213333,1.600000,0.900000,0.189080,60,209.847567,4.032712,60,60,60,60,60,60,60,60,60,60,60,60,60,60,60,60,60,60,60,60,60,60,60,60,60,60,60,60,60,60,12.7637,12.83,12.72,27.17,29,25,26.00,6849078
2026-10-03 05:14:00,22.134025,22.183565,22.078279,0.024843,60,14.012055,14.053559,13.939116,0.027039,60,18.290735,18.333715,18.234531,0.026352,60,95.000000,95.000000,95.000000,0.000000,60,24.984512,25.029373,24.941254,0.013878,60,25.251456,25.272377,25.216293,0.012286,60,24.880772,24.895859,24.853134,0.012309,60,24.500000,24.500000,24.500000,0.000000,60,24.314583,24.329239,24.297714,0.006606,60,24.500972,24.519089,24.484360,0.007210,60,24.221187,24.232895,24.203964,0.006909,60,1000.800000,1000.800000,1000.800000,0.000000,60,1000.800000,1000.800000,1000.800000,0.000000,60,23.800000,23.800000,23.800000,0.000001,60,-0.033343,0.024239,-0.135828,0.037305,60,-0.143262,-0.099748,-0.221888,0.024529,60,-0.120707,-0.071924,-0.215993,0.031375,60,-0.001318,-0.000785,-0.002359,0.000343,60,-0.000352,0.000256,-0.001436,0.000394,60,-0.001531,-0.001066,-0.002372,0.000262,60,1.398026,1.507689,1.248402,0.051724,60,-178.849227,-178.741333,-178.998093,0.053669,60,-0.374756,-0.292168,-0.466354,0.041462,60,7.380259,7.517526,7.272536,0.053346,60,179.330194,179.475800,179.219040,0.057758,60,0.186860,0.319074,0.081013,0.050563,60,0.000000,15.033333,17.000000,12.000000,1.104178,60,2088.433333,2162.000000,1991.000000,41.513472,60,1.503333,1.700000,1.200000,0.110418,60,208.844508,4.115431,60,60,60,60,60,60,60,60,60,60,60,60,60,60,60,60,60,60,60,60,60,60,60,60,60,60,60,60,60,60,12.7666,12.83,12.71,27.25,29,25,26.00,6849112
2026-10-03 05:15:00,22.130414,22.198826,22.064547,0.028025,60,14.010249,14.071870,13.957427,0.028152,60,18.285750,18.348974,18.234531,0.025593,60,94.995000,95.000000,94.900000,0.021978,60,24.993547,25.016022,24.970627,0.012870,60,25.261339,25.285728,25.242996,0.010095,60,24.886646,24.909210,24.853134,0.014679,60,24.500000,24.500000,24.500000,0.000000,60,24.318315,24.331894,24.306564,0.005960,60,24.498952,24.516129,24.476761,0.007273,60,24.224113,24.239304,24.208481,0.006949,60,1000.800000,1000.800000,1000.800000,0.000000,60,1000.800000,1000.800000,1000.800000,0.000000,60,23.800000,23.800000,23.800000,0.000001,60,-0.012813,0.046191,-0.125081,0.039895,60,-0.118442,-0.064915,-0.184568,0.027564,60,-0.097201,-0.047580,-0.193642,0.030090,60,-0.001061,-0.000520,-0.002115,0.000329,60,-0.000135,0.000488,-0.001322,0.000422,60,-0.001266,-0.000694,-0.001973,0.000295,60,1.391598,1.498805,1.284844,0.043286,60,-178.843874,-178.752502,-179.038727,0.056877,60,-0.383854,-0.265465,-0.504491,0.049429,60,7.378542,7.472614,7.273679,0.042893,60,179.330914,179.435684,179.193024,0.054557,60,0.179399,0.266782,0.081561,0.047094,60,0.000000,16.383333,20.000000,12.000000,1.678293,60,2102.166667,2146.000000,2001.000000,23.605635,60,1.638333,2.000000,1.200000,0.167829,60,210.217479,2.339890,60,60,60,60,60,60,60,60,60,60,60,60,60,60,60,60,60,60,60,60,60,60,60,60,60,60,60,60,60,60,12.7622,12.82,12.72,27.23,29,25,26.00,6849146
2026-10-03 05:16:00,22.129676,22.198826,22.064547,0.028660,60,14.008189,14.053559,13.954375,0.021294,60,18.294753,18.365759,18.200962,0.032813,60,94.968333,95.000000,94.900000,0.046910,60,24.996128,25.029373,24.957275,0.014916,60,25.260270,25.285728,25.229645,0.013052,60,24.892432,24.909210,24.866486,0.010817,60,24.500000,24.500000,24.500000,0.000000,60,24.318681,24.331100,24.307785,0.005599,60,24.498363,24.515488,24.482803,0.006874,60,24.223848,24.235886,24.210617,0.006397,60,1000.801667,1000.900000,1000.800000,0.012910,60,1000.801667,1000.900000,1000.800000,0.012910,60,23.800000,23.800000,23.800000,0.000001,60,0.010199,0.075003,-0.104501,0.038932,60,-0.114461,-0.075772,-0.205603,0.027289,60,-0.096105,-0.013278,-0.216879,0.035050,60,-0.001049,-0.000145,-0.002368,0.000383,60,0.000108,0.000793,-0.001105,0.000412,60,-0.001224,-0.000810,-0.002198,0.000292,60,1.377810,1.470570,1.280429,0.045681,60,-178.833951,-178.671432,-178.969040,0.059221,60,-0.378732,-0.293026,-0.478432,0.043614,60,7.374883,7.466436,7.246396,0.046500,60,179.313529,179.449142,179.151657,0.054542,60,0.174992,0.319407,0.002533,0.062909,60,0.000000,18.266667,19.000000,17.000000,0.660423,60,2127.850000,2157.000000,2070.000000,19.347689,60,1.826667,1.900000,1.700000,0.066042,60,212.785226,1.918422,60,60,60,60,60,60,60,60,60,60,60,60,60,60,60,60,60,60,60,60,60,60,60,60,60,60,60,60,60,60,12.7619,12.82,12.71,27.19,29,26,26.00,6849180
2026-10-03 05:17:00,22.129244,22.171358,22.064547,0.023510,60,14.017370,14.068818,13.957427,0.023398,60,18.287302,18.348974,18.234531,0.026228,60,94.911667,95.000000,94.900000,0.032373,60,25.001335,25.029373,24.970627,0.013522,60,25.261605,25.285728,25.242996,0.011924,60,24.894613,24.925232,24.882507,0.010877,60,24.500000,24.500000,24.500000,0.000000,60,24.322544,24.335007,24.304337,0.006708,60,24.493769,24.507156,24.482071,0.005544,60,24.226316,24.242050,24.214584,0.006033,60,1000.813333,1000.900000,1000.800000,0.034280,60,1000.813333,1000.900000,1000.800000,0.034280,60,23.800000,23.800000,23.800000,0.000001,60,-0.012135,0.064027,-0.108159,0.034530,60,-0.134501,-0.092736,-0.231388,0.029304,60,-0.106861,-0.055326,-0.198953,0.030599,60,-0.001167,-0.000604,-0.002173,0.000334,60,-0.000128,0.000677,-0.001143,0.000365,60,-0.001438,-0.000991,-0.002474,0.000313,60,1.383470,1.510880,1.257529,0.054373,60,-178.824180,-178.687485,-178.906097,0.048008,60,-0.377520,-0.292490,-0.466354,0.043932,60,7.385404,7.486482,7.262588,0.054627,60,179.328976,179.435944,179.191147,0.051371,60,0.190694,0.291898,0.054981,0.049944,60,0.000000,18.950000,21.000000,17.000000,0.909926,60,2168.766667,2213.000000,2119.000000,19.437311,60,1.895000,2.100000,1.700000,0.090993,60,216.876641,1.927299,60,60,60,60,60,60,60,60,60,60,60,60,60,60,60,60,60,60,60,60,60,60,60,60,60,60,60,60,60,60,12.7662,12.82,12.72,27.23,29,26,26.00,6849213
2026-10-03 05:18:00,22.131736,22.185091,22.079805,0.021767,60,14.014801,14.071870,13.939116,0.024876,60,18.295644,18.348974,18.202488,0.029916,60,94.989831,95.000000,94.900000,0.030484,59,25.004851,25.042725,24.983978,0.013469,60,25.261338,25.299080,25.229645,0.014967,60,24.898663,24.925232,24.866486,0.011987,60,24.500000,24.500000,24.500000,0.000000,59,24.322320,24.335983,24.309616,0.006513,60,24.489930,24.501114,24.478226,0.005906,60,24.226496,24.235794,24.210953,0.006063,60,1000.818644,1000.900000,1000.800000,0.039280,59,1000.818644,1000.900000,1000.800000,0.039280,59,23.800000,23.800000,23.800000,0.000001,59,0.018305,0.086207,-0.101071,0.040221,60,-0.134302,-0.075094,-0.249935,0.032540,60,-0.124631,-0.061080,-0.274639,0.042746,60,-0.001361,-0.000667,-0.002999,0.000467,60,0.000193,0.000911,-0.001068,0.000425,60,-0.001436,-0.000803,-0.002672,0.000348,60,1.381723,1.497443,1.257925,0.054407,60,-178.836551,-178.689041,-178.932861,0.054023,60,-0.373075,-0.252904,-0.439487,0.044742,60,7.374759,7.488544,7.258441,0.050771,60,179.319170,179.475449,179.192093,0.063883,60,0.195077,0.266166,0.053949,0.045104,60,0.000000,19.283333,22.000000,17.000000,1.208608,60,2202.366667,2281.000000,2154.000000,27.106173,60,1.928333,2.200000,1.700000,0.120861,60,220.235892,2.687316,60,60,60,60,60,60,60,60,60,60,60,60,60,60,60,60,60,60,60,60,60,60,59,59,59,59,59,59,60,60,12.7634,12.82,12.71,27.24,29,26,26.00,6849247
2026-10-03 05:19:00,22.132397,22.201878,22.064547,0.025479,60,14.014598,14.087129,13.971161,0.024879,60,18.288319,18.333715,18.184175,0.030271,60,94.995000,95.000000,94.900000,0.021978,60,25.010726,25.042725,24.983978,0.012423,60,25.259068,25.285728,25.229645,0.014205,60,24.898307,24.938583,24.866486,0.014743,60,24.500000,24.500000,24.500000,0.000000,60,24.331966,24.348953,24.313248,0.007340,60,24.488711,24.499954,24.476486,0.005861,60,24.230952,24.249710,24.214066,0.006806,60,1000.825000,1000.900000,1000.800000,0.043667,60,1000.825000,1000.900000,1000.800000,0.043667,60,23.800000,23.800000,23.800000,0.000001,60,-0.029445,0.058310,-0.149091,0.042298,60,-0.169662,-0.129604,-0.254911,0.027770,60,-0.166307,-0.107554,-0.282385,0.040336,60,-0.001816,-0.001174,-0.003084,0.000440,60,-0.000311,0.000616,-0.001576,0.000447,60,-0.001814,-0.001385,-0.002725,0.000297,60,1.388292,1.497897,1.218318,0.056465,60,-178.844507,-178.715164,-178.958664,0.055208,60,-0.374628,-0.266171,-0.479645,0.052408,60,7.385365,7.491341,7.299870,0.043377,60,179.323825,179.448898,179.219955,0.052995,60,0.184526,0.318077,0.055603,0.052372,60,0.000000,19.966667,22.000000,17.000000,1.460980,60,2229.333333,2282.000000,2172.000000,25.270514,60,1.996667,2.200000,1.700000,0.146098,60,222.933450,2.505643,60,60,60,60,60,60,60,60,60,60,60,60,60,60,60,60,60,60,60,60,60,60,60,60,60,60,60,60,60,60,12.7633,12.82,12.71,27.34,29,26,26.00,6849281
2026-10-03 05:20:00,22.139442,22.185091,22.093538,0.022589,60,14.006332,14.053559,13.957427,0.024225,60,18.298314,18.348974,18.234531,0.028983,60,95.000000,95.000000,95.000000,0.000000,60,25.013129,25.058746,24.983978,0.015003,60,25.257287,25.285728,25.216293,0.013750,60,24.909967,24.938583,24.882507,0.015517,60,24.500000,24.500000,24.500000,0.000000,60,24.340597,24.357346,24.324112,0.007980,60,24.490325,24.504868,24.476547,0.006748,60,24.239441,24.255356,24.222397,0.006655,60,1000.815000,1000.900000,1000.800000,0.036008,60,1000.815000,1000.900000,1000.800000,0.036008,60,23.800000,23.800000,23.800000,0.000001,60,-0.044270,0.026754,-0.150005,0.038678,60,-0.182253,-0.141818,-0.271423,0.028497,60,-0.170519,-0.091399,-0.278180,0.036349,60,-0.001862,-0.000998,-0.003038,0.000397,60,-0.000468,0.000283,-0.001586,0.000409,60,-0.001948,-0.001516,-0.002902,0.000305,60,1.381124,1.509511,1.294659,0.048826,60,-178.841591,-178.740723,-178.971710,0.052944,60,-0.372858,-0.252904,-0.506702,0.048251,60,7.377078,7.482361,7.275688,0.045863,60,179.313847,179.489151,179.191147,0.062983,60,0.186095,0.265551,0.054155,0.046178,60,0.000000,20.216667,23.000000,16.000000,1.678293,60,2257.316667,2307.000000,2175.000000,26.715381,60,2.021667,2.300000,1.600000,0.167829,60,225.732098,2.648709,60,60,60,60,60,60,60,60,60,60,60,60,60,60,60,60,60,60,60,60,60,60,60,60,60,60,60,60,60,60,12.7638,12.82,12.72,27.20,29,26,26.00,6849315
2026-10-03 05:21:00,22.126930,22.185091,22.064547,0.029355,60,14.020142,14.068818,13.957427,0.025016,60,18.294067,18.348974,18.220798,0.027119,60,94.923333,95.000000,94.400000,0.124010,60,25.020784,25.042725,24.983978,0.012013,60,25.259869,25.285728,25.229645,0.013534,60,24.909388,24.938583,24.882507,0.011910,60,24.505000,24.600000,24.500000,0.021978,60,24.352976,24.371597,24.336380,0.007099,60,24.495664,24.506516,24.469345,0.006590,60,24.248823,24.262283,24.235428,0.005561,60,1000.818333,1000.900000,1000.800000,0.039020,60,1000.818333,1000.900000,1000.800000,0.039020,60,23.790000,23.800000,23.600000,0.043957,60,-0.080144,-0.001372,-0.176760,0.035583,60,-0.205429,-0.159461,-0.284994,0.028522,60,-0.217498,-0.135881,-0.317130,0.032407,60,-0.002375,-0.001484,-0.003463,0.000354,60,-0.000847,-0.000015,-0.001868,0.000376,60,-0.002196,-0.001705,-0.003047,0.000305,60,1.375763,1.462026,1.256738,0.041666,60,-178.825172,-178.740723,-178.932114,0.052807,60,-0.373510,-0.226096,-0.505753,0.050413,60,7.388053,7.499590,7.319020,0.037787,60,179.329352,179.516068,179.192459,0.061980,60,0.185601,0.266166,0.081671,0.040326,60,0.000000,19.516667,23.000000,17.000000,1.268813,60,2281.400000,2354.000000,2204.000000,29.633467,60,1.951667,2.300000,1.700000,0.126881,60,228.139842,2.937871,60,60,60,60,60,60,60,60,60,60,60,60,60,60,60,60,60,60,60,60,60,60,60,60,60,60,60,60,60,60,12.7647,12.83,12.71,27.26,30,26,26.00,6849348
2026-10-03 05:22:00,22.137534,22.185091,22.066072,0.027289,60,14.016302,14.068818,13.972687,0.023327,60,18.292566,18.348974,18.219273,0.030452,60,94.566667,95.000000,94.400000,0.248157,60,25.029551,25.072098,25.000000,0.013861,60,25.260893,25.285728,25.229645,0.012530,60,24.920470,24.951935,24.895859,0.013175,60,24.575000,24.600000,24.500000,0.043667,60,24.362442,24.382095,24.348587,0.007794,60,24.499415,24.512405,24.484543,0.005971,60,24.259041,24.278397,24.237686,0.007268,60,1000.873333,1000.900000,1000.800000,0.044595,60,1000.873333,1000.900000,1000.800000,0.044595,60,23.653333,23.800000,23.600000,0.089190,60,-0.078726,-0.008461,-0.221807,0.039914,60,-0.187655,-0.140235,-0.256042,0.025279,60,-0.193726,-0.125922,-0.310048,0.035021,60,-0.002115,-0.001375,-0.003386,0.000382,60,-0.000832,-0.000089,-0.002344,0.000422,60,-0.002006,-0.001499,-0.002737,0.000270,60,1.390075,1.513166,1.282433,0.051449,60,-178.847227,-178.753983,-178.969788,0.055542,60,-0.380599,-0.266777,-0.478886,0.047270,60,7.386985,7.538902,7.284710,0.052612,60,179.324726,179.448380,179.191711,0.060250,60,0.193314,0.331755,0.080684,0.048772,60,0.000000,19.250000,22.000000,17.000000,1.480094,60,2300.500000,2387.000000,2242.000000,26.639782,60,1.925000,2.200000,1.700000,0.148009,60,230.049802,2.641122,60,60,60,60,60,60,60,60,60,60,60,60,60,60,60,60,60,60,60,60,60,60,60,60,60,60,60,60,60,60,12.7630,12.81,12.72,27.28,29,26,26.00,6849382
2026-10-03 05:23:00,22.128684,22.185091,22.066072,0.025342,60,14.008036,14.055085,13.957427,0.022269,60,18.292134,18.335241,18.220798,0.023759,60,94.400000,94.400000,94.400000,0.000003,60,25.042013,25.072098,25.016022,0.012339,60,25.264276,25.299080,25.229645,0.014378,60,24.923852,24.938583,24.895859,0.011556,60,24.600000,24.600000,24.600000,0.000001,60,24.374927,24.387222,24.360580,0.006919,60,24.501888,24.515640,24.488602,0.006546,60,24.266139,24.285721,24.249619,0.007432,60,1000.895000,1000.900000,1000.800000,0.021978,60,1000.895000,1000.900000,1000.800000,0.021978,60,23.600000,23.600000,23.600000,0.000001,60,-0.046560,0.037044,-0.160753,0.039767,60,-0.152185,-0.102688,-0.237495,0.028628,60,-0.142465,-0.088079,-0.245648,0.031868,60,-0.001556,-0.000962,-0.002682,0.000348,60,-0.000492,0.000392,-0.001699,0.000420,60,-0.001627,-0.001098,-0.002539,0.000306,60,1.388405,1.510880,1.295872,0.045974,60,-178.830314,-178.648483,-178.971466,0.055918,60,-0.374766,-0.292383,-0.466503,0.044283,60,7.381939,7.462322,7.262465,0.047479,60,179.321483,179.476028,179.152267,0.064536,60,0.195855,0.357586,0.055292,0.056174,60,0.000000,17.483333,20.000000,15.000000,1.455459,60,2298.683333,2355.000000,2223.000000,27.502537,60,1.748333,2.000000,1.500000,0.145546,60,229.868620,2.726771,60,60,60,60,60,60,60,60,60,60,60,60,60,60,60,60,60,60,60,60,60,60,60,60,60,60,60,60,60,60,12.7624,12.81,12.72,27.21,29,25,26.00,6849416
2026-10-03 05:24:00,22.128913,22.188145,22.082857,0.022733,60,14.005544,14.053559,13.957427,0.023219,60,18.289006,18.352026,18.202488,0.032567,60,94.391667,94.400000,94.300000,0.027872,60,25.050246,25.072098,25.029373,0.011753,60,25.266858,25.285728,25.229645,0.011467,60,24.934667,24.965286,24.895859,0.011886,60,24.600000,24.600000,24.600000,0.000001,60,24.378284,24.404251,24.360275,0.007321,60,24.502793,24.523239,24.484665,0.006940,60,24.266526,24.278854,24.250778,0.006155,60,1000.900000,1000.900000,1000.900000,0.000000,60,1000.900000,1000.900000,1000.900000,0.000000,60,23.600000,23.600000,23.600000,0.000001,60,-0.023736,0.038187,-0.133313,0.036734,60,-0.121541,-0.068987,-0.212388,0.029111,60,-0.098776,-0.042269,-0.172396,0.028471,60,-0.001079,-0.000462,-0.001883,0.000311,60,-0.000251,0.000404,-0.001409,0.000388,60,-0.001299,-0.000737,-0.002270,0.000311,60,1.387308,1.535439,1.296277,0.045473,60,-178.829769,-178.716690,-178.932861,0.054936,60,-0.380997,-0.265868,-0.466057,0.047248,60,7.373417,7.482361,7.272629,0.046934,60,179.320639,179.410126,179.151077,0.060443,60,0.187347,0.319574,0.055292,0.052367,60,0.000000,16.650000,20.000000,14.000000,1.424067,60,2287.733333,2387.000000,2215.000000,33.082776,60,1.665000,2.000000,1.400000,0.142407,60,228.772590,3.279599,60,60,60,60,60,60,60,60,60,60,60,60,60,60,60,60,60,60,60,60,60,60,60,60,60,60,60,60,60,60,12.7645,12.82,12.72,27.26,29,25,26.00,6849450
2026-10-03 05:25:00,22.125404,22.174410,22.082857,0.025364,60,14.011749,14.068818,13.957427,0.024269,60,18.289387,18.367285,18.237583,0.027529,60,94.300000,94.300000,94.300000,0.000000,60,25.057322,25.085449,25.029373,0.011556,60,25.271398,25.299080,25.242996,0.011446,60,24.937382,24.965286,24.909210,0.011814,60,24.600000,24.600000,24.600000,0.000001,60,24.379626,24.400803,24.364182,0.006297,60,24.502020,24.515793,24.483261,0.007880,60,24.269155,24.283585,24.258194,0.005690,60,1000.900000,1000.900000,1000.900000,0.000000,60,1000.900000,1000.900000,1000.900000,0.000000,60,23.600000,23.600000,23.600000,0.000001,60,-0.006887,0.052822,-0.101985,0.031966,60,-0.108788,-0.065594,-0.219174,0.028009,60,-0.088902,-0.029212,-0.194748,0.030845,60,-0.000971,-0.000319,-0.002127,0.000337,60,-0.000073,0.000558,-0.001078,0.000338,60,-0.001163,-0.000701,-0.002343,0.000299,60,1.376073,1.457577,1.256738,0.042664,60,-178.837597,-178.714249,-178.959396,0.055193,60,-0.380097,-0.266979,-0.478583,0.045578,60,7.372801,7.456158,7.285745,0.040313,60,179.313541,179.407028,179.166107,0.051910,60,0.191290,0.319907,0.081891,0.052728,60,0.000000,17.333333,19.000000,15.000000,1.068290,60,2231.016667,2293.000000,2172.000000,33.787216,60,1.733333,1.900000,1.500000,0.106829,60,223.101657,3.350122,60,60,60,60,60,60,60,60,60,60,60,60,60,60,60,60,60,60,60,60,60,60,60,60,60,60,60,60,60,60,12.7635,12.82,12.71,27.28,29,26,26.00,6849483
2026-10-03 05:26:00,22.127820,22.185091,22.055389,0.024711,60,14.010274,14.071870,13.940642,0.026797,60,18.283868,18.335241,18.220798,0.023750,60,94.271667,94.300000,94.200000,0.045442,60,25.060349,25.085449,25.029373,0.012737,60,25.268593,25.285728,25.242996,0.012701,60,24.938272,24.994659,24.909210,0.012183,60,24.600000,24.600000,24.600000,0.000001,60,24.377154,24.390305,24.359085,0.006713,60,24.500441,24.516342,24.487137,0.006612,60,24.268614,24.283035,24.253342,0.005758,60,1000.900000,1000.900000,1000.900000,0.000000,60,1000.900000,1000.900000,1000.900000,0.000000,60,23.600000,23.600000,23.600000,0.000001,60,0.005667,0.079347,-0.112504,0.037383,60,-0.089159,-0.045690,-0.171675,0.030205,60,-0.045847,0.001992,-0.148717,0.030222,60,-0.000501,0.000022,-0.001624,0.000330,60,0.000060,0.000839,-0.001189,0.000395,60,-0.000953,-0.000488,-0.001835,0.000323,60,1.391070,1.507689,1.217546,0.050166,60,-178.832780,-178.675201,-178.958191,0.060540,60,-0.375389,-0.265063,-0.505911,0.051013,60,7.385847,7.517526,7.272629,0.049348,60,179.321373,179.448135,179.193024,0.061557,60,0.178670,0.331755,0.081341,0.048350,60,0.000000,16.516667,19.000000,14.000000,1.049482,60,2151.350000,2209.000000,2057.000000,33.894065,60,1.651667,1.900000,1.400000,0.104948,60,215.135882,3.360318,60,60,60,60,60,60,60,60,60,60,60,60,60,60,60,60,60,60,60,60,60,60,60,60,60,60,60,60,60,60,12.7643,12.83,12.71,27.31,29,25,26.00,6849517
2026-10-03 05:27:00,22.130770,22.188145,22.084383,0.022407,60,14.012055,14.055085,13.957427,0.022561,60,18.287505,18.348974,18.237583,0.024327,60,94.211667,94.300000,94.200000,0.032373,60,25.060037,25.085449,25.042725,0.010754,60,25.269573,25.285728,25.242996,0.012028,60,24.937159,24.965286,24.909210,0.011398,60,24.600000,24.600000,24.600000,0.000001,60,24.374553,24.392593,24.356857,0.006473,60,24.498070,24.511032,24.484482,0.006683,60,24.266159,24.278214,24.256393,0.005666,60,1000.936667,1001.000000,1000.900000,0.048596,60,1000.936667,1001.000000,1000.900000,0.048596,60,23.600000,23.600000,23.600000,0.000001,60,0.011186,0.094668,-0.124166,0.039284,60,-0.069017,-0.026011,-0.140235,0.025999,60,-0.032867,0.026114,-0.117513,0.030272,60,-0.000359,0.000285,-0.001283,0.000331,60,0.000118,0.001001,-0.001312,0.000415,60,-0.000738,-0.000278,-0.001499,0.000278,60,1.372516,1.495179,1.194812,0.048928,60,-178.836195,-178.687485,-178.971466,0.053295,60,-0.383844,-0.293026,-0.478432,0.045263,60,7.371400,7.501655,7.252570,0.048973,60,179.327103,179.435425,179.219955,0.053300,60,0.191715,0.318243,0.080794,0.054091,60,0.000000,15.566667,20.000000,12.000000,1.816746,60,2103.633333,2197.000000,1974.000000,55.165381,60,1.556667,2.000000,1.200000,0.181675,60,210.369509,5.467809,60,60,60,60,60,60,60,60,60,60,60,60,60,60,60,60,60,60,60,60,60,60,60,60,60,60,60,60,60,60,12.7615,12.82,12.71,27.24,29,26,26.00,6849551
2026-10-03 05:28:00,22.127896,22.188145,22.082857,0.021282,60,14.012665,14.071870,13.939116,0.026907,60,18.288980,18.352026,18.237583,0.023865,60,94.208333,94.700000,94.200000,0.064550,60,25.058702,25.101471,25.029373,0.014638,60,25.268905,25.299080,25.242996,0.010920,60,24.938984,24.965286,24.909210,0.011633,60,24.598333,24.600000,24.500000,0.012910,60,24.366379,24.387741,24.349808,0.007136,60,24.494671,24.511795,24.476883,0.007507,60,24.260284,24.277420,24.244492,0.006916,60,1000.998333,1001.000000,1000.900000,0.012910,60,1000.998333,1001.000000,1000.900000,0.012910,60,23.600000,23.600000,23.600000,0.000001,60,0.023153,0.100613,-0.073173,0.037092,60,-0.021589,0.038678,-0.129604,0.031879,60,0.018236,0.094497,-0.083211,0.036331,60,0.000199,0.001032,-0.000909,0.000397,60,0.000245,0.001063,-0.000773,0.000392,60,-0.000231,0.000413,-0.001385,0.000341,60,1.398019,1.471912,1.322751,0.040781,60,-178.828901,-178.684998,-178.998550,0.062193,60,-0.370377,-0.291955,-0.478583,0.041810,60,7.387563,7.495462,7.295843,0.045728,60,179.318884,179.449753,179.166107,0.063203,60,0.186901,0.318575,0.080247,0.053591,60,0.000000,11.783333,15.000000,9.000000,1.165779,60,1990.950000,2093.000000,1857.000000,61.877250,60,1.178333,1.500000,0.900000,0.116578,60,199.097156,6.134335,60,60,60,60,60,60,60,60,60,60,60,60,60,60,60,60,60,60,60,60,60,60,60,60,60,60,60,60,60,60,12.7640,12.83,12.72,27.26,29,25,26.00,6849585
2026-10-03 05:29:00,22.128150,22.188145,22.066072,0.025330,60,14.014598,14.053559,13.954375,0.024302,60,18.293939,18.348974,18.237583,0.024055,60,94.200000,94.200000,94.200000,0.000006,60,25.050424,25.085449,25.029373,0.013073,60,25.258445,25.285728,25.229645,0.013150,60,24.932041,24.965286,24.895859,0.014108,60,24.600000,24.600000,24.600000,0.000001,60,24.354212,24.372269,24.332413,0.008513,60,24.487441,24.504593,24.472733,0.006489,60,24.253161,24.271530,24.240494,0.006683,60,1001.000000,1001.000000,1001.000000,0.000000,60,1001.000000,1001.000000,1001.000000,0.000000,60,23.600000,23.600000,23.600000,0.000001,60,0.054697,0.132169,-0.022867,0.034236,60,0.005161,0.045690,-0.068987,0.026564,60,0.043099,0.089186,-0.036737,0.028479,60,0.000471,0.000974,-0.000401,0.000311,60,0.000578,0.001397,-0.000242,0.000362,60,0.000055,0.000488,-0.000737,0.000284,60,1.387763,1.474601,1.255948,0.053682,60,-178.827404,-178.716690,-178.958664,0.060692,60,-0.371897,-0.265465,-0.465611,0.043043,60,7.381866,7.509268,7.279707,0.045439,60,179.320165,179.448502,179.218674,0.052188,60,0.187302,0.293018,0.080794,0.042087,60,0.000000,11.983333,15.000000,10.000000,1.142279,60,2112.866667,2205.000000,1978.000000,47.496821,60,1.198333,1.500000,1.000000,0.114228,60,211.292938,4.706349,60,60,60,60,60,60,60,60,60,60,60,60,60,60,60,60,60,60,60,60,60,60,60,60,60,60,60,60,60,60,12.7629,12.82,12.71,27.27,29,26,26.00,6849619
2026-10-03 05:30:00,22.129371,22.201878,22.082857,0.026862,60,14.008545,14.068818,13.940642,0.027537,60,18.287073,18.367285,18.237583,0.027146,60,94.266667,94.700000,94.200000,0.171402,60,25.042102,25.072098,25.016022,0.013159,60,25.258890,25.285728,25.229645,0.013162,60,24.930706,24.951935,24.909210,0.011397,60,24.585000,24.600000,24.500000,0.036008,60,24.341127,24.356308,24.318832,0.007617,60,24.479608,24.495682,24.465012,0.006565,60,24.241959,24.251633,24.229660,0.006115,60,1001.000000,1001.000000,1001.000000,0.000000,60,1001.000000,1001.000000,1001.000000,0.000000,60,23.600000,23.600000,23.600000,0.000001,60,0.053927,0.112733,-0.058310,0.033917,60,0.027429,0.091831,-0.045463,0.029202,60,0.076405,0.119726,-0.011287,0.028941,60,0.000834,0.001307,-0.000123,0.000316,60,0.000570,0.001192,-0.000616,0.000359,60,0.000293,0.000982,-0.000486,0.000312,60,1.383760,1.473255,1.282834,0.042654,60,-178.830251,-178.714554,-178.931107,0.054624,60,-0.368035,-0.291848,-0.505753,0.045915,60,7.384916,7.499590,7.266602,0.045512,60,179.325945,179.489487,179.192459,0.063697,60,0.195983,0.318243,0.120168,0.043296,60,0.000000,10.183333,13.000000,7.000000,1.620752,60,2078.416667,2257.000000,1957.000000,55.763511,60,1.018333,1.300000,0.700000,0.162075,60,207.840762,5.524918,60,60,60,60,60,60,60,60,60,60,60,60,60,60,60,60,60,60,60,60,60,60,60,60,60,60,60,60,60,60,12.7637,12.82,12.72,27.21,29,25,26.00,6849652
2026-10-03 05:31:00,22.128099,22.198826,22.066072,0.025013,60,14.013860,14.087129,13.971161,0.026555,60,18.287378,18.348974,18.219273,0.029083,60,94.436667,94.700000,94.200000,0.249043,60,25.033290,25.058746,25.000000,0.012975,60,25.249097,25.285728,25.216293,0.015253,60,24.919624,24.951935,24.895859,0.013335,60,24.553333,24.600000,24.500000,0.050310,60,24.328898,24.343338,24.311752,0.007244,60,24.471737,24.488327,24.447678,0.007579,60,24.229508,24.246140,24.213486,0.008328,60,1001.028333,1001.100000,1001.000000,0.045442,60,1001.028333,1001.100000,1001.000000,0.045442,60,23.600000,23.600000,23.600000,0.000001,60,0.065978,0.129197,-0.035215,0.036344,60,0.020334,0.074189,-0.078713,0.032166,60,0.055695,0.122160,-0.026114,0.031007,60,0.000608,0.001334,-0.000285,0.000339,60,0.000697,0.001366,-0.000372,0.000384,60,0.000217,0.000793,-0.000841,0.000344,60,1.376502,1.498805,1.254764,0.049377,60,-178.844161,-178.740723,-178.958191,0.054241,60,-0.373717,-0.265667,-0.478432,0.043687,60,7.377073,7.486482,7.262588,0.056021,60,179.323909,179.475677,179.219040,0.054976,60,0.201405,0.291419,0.081561,0.049871,60,0.000000,12.466667,15.000000,10.000000,1.049078,60,2108.716667,2202.000000,1941.000000,59.752056,60,1.246667,1.500000,1.000000,0.104908,60,210.881139,5.920161,60,60,60,60,60,60,60,60,60,60,60,60,60,60,60,60,60,60,60,60,60,60,60,60,60,60,60,60,60,60,12.7625,12.82,12.71,27.19,29,25,26.00,6849686
2026-10-03 05:32:00,22.126980,22.201878,22.079805,0.028442,60,14.013021,14.087129,13.954375,0.029935,60,18.291981,18.367285,18.234531,0.026879,60,94.611667,94.700000,94.200000,0.134154,60,25.020161,25.058746,24.983978,0.014538,60,25.241930,25.272377,25.216293,0.015340,60,24.907742,24.938583,24.882507,0.012285,60,24.508333,24.600000,24.500000,0.027872,60,24.316126,24.331833,24.299515,0.007124,60,24.461767,24.480911,24.438828,0.008863,60,24.218941,24.237808,24.202377,0.008031,60,1001.066667,1001.100000,1001.000000,0.047538,60,1001.066667,1001.100000,1001.000000,0.047538,60,23.600000,23.600000,23.600000,0.000001,60,0.048256,0.106101,-0.044590,0.033954,60,0.003713,0.044332,-0.089570,0.027877,60,0.055426,0.117291,-0.058867,0.033552,60,0.000605,0.001281,-0.000643,0.000366,60,0.000510,0.001121,-0.000471,0.000359,60,0.000040,0.000474,-0.000957,0.000298,60,1.393067,1.496084,1.279628,0.045099,60,-178.841715,-178.688095,-178.932114,0.051914,60,-0.384563,-0.226187,-0.506227,0.047310,60,7.378053,7.450471,7.272629,0.041192,60,179.310896,179.408783,179.193207,0.050062,60,0.185614,0.293018,0.108050,0.043705,60,0.000000,11.450000,13.000000,10.000000,0.946447,60,2200.083333,2288.000000,2119.000000,37.892485,60,1.145000,1.300000,1.000000,0.094645,60,220.007797,3.756730,60,60,60,60,60,60,60,60,60,60,60,60,60,60,60,60,60,60,60,60,60,60,60,60,60,60,60,60,60,60,12.7608,12.81,12.70,27.23,29,26,26.00,6849720
2026-10-03 05:33:00,22.136848,22.185091,22.079805,0.025707,60,14.011393,14.053559,13.954375,0.024910,60,18.294957,18.365759,18.233006,0.028892,60,94.613333,94.700000,94.600000,0.034280,60,25.011304,25.042725,24.983978,0.013048,60,25.236009,25.272377,25.216293,0.010896,60,24.898841,24.938583,24.866486,0.014028,60,24.500000,24.500000,24.500000,0.000000,60,24.306386,24.324234,24.286026,0.007429,60,24.456810,24.477859,24.436569,0.007615,60,24.212211,24.227798,24.201279,0.005791,60,1001.080000,1001.100000,1001.000000,0.040338,60,1001.080000,1001.100000,1001.000000,0.040338,60,23.600000,23.600000,23.600000,0.000001,60,0.035985,0.090781,-0.067685,0.031980,60,0.003201,0.042297,-0.082558,0.027245,60,0.055400,0.104677,-0.034081,0.030940,60,0.000605,0.001143,-0.000372,0.000338,60,0.000380,0.000960,-0.000715,0.000338,60,0.000034,0.000452,-0.000883,0.000291,60,1.391989,1.564624,1.295064,0.048553,60,-178.844518,-178.713333,-178.972916,0.056801,60,-0.374821,-0.293026,-0.478583,0.044178,60,7.375652,7.482362,7.307935,0.041275,60,179.316892,179.490402,179.192657,0.062945,60,0.189793,0.265859,0.042002,0.050932,60,0.000000,10.400000,12.000000,9.000000,0.867492,60,2206.866667,2264.000000,2166.000000,21.805354,60,1.040000,1.200000,0.900000,0.086749,60,220.686517,2.162061,60,60,60,60,60,60,60,60,60,60,60,60,60,60,60,60,60,60,60,60,60,60,60,60,60,60,60,60,60,60,12.7600,12.83,12.71,27.23,29,25,26.00,6849754
2026-10-03 05:34:00,22.130185,22.185091,22.050812,0.026934,60,14.007375,14.067292,13.939116,0.026481,60,18.291803,18.348974,18.219273,0.028123,60,94.660000,94.700000,94.600000,0.049403,60,24.998264,25.029373,24.970627,0.015200,60,25.227108,25.259026,25.202942,0.014372,60,24.895414,24.925232,24.866486,0.010660,60,24.500000,24.500000,24.500000,0.000000,60,24.296099,24.318222,24.277542,0.007619,60,24.453101,24.468979,24.436996,0.006865,60,24.206012,24.221725,24.189438,0.007218,60,1001.093333,1001.100000,1001.000000,0.025155,60,1001.093333,1001.100000,1001.000000,0.025155,60,23.600000,23.600000,23.600000,0.000001,60,0.030413,0.095125,-0.090095,0.039250,60,0.027323,0.078939,-0.059034,0.028013,60,0.069062,0.123931,-0.027663,0.029417,60,0.000754,0.001353,-0.000302,0.000321,60,0.000321,0.001005,-0.000952,0.000415,60,0.000292,0.000844,-0.000631,0.000299,60,1.379961,1.507234,1.257925,0.054782,60,-178.828760,-178.715775,-178.971466,0.056851,60,-0.384004,-0.292490,-0.544760,0.049311,60,7.374319,7.494735,7.171651,0.054658,60,179.326585,179.435425,179.219589,0.055288,60,0.176717,0.266782,0.107122,0.045134,60,0.000000,9.866667,11.000000,8.000000,0.650076,60,2198.733333,2285.000000,2135.000000,34.102968,60,0.986667,1.100000,0.800000,0.065008,60,219.872490,3.380883,60,60,60,60,60,60,60,60,60,60,60,60,60,60,60,60,60,60,60,60,60,60,60,60,60,60,60,60,60,60,12.7604,12.81,12.71,27.30,29,26,26.00,6849788
2026-10-03 05:35:00,22.133465,22.198826,22.061493,0.026422,60,14.008723,14.068818,13.954375,0.026902,60,18.290761,18.333715,18.248264,0.024961,60,94.700000,94.700000,94.700000,0.000006,60,24.990387,25.016022,24.970627,0.013635,60,25.223815,25.242996,25.186920,0.010687,60,24.884199,24.909210,24.866486,0.011307,60,24.500000,24.500000,24.500000,0.000000,60,24.286552,24.299911,24.266769,0.006600,60,24.446052,24.462082,24.425644,0.007466,60,24.197115,24.213974,24.181931,0.006860,60,1001.098333,1001.100000,1001.000000,0.012910,60,1001.098333,1001.100000,1001.000000,0.012910,60,23.600000,23.600000,23.600000,0.000001,60,0.046012,0.136514,-0.054194,0.038264,60,0.063773,0.121462,-0.023297,0.030161,60,0.099937,0.149159,0.012836,0.029648,60,0.001091,0.001629,0.000140,0.000324,60,0.000486,0.001443,-0.000573,0.000404,60,0.000682,0.001298,-0.000249,0.000322,60,1.389604,1.507234,1.296277,0.048373,60,-178.829497,-178.688736,-178.996902,0.060713,60,-0.365897,-0.266676,-0.439771,0.039747,60,7.380888,7.499590,7.260583,0.048384,60,179.328145,179.435043,179.218506,0.047233,60,0.184411,0.318908,0.081561,0.049910,60,0.000000,10.033333,11.000000,9.000000,0.485961,60,2142.666667,2169.000000,2104.000000,14.689633,60,1.003333,1.100000,0.900000,0.048596,60,214.266790,1.456588,60,60,60,60,60,60,60,60,60,60,60,60,60,60,60,60,60,60,60,60,60,60,60,60,60,60,60,60,60,60,12.7632,12.83,12.71,27.34,29,25,26.00,6849821
2026-10-03 05:36:00,22.135017,22.183565,22.064547,0.025935,60,14.009486,14.085603,13.971161,0.023411,60,18.293609,18.365759,18.233006,0.029739,60,94.700000,94.700000,94.700000,0.000006,60,24.981798,25.016022,24.941254,0.013761,60,25.217806,25.242996,25.186920,0.011669,60,24.877879,24.909210,24.839783,0.014764,60,24.500000,24.500000,24.500000,0.000000,60,24.275677,24.294662,24.257919,0.007761,60,24.437086,24.450882,24.420700,0.006665,60,24.188769,24.202469,24.175003,0.006156,60,1001.093333,1001.100000,1001.000000,0.025155,60,1001.093333,1001.100000,1001.000000,0.025155,60,23.600000,23.600000,23.600000,0.000001,60,0.042791,0.099470,-0.047105,0.033807,60,0.095880,0.162628,-0.003619,0.031528,60,0.133152,0.187445,0.042269,0.030387,60,0.001454,0.002047,0.000462,0.000332,60,0.000452,0.001051,-0.000498,0.000357,60,0.001025,0.001738,-0.000039,0.000337,60,1.391031,1.507234,1.298304,0.047165,60,-178.818833,-178.673950,-178.957443,0.066840,60,-0.381818,-0.318670,-0.506385,0.042701,60,7.383751,7.509268,7.301885,0.037355,60,179.329336,179.435043,179.220123,0.044071,60,0.193204,0.293178,0.080247,0.048179,60,0.000000,8.733333,10.000000,7.000000,0.634240,60,2059.850000,2184.000000,1952.000000,60.426682,60,0.873333,1.000000,0.700000,0.063424,60,205.982916,5.990710,60,60,60,60,60,60,60,60,60,60,60,60,60,60,60,60,60,60,60,60,60,60,60,60,60,60,60,60,60,60,12.7610,12.82,12.71,27.24,29,26,26.00,6849857
2026-10-03 05:37:00,22.130465,22.198826,22.078279,0.028580,60,14.005671,14.053559,13.954375,0.026200,60,18.293482,18.347448,18.233006,0.025773,60,94.701667,94.800000,94.700000,0.012910,60,24.966443,25.000000,24.941254,0.014176,60,25.211309,25.242996,25.173569,0.014472,60,24.868266,24.895859,24.839783,0.011755,60,24.500000,24.500000,24.500000,0.000000,60,24.264925,24.285294,24.242599,0.007777,60,24.433563,24.447769,24.419083,0.006316,60,24.179715,24.193680,24.164536,0.007177,60,1001.050000,1001.100000,1001.000000,0.050422,60,1001.050000,1001.100000,1001.000000,0.050422,60,23.603333,23.800000,23.600000,0.025820,60,0.053253,0.116620,-0.074317,0.034805,60,0.147356,0.212388,0.075094,0.030590,60,0.195814,0.242771,0.086973,0.034338,60,0.002138,0.002651,0.000950,0.000375,60,0.000563,0.001233,-0.000786,0.000368,60,0.001575,0.002270,0.000803,0.000327,60,1.396341,1.534054,1.259114,0.056603,60,-178.830684,-178.672073,-178.905838,0.050793,60,-0.378219,-0.253491,-0.466354,0.049007,60,7.378743,7.532016,7.224159,0.050984,60,179.329306,179.449387,179.232513,0.045706,60,0.200823,0.318243,0.107702,0.046882,60,0.000000,7.683333,9.000000,6.000000,0.747689,60,2162.466667,2263.000000,2057.000000,47.990983,60,0.768333,0.900000,0.600000,0.074769,60,216.245207,4.757051,60,60,60,60,60,60,60,60,60,60,60,60,60,60,60,60,60,60,60,60,60,60,60,60,60,60,60,60,60,60,12.7595,12.82,12.72,27.24,29,26,26.00,6849891
2026-10-03 05:38:00,22.132041,22.180513,22.078279,0.023379,60,14.006078,14.068818,13.920806,0.024593,60,18.289921,18.348974,18.233006,0.027415,60,94.686667,94.700000,94.600000,0.034280,60,24.958522,24.983978,24.927902,0.011419,60,25.204811,25.229645,25.186920,0.011985,60,24.862080,24.895859,24.839783,0.014281,60,24.500000,24.500000,24.500000,0.000000,60,24.253680,24.270432,24.237167,0.007418,60,24.429807,24.446579,24.414413,0.007722,60,24.170197,24.191055,24.156448,0.007023,60,1001.008333,1001.100000,1001.000000,0.027872,60,1001.008333,1001.100000,1001.000000,0.027872,60,23.600000,23.600000,23.600000,0.000001,60,0.051099,0.104272,-0.055337,0.031807,60,0.205509,0.281375,0.117390,0.032073,60,0.257540,0.315580,0.164429,0.033672,60,0.002812,0.003446,0.001796,0.000368,60,0.000540,0.001102,-0.000585,0.000336,60,0.002197,0.003008,0.001255,0.000343,60,1.389379,1.507689,1.284844,0.046607,60,-178.816627,-178.645599,-178.929092,0.061980,60,-0.383039,-0.292704,-0.478886,0.037387,60,7.387383,7.530617,7.266603,0.049833,60,179.325005,179.436066,179.219406,0.048455,60,0.196187,0.319407,0.107354,0.053972,60,0.000000,5.666667,7.000000,5.000000,0.572437,60,2303.883333,2435.000000,2206.000000,54.149539,60,0.566667,0.700000,0.500000,0.057244,60,230.387318,5.367526,60,60,60,60,60,60,60,60,60,60,60,60,60,60,60,60,60,60,60,60,60,60,60,60,60,60,60,60,60,60,12.7602,12.81,12.71,27.23,29,25,26.00,6849925
2026-10-03 05:39:00,22.134457,22.197300,22.078279,0.025764,60,14.014445,14.085603,13.952849,0.029135,60,18.290710,18.347448,18.200962,0.029914,60,94.613559,94.700000,94.600000,0.034529,59,24.950377,24.970627,24.927902,0.012264,60,25.201206,25.229645,25.173569,0.013300,60,24.854291,24.882507,24.826431,0.014396,60,24.500000,24.500000,24.500000,0.000000,59,24.241972,24.254959,24.219254,0.007290,60,24.421812,24.435654,24.409683,0.006440,60,24.162052,24.177322,24.141891,0.007667,60,1001.003390,1001.100000,1001.000000,0.018252,59,1001.003390,1001.100000,1001.000000,0.018252,59,23.600000,23.600000,23.600000,0.000001,59,0.069248,0.129883,-0.045733,0.036985,60,0.308050,0.382480,0.173484,0.042166,60,0.353969,0.426011,0.235911,0.041535,60,0.003865,0.004652,0.002576,0.000454,60,0.000732,0.001373,-0.000483,0.000391,60,0.003293,0.004089,0.001855,0.000451,60,1.390039,1.497897,1.293852,0.052844,60,-178.824681,-178.684067,-178.999725,0.057237,60,-0.377245,-0.252708,-0.478129,0.044988,60,7.385786,7.486482,7.295843,0.041015,60,179.326872,179.475800,179.193024,0.055866,60,0.195037,0.331755,0.041300,0.057968,60,0.000000,5.266667,7.000000,4.000000,0.756142,60,2310.533333,2446.000000,2177.000000,71.196902,60,0.526667,0.700000,0.400000,0.075614,60,231.057058,7.058206,60,60,60,60,60,60,60,60,60,60,60,60,60,60,60,60,60,60,60,60,60,60,59,59,59,59,59,59,60,60,12.7584,12.81,12.71,27.30,29,25,26.00,6849958
2026-10-03 05:40:00,22.133771,22.197300,22.078279,0.024380,60,14.008087,14.067292,13.954375,0.023517,60,18.289184,18.347448,18.216221,0.024819,60,94.616667,94.700000,94.600000,0.037582,60,24.938494,24.957275,24.901199,0.011124,60,25.196756,25.216293,25.160217,0.013673,60,24.845568,24.866486,24.826431,0.010818,60,24.500000,24.500000,24.500000,0.000000,60,24.230844,24.250626,24.220139,0.007417,60,24.421598,24.438705,24.403702,0.007177,60,24.152787,24.171463,24.137680,0.008088,60,1001.016667,1001.100000,1001.000000,0.037582,60,1001.016667,1001.100000,1001.000000,0.037582,60,23.600000,23.600000,23.600000,0.000001,60,0.093468,0.153664,0.001829,0.031297,60,0.408733,0.484264,0.317339,0.040370,60,0.454272,0.532016,0.313589,0.043835,60,0.004961,0.005810,0.003424,0.000479,60,0.000988,0.001624,0.000019,0.000331,60,0.004369,0.005177,0.003392,0.000432,60,1.395986,1.540536,1.255553,0.051281,60,-178.836139,-178.686539,-178.955490,0.054346,60,-0.393717,-0.292704,-0.479341,0.045871,60,7.385123,7.488544,7.256575,0.048828,60,179.330431,179.449509,179.218506,0.049514,60,0.196458,0.318576,0.081561,0.048656,60,0.000000,6.383333,8.000000,5.000000,0.715250,60,2169.183333,2322.000000,1900.000000,78.091752,60,0.638333,0.800000,0.500000,0.071525,60,216.940455,7.719375,60,60,60,60,60,60,60,60,60,60,60,60,60,60,60,60,60,60,60,60,60,60,60,60,60,60,60,60,60,60,12.7616,12.81,12.70,27.28,29,26,26.00,6849992
2026-10-03 05:41:00,22.134178,22.197300,22.088961,0.028009,60,14.010071,14.067292,13.952849,0.026889,60,18.295389,18.347448,18.248264,0.026184,60,94.641667,94.700000,94.600000,0.049717,60,24.928659,24.957275,24.901199,0.014510,60,25.186742,25.216293,25.146866,0.012941,60,24.834531,24.866486,24.797058,0.014359,60,24.500000,24.500000,24.500000,0.000000,60,24.222081,24.238022,24.202469,0.006804,60,24.416527,24.433731,24.399734,0.007276,60,24.146772,24.159500,24.134079,0.006693,60,1001.065000,1001.100000,1001.000000,0.048099,60,1001.065000,1001.100000,1001.000000,0.048099,60,23.600000,23.600000,23.600000,0.000001,60,0.114417,0.177903,0.026983,0.035945,60,0.551739,0.669057,0.421384,0.058815,60,0.608241,0.725658,0.481116,0.058977,60,0.006642,0.007924,0.005254,0.000644,60,0.001209,0.001880,0.000285,0.000380,60,0.005898,0.007152,0.004505,0.000629,60,1.390210,1.469677,1.256738,0.043496,60,-178.827931,-178.715164,-178.957947,0.050682,60,-0.381225,-0.293348,-0.466503,0.042878,60,7.378990,7.478246,7.266603,0.047202,60,179.334449,179.449509,179.220123,0.049559,60,0.195026,0.318243,0.120168,0.045242,60,0.000000,5.800000,8.000000,4.000000,0.916885,60,2181.683333,2330.000000,1992.000000,68.616224,60,0.580000,0.800000,0.400000,0.091688,60,218.173282,6.797291,60,60,60,60,60,60,60,60,60,60,60,60,60,60,60,60,60,60,60,60,60,60,60,60,60,60,60,60,60,60,12.7594,12.81,12.71,27.34,29,26,26.00,6850026
2026-10-03 05:42:00,22.124539,22.178988,22.075228,0.024258,60,14.013606,14.085603,13.952849,0.026360,60,18.290328,18.347448,18.246738,0.023879,60,94.610000,94.700000,94.600000,0.030253,60,24.916821,24.957275,24.901199,0.012715,60,25.187232,25.202942,25.160217,0.011973,60,24.830303,24.853134,24.810410,0.011722,60,24.500000,24.500000,24.500000,0.000000,60,24.211242,24.227707,24.197922,0.006802,60,24.411698,24.423599,24.397934,0.006078,60,24.136468,24.158829,24.116043,0.008902,60,1001.100000,1001.100000,1001.100000,0.000053,60,1001.100000,1001.100000,1001.100000,0.000053,60,23.600000,23.600000,23.600000,0.000001,60,0.149426,0.204886,0.062655,0.031318,60,0.760576,0.927814,0.595321,0.072061,60,0.816817,0.960462,0.650193,0.079394,60,0.008920,0.010488,0.007100,0.000867,60,0.001579,0.002166,0.000662,0.000331,60,0.008131,0.009918,0.006364,0.000770,60,1.392733,1.534054,1.295872,0.056356,60,-178.828077,-178.687485,-178.931107,0.058056,60,-0.377207,-0.292704,-0.465611,0.042925,60,7.377731,7.525800,7.289773,0.048928,60,179.320274,179.435684,179.220123,0.051531,60,0.190824,0.317746,0.081122,0.043331,60,0.000000,5.833333,8.000000,5.000000,0.717025,60,2206.500000,2349.000000,2006.000000,100.990434,60,0.583333,0.800000,0.500000,0.071702,60,220.656410,10.013267,60,60,60,60,60,60,60,60,60,60,60,60,60,60,60,60,60,60,60,60,60,60,60,60,60,60,60,60,60,60,12.7618,12.81,12.71,27.27,29,25,26.00,6850060
2026-10-03 05:43:00,22.128786,22.180513,22.088961,0.020465,60,14.006510,14.082551,13.952849,0.024691,60,18.288115,18.379492,18.214695,0.030044,60,94.600000,94.600000,94.600000,0.000000,60,24.906762,24.941254,24.871826,0.015526,60,25.179933,25.216293,25.160217,0.013064,60,24.823583,24.853134,24.797058,0.011134,60,24.500000,24.500000,24.500000,0.000000,60,24.200278,24.219894,24.184464,0.007287,60,24.408787,24.425034,24.395096,0.006795,60,24.127092,24.148849,24.112045,0.007919,60,1001.100000,1001.100000,1001.100000,0.000053,60,1001.100000,1001.100000,1001.100000,0.000053,60,23.600000,23.600000,23.600000,0.000001,60,0.195129,0.272114,0.093296,0.037899,60,1.023102,1.164857,0.852494,0.082085,60,1.103657,1.249265,0.940323,0.087616,60,0.012052,0.013642,0.010268,0.000957,60,0.002063,0.002876,0.000986,0.000401,60,0.010937,0.012452,0.009113,0.000877,60,1.404107,1.509967,1.297087,0.049702,60,-178.838811,-178.713333,-179.000671,0.061154,60,-0.381616,-0.266171,-0.465611,0.044859,60,7.381914,7.499588,7.266603,0.049599,60,179.317199,179.489838,179.165131,0.067383,60,0.194114,0.320241,0.107354,0.041312,60,0.000000,2.700000,5.000000,2.000000,0.696237,60,2065.016667,2409.000000,1647.000000,181.136758,60,0.270000,0.500000,0.200000,0.069624,60,206.565074,17.946780,60,60,60,60,60,60,60,60,60,60,60,60,60,60,60,60,60,60,60,60,60,60,60,60,60,60,60,60,60,60,12.7588,12.82,12.71,27.30,29,26,26.00,6850093
2026-10-03 05:44:00,22.128735,22.194248,22.073702,0.027516,60,14.010503,14.067292,13.936065,0.029874,60,18.295058,18.376440,18.246738,0.026834,60,94.591667,94.600000,94.100000,0.064550,60,24.896704,24.927902,24.858475,0.014957,60,25.179354,25.202942,25.146866,0.012283,60,24.810855,24.839783,24.783707,0.012622,60,24.500000,24.500000,24.500000,0.000000,60,24.186037,24.202896,24.168167,0.006883,60,24.404171,24.423294,24.389786,0.006877,60,24.118386,24.134842,24.100296,0.008230,60,1001.100000,1001.100000,1001.100000,0.000053,60,1001.100000,1001.100000,1001.100000,0.000053,60,23.600000,23.600000,23.600000,0.000001,60,0.257967,0.304813,0.142231,0.035054,60,1.260002,1.360507,1.142917,0.058946,60,1.338498,1.427415,1.187521,0.055563,60,0.014616,0.015587,0.012968,0.000607,60,0.002727,0.003222,0.001503,0.000371,60,0.013469,0.014544,0.012218,0.000630,60,1.392554,1.565094,1.284844,0.056021,60,-178.836865,-178.646561,-178.995956,0.057729,60,-0.389060,-0.266676,-0.478886,0.046597,60,7.397221,7.491341,7.281719,0.045523,60,179.320035,179.448502,179.219406,0.048657,60,0.181503,0.317746,0.054774,0.050494,60,0.000000,2.900000,4.000000,1.000000,0.951359,60,2203.283333,2525.000000,1944.000000,142.572027,60,0.290000,0.400000,0.100000,0.095136,60,220.298418,14.120787,60,60,60,60,60,60,60,60,60,60,60,60,60,60,60,60,60,60,60,60,60,60,60,60,60,60,60,60,60,60,12.7598,12.82,12.72,27.28,29,26,26.00,6850127
2026-10-03 05:45:00,22.130872,22.192722,22.073702,0.025910,60,14.009486,14.067292,13.952849,0.027109,60,18.287047,18.329138,18.229954,0.023688,60,94.595000,94.600000,94.500000,0.021978,60,24.885000,24.914551,24.858475,0.013974,60,25.176016,25.202942,25.146866,0.011813,60,24.803378,24.839783,24.783707,0.012515,60,24.500000,24.500000,24.500000,0.000000,60,24.173912,24.192245,24.156174,0.007485,60,24.397977,24.417892,24.382919,0.007267,60,24.109398,24.128738,24.095810,0.007390,60,1001.100000,1001.100000,1001.100000,0.000053,60,1001.100000,1001.100000,1001.100000,0.000053,60,23.600000,23.600000,23.600000,0.000001,60,0.279214,0.323792,0.168756,0.035739,60,1.446462,1.563622,1.326127,0.062804,60,1.528175,1.642744,1.389572,0.062867,60,0.016688,0.017939,0.015174,0.000687,60,0.002951,0.003422,0.001784,0.000378,60,0.015463,0.016715,0.014176,0.000671,60,1.405479,1.538216,1.299115,0.055457,60,-178.826347,-178.687485,-179.012314,0.059431,60,-0.383318,-0.266272,-0.466503,0.043301,60,7.401437,7.527870,7.297845,0.050485,60,179.329062,179.448746,179.219040,0.052796,60,0.207215,0.318575,0.042303,0.049215,60,0.000000,4.033333,5.000000,2.000000,0.822701,60,1995.600000,2581.000000,1682.000000,239.314714,60,0.403333,0.500000,0.200000,0.082270,60,198.752059,23.633984,60,60,60,60,60,60,60,60,60,60,60,60,60,60,60,60,60,60,60,60,60,60,60,60,60,60,60,60,60,60,12.7573,12.81,12.71,27.31,29,25,26.00,6850161
2026-10-03 05:46:00,22.125709,22.175936,22.073702,0.024384,60,14.008418,14.067292,13.936065,0.028250,60,18.292362,18.361181,18.229954,0.026869,60,94.620000,94.700000,94.600000,0.040338,60,24.873918,24.901199,24.845123,0.012679,60,25.170053,25.202942,25.146866,0.011356,60,24.792385,24.810410,24.770355,0.010083,60,24.500000,24.500000,24.500000,0.000000,60,24.162191,24.188644,24.146500,0.007840,60,24.395225,24.409653,24.381821,0.006127,60,24.100906,24.116409,24.085190,0.007501,60,1001.100000,1001.100000,1001.100000,0.000053,60,1001.100000,1001.100000,1001.100000,0.000053,60,23.600000,23.600000,23.600000,0.000001,60,0.330180,0.383017,0.229124,0.033676,60,1.685529,1.876437,1.506623,0.097968,60,1.775745,1.941727,1.598483,0.095269,60,0.019391,0.021204,0.017455,0.001040,60,0.003490,0.004048,0.002422,0.000356,60,0.018018,0.020059,0.016106,0.001047,60,1.395392,1.466112,1.297898,0.037894,60,-178.816247,-178.685623,-178.957947,0.059593,60,-0.381593,-0.266272,-0.465908,0.043178,60,7.387857,7.478246,7.289773,0.045846,60,179.331664,179.449142,179.219040,0.056364,60,0.201119,0.319407,0.040800,0.045489,60,0.000000,4.333333,6.000000,3.000000,0.816497,60,1829.333333,2021.000000,1575.000000,105.232216,60,0.433333,0.600000,0.300000,0.081650,60,182.947524,10.421416,60,60,60,60,60,60,60,60,60,60,60,60,60,60,60,60,60,60,60,60,60,60,60,60,60,60,60,60,60,60,12.7574,12.83,12.70,27.23,29,26,26.00,6850195
2026-10-03 05:47:00,22.129524,22.175936,22.055389,0.023399,60,14.011063,14.067292,13.952849,0.028645,60,18.285216,18.358130,18.228428,0.027627,60,94.703333,94.800000,94.700000,0.018102,60,24.863593,24.901199,24.829102,0.013934,60,25.163511,25.186920,25.130844,0.011813,60,24.787267,24.810410,24.770355,0.010677,60,24.500000,24.500000,24.500000,0.000000,60,24.153212,24.169327,24.137466,0.006960,60,24.389078,24.405411,24.374161,0.006428,60,24.093581,24.107529,24.074844,0.006689,60,1001.100000,1001.100000,1001.100000,0.000053,60,1001.100000,1001.100000,1001.100000,0.000053,60,23.606667,23.800000,23.600000,0.036204,60,0.393421,0.485003,0.292008,0.039293,60,2.058950,2.288095,1.833462,0.124837,60,2.167465,2.382123,1.949251,0.124613,60,0.023669,0.026013,0.021286,0.001361,60,0.004158,0.005126,0.003087,0.000415,60,0.022010,0.024460,0.019600,0.001335,60,1.397329,1.565094,1.283638,0.050679,60,-178.833455,-178.688095,-179.080872,0.068677,60,-0.371100,-0.266171,-0.465908,0.043636,60,7.396622,7.554723,7.299870,0.051868,60,179.324645,179.448502,179.165726,0.055034,60,0.195534,0.332263,0.081341,0.045602,60,0.000000,3.150000,5.000000,2.000000,0.684576,60,1683.633333,2103.000000,1508.000000,135.266337,60,0.315000,0.500000,0.200000,0.068458,60,168.236507,13.365663,60,60,60,60,60,60,60,60,60,60,60,60,60,60,60,60,60,60,60,60,60,60,60,60,60,60,60,60,60,60,12.7597,12.82,12.71,27.31,29,26,26.00,6850229
2026-10-03 05:48:00,22.134635,22.203403,22.055389,0.029565,60,14.009333,14.050508,13.968108,0.023987,60,18.290709,18.361181,18.246738,0.025519,60,94.801667,94.900000,94.800000,0.012910,60,24.852378,24.901199,24.829102,0.014692,60,25.157235,25.186920,25.130844,0.012003,60,24.778900,24.797058,24.754333,0.010392,60,24.500000,24.500000,24.500000,0.000000,60,24.144054,24.165176,24.128738,0.007221,60,24.384408,24.400406,24.365219,0.007849,60,24.083842,24.099960,24.069687,0.006092,60,1001.100000,1001.100000,1001.100000,0.000053,60,1001.100000,1001.100000,1001.100000,0.000053,60,23.800000,23.800000,23.800000,0.000001,60,0.494931,0.580814,0.392392,0.042197,60,2.528621,2.797917,2.257786,0.151055,60,2.640511,2.902853,2.336756,0.149738,60,0.028834,0.031699,0.025517,0.001635,60,0.005231,0.006139,0.004148,0.000446,60,0.027031,0.029910,0.024136,0.001615,60,1.394470,1.509967,1.295064,0.046869,60,-178.823791,-178.671432,-178.932358,0.051981,60,-0.384758,-0.266171,-0.466057,0.043334,60,7.387294,7.488544,7.216166,0.051649,60,179.320158,179.449142,179.192093,0.054838,60,0.186892,0.292537,0.081891,0.049869,60,0.000000,1.550000,4.000000,0.000000,0.928367,60,1941.200000,3512.000000,184.000000,926.241243,60,0.155000,0.400000,0.000000,0.092837,60,224.559265,80.975225,60,60,60,60,60,60,60,60,60,60,60,60,60,60,60,60,60,60,60,60,60,60,60,60,60,60,60,60,60,60,12.7609,12.82,12.71,27.35,29,26,26.00,6850262
2026-10-03 05:49:00,22.128049,22.175936,22.055389,0.025761,60,14.003179,14.050508,13.936065,0.027667,60,18.288955,18.342871,18.214695,0.027355,60,94.813333,94.900000,94.800000,0.034280,60,24.841518,24.871826,24.802399,0.014256,60,25.153141,25.173569,25.117493,0.010702,60,24.769020,24.797058,24.727623,0.014523,60,24.500000,24.500000,24.500000,0.000000,60,24.129863,24.149551,24.117447,0.007494,60,24.378536,24.396652,24.363297,0.006962,60,24.073493,24.093277,24.057388,0.007518,60,1001.100000,1001.100000,1001.100000,0.000053,60,1001.100000,1001.100000,1001.100000,0.000053,60,23.800000,23.800000,23.800000,0.000001,60,0.575524,0.626776,0.475856,0.035048,60,2.984796,3.172707,2.768513,0.112757,60,3.109411,3.273538,2.904845,0.110887,60,0.033955,0.035747,0.031721,0.001211,60,0.006083,0.006625,0.005030,0.000370,60,0.031907,0.033916,0.029595,0.001205,60,1.402694,1.511337,1.294659,0.049514,60,-178.832809,-178.673004,-178.972916,0.062484,60,-0.382814,-0.265667,-0.478129,0.044881,60,7.399220,7.495462,7.321039,0.038476,60,179.316561,179.434402,179.218506,0.051895,60,0.182114,0.292537,0.080465,0.050760,60,0.000000,3.383333,5.000000,0.000000,1.473974,60,1750.516667,3462.000000,32.000000,668.224450,60,0.338333,0.500000,0.000000,0.147397,60,166.983771,54.601264,60,60,60,60,60,60,60,60,60,60,60,60,60,60,60,60,60,60,60,60,60,60,60,60,60,60,60,60,60,60,12.7586,12.83,12.70,27.32,29,25,26.00,6850296
2026-10-03 05:50:00,22.129447,22.189671,22.055389,0.027892,60,14.006841,14.067292,13.968108,0.022834,60,18.284580,18.374914,18.211643,0.028514,60,94.900000,94.900000,94.900000,0.000004,60,24.831015,24.858475,24.786377,0.012746,60,25.148201,25.186920,25.130844,0.013351,60,24.760564,24.783707,24.714272,0.012648,60,24.500000,24.500000,24.500000,0.000000,60,24.119899,24.141037,24.107712,0.007307,60,24.374454,24.392044,24.362076,0.006778,60,24.066104,24.078262,24.050369,0.006266,60,1001.100000,1001.100000,1001.100000,0.000053,60,1001.100000,1001.100000,1001.100000,0.000053,60,23.800000,23.800000,23.800000,0.000001,60,0.600799,0.654445,0.510613,0.033269,60,3.378947,3.593413,3.163434,0.119932,60,3.507317,3.714598,3.263801,0.123816,60,0.038300,0.040563,0.035641,0.001352,60,0.006350,0.006917,0.005397,0.000352,60,0.036121,0.038414,0.033817,0.001282,60,1.397803,1.496537,1.295872,0.047872,60,-178.837762,-178.714249,-179.010468,0.057314,60,-0.378306,-0.265969,-0.505911,0.047658,60,7.384339,7.518219,7.295824,0.049357,60,179.338878,179.489151,179.166306,0.063693,60,0.202239,0.293018,0.108399,0.042153,60,0.000000,3.000000,6.000000,1.000000,1.235080,60,1797.550000,2278.000000,1205.000000,307.154873,60,0.300000,0.600000,0.100000,0.123508,60,179.957228,30.777855,60,60,60,60,60,60,60,60,60,60,60,60,60,60,60,60,60,60,60,60,60,60,60,60,60,60,60,60,60,60,12.7567,12.82,12.71,27.28,29,26,26.00,6850330
2026-10-03 05:51:00,22.139162,22.230869,22.082857,0.026424,60,14.006358,14.050508,13.936065,0.029330,60,18.289921,18.342871,18.228428,0.026874,60,94.826667,94.900000,94.800000,0.044595,60,24.818687,24.845123,24.786377,0.012808,60,25.144374,25.173569,25.117493,0.011550,60,24.752372,24.783707,24.727623,0.012507,60,24.500000,24.500000,24.500000,0.000000,60,24.110801,24.126205,24.097092,0.006834,60,24.369479,24.384415,24.347916,0.006159,60,24.058037,24.076096,24.032242,0.007735,60,1001.100000,1001.100000,1001.100000,0.000053,60,1001.100000,1001.100000,1001.100000,0.000053,60,23.800000,23.800000,23.800000,0.000001,60,0.646163,0.715727,0.524562,0.037122,60,3.792630,3.996250,3.561973,0.127593,60,3.940314,4.167830,3.726991,0.130212,60,0.043028,0.045513,0.040699,0.001422,60,0.006830,0.007565,0.005545,0.000392,60,0.040543,0.042720,0.038077,0.001364,60,1.390728,1.513624,1.284844,0.039514,60,-178.833560,-178.645599,-178.957443,0.063048,60,-0.386201,-0.293026,-0.477676,0.045249,60,7.398311,7.486482,7.291789,0.038365,60,179.318398,179.435944,179.165726,0.065769,60,0.187240,0.319074,0.041600,0.045178,60,0.000000,3.400000,6.000000,1.000000,1.107754,60,1442.850000,2160.000000,1123.000000,297.481395,60,0.340000,0.600000,0.100000,0.110775,60,142.600162,29.331499,60,60,60,60,60,60,60,60,60,60,60,60,60,60,60,60,60,60,60,60,60,60,60,60,60,60,60,60,60,60,12.7575,12.81,12.71,27.28,29,26,26.00,6850364
2026-10-03 05:52:00,22.125404,22.171358,22.070650,0.023122,60,14.007833,14.067292,13.936065,0.024795,60,18.281478,18.342871,18.211643,0.030747,60,94.818333,94.900000,94.800000,0.039020,60,24.811967,24.829102,24.786377,0.012460,60,25.138899,25.173569,25.104141,0.015988,60,24.742000,24.770355,24.714272,0.011019,60,24.500000,24.500000,24.500000,0.000000,60,24.103518,24.118484,24.086014,0.006128,60,24.369436,24.390152,24.353989,0.007688,60,24.053493,24.073288,24.034073,0.007448,60,1001.100000,1001.100000,1001.100000,0.000053,60,1001.100000,1001.100000,1001.100000,0.000053,60,23.800000,23.800000,23.800000,0.000001,60,0.712198,0.774495,0.600937,0.037450,60,4.229783,4.466942,4.014570,0.134913,60,4.389013,4.617300,4.133085,0.133606,60,0.047928,0.050421,0.045133,0.001459,60,0.007528,0.008186,0.006352,0.000396,60,0.045216,0.047752,0.042916,0.001442,60,1.389180,1.497444,1.283638,0.051686,60,-178.828809,-178.739243,-178.998550,0.056904,60,-0.380776,-0.292811,-0.478432,0.047529,60,7.391478,7.492670,7.305916,0.048040,60,179.325778,179.449509,179.219040,0.050361,60,0.178555,0.265859,0.055188,0.049763,60,0.000000,2.283333,4.000000,0.000000,0.865373,60,1432.750000,2162.000000,806.000000,370.189078,60,0.228333,0.400000,0.000000,0.086537,60,143.923027,37.457516,60,60,60,60,60,60,60,60,60,60,60,60,60,60,60,60,60,60,60,60,60,60,60,60,60,60,60,60,60,60,12.7568,12.82,12.71,27.34,29,26,26.00,6850398
2026-10-03 05:53:00,22.126904,22.160677,22.069124,0.021487,60,14.006663,14.064240,13.966582,0.022103,60,18.286081,18.326086,18.210117,0.024616,60,94.801667,94.900000,94.800000,0.012910,60,24.805692,24.845123,24.786377,0.013449,60,25.137520,25.173569,25.088120,0.014981,60,24.735724,24.770355,24.714272,0.012094,60,24.500000,24.500000,24.500000,0.000000,60,24.097749,24.112442,24.084824,0.006429,60,24.366717,24.385971,24.352890,0.006779,60,24.049005,24.066940,24.032059,0.006449,60,1001.100000,1001.100000,1001.100000,0.000053,60,1001.100000,1001.100000,1001.100000,0.000053,60,23.800000,23.800000,23.800000,0.000001,60,0.770912,0.883112,0.645984,0.043758,60,4.743658,5.096190,4.462419,0.184993,60,4.897457,5.239166,4.633013,0.184319,60,0.053480,0.057212,0.050592,0.002013,60,0.008149,0.009334,0.006828,0.000463,60,0.050710,0.054478,0.047703,0.001978,60,1.404940,1.509511,1.297087,0.048044,60,-178.824693,-178.716064,-178.905838,0.051224,60,-0.388266,-0.292169,-0.465314,0.038634,60,7.390983,7.478243,7.314981,0.038850,60,179.322629,179.490631,179.219040,0.054263,60,0.194552,0.293018,0.107934,0.045106,60,0.000000,1.283333,3.000000,0.000000,1.059128,60,1840.000000,2632.000000,659.000000,486.086029,60,0.128333,0.300000,0.000000,0.105913,60,187.974558,48.132302,60,60,60,60,60,60,60,60,60,60,60,60,60,60,60,60,60,60,60,60,60,60,60,60,60,60,60,60,60,60,12.7595,12.82,12.71,27.32,29,26,26.00,6850431
2026-10-03 05:54:00,22.129066,22.171358,22.069124,0.024379,60,14.006180,14.096285,13.936065,0.028650,60,18.283970,18.339819,18.211643,0.023298,60,94.721667,94.800000,94.700000,0.041545,60,24.795634,24.815750,24.759674,0.013269,60,25.133247,25.173569,25.088120,0.014861,60,24.727935,24.754333,24.698250,0.012351,60,24.500000,24.500000,24.500000,0.000000,60,24.090797,24.109787,24.072617,0.007476,60,24.365944,24.376816,24.354660,0.004935,60,24.042713,24.057144,24.018967,0.008025,60,1001.100000,1001.100000,1001.100000,0.000053,60,1001.100000,1001.100000,1001.100000,0.000053,60,23.643333,23.800000,23.600000,0.083090,60,0.905750,1.013680,0.733563,0.060500,60,5.462781,5.863638,5.109084,0.222410,60,5.650719,6.029666,5.276124,0.222883,60,0.061706,0.065844,0.057615,0.002434,60,0.009574,0.010715,0.007754,0.000639,60,0.058397,0.062682,0.054616,0.002378,60,1.405557,1.511337,1.297087,0.050055,60,-178.838747,-178.686539,-178.932114,0.062805,60,-0.384019,-0.293241,-0.465166,0.037681,60,7.407921,7.491341,7.305916,0.039396,60,179.315811,179.449890,179.166107,0.056957,60,0.186395,0.293018,0.080794,0.048134,60,0.000000,1.400000,2.000000,0.000000,0.527225,60,1090.600000,1422.000000,687.000000,188.828610,60,0.140000,0.200000,0.000000,0.052722,60,109.231698,18.726500,60,60,60,60,60,60,60,60,60,60,60,60,60,60,60,60,60,60,60,60,60,60,60,60,60,60,60,60,60,60,12.7539,12.83,12.71,27.23,29,26,26.00,6850465
2026-10-03 05:55:00,22.122784,22.171358,22.066072,0.023817,60,14.004247,14.050508,13.949798,0.025332,60,18.285242,18.339819,18.225376,0.020640,60,94.676667,94.700000,94.600000,0.042652,60,24.788024,24.829102,24.759674,0.013705,60,25.134271,25.160217,25.104141,0.012765,60,24.725487,24.754333,24.698250,0.012533,60,24.500000,24.500000,24.500000,0.000000,60,24.084029,24.103806,24.067490,0.008439,60,24.363834,24.378098,24.350845,0.006556,60,24.037169,24.050766,24.015518,0.007786,60,1001.100000,1001.100000,1001.100000,0.000053,60,1001.100000,1001.100000,1001.100000,0.000053,60,23.600000,23.600000,23.600000,0.000001,60,1.048773,1.167573,0.904378,0.053636,60,6.267535,6.674741,5.872008,0.231346,60,6.477288,6.866419,6.104909,0.237942,60,0.070732,0.074981,0.066666,0.002598,60,0.011086,0.012341,0.009559,0.000567,60,0.067000,0.071353,0.062772,0.002473,60,1.404151,1.540536,1.297898,0.051329,60,-178.829349,-178.713638,-178.958664,0.057806,60,-0.381372,-0.319806,-0.465314,0.038597,60,7.402733,7.521662,7.301885,0.048280,60,179.336251,179.449753,179.232162,0.055772,60,0.198700,0.265552,0.107007,0.045044,60,0.000000,1.133333,2.000000,0.000000,0.700282,60,747.283333,1251.000000,94.000000,257.982005,60,0.113333,0.200000,0.000000,0.070028,60,75.535658,25.381930,60,60,60,60,60,60,60,60,60,60,60,60,60,60,60,60,60,60,60,60,60,60,60,60,60,60,60,60,60,60,12.7523,12.82,12.70,27.28,29,26,26.00,6850499
2026-10-03 05:56:00,22.122937,22.185091,22.069124,0.023635,60,14.000687,14.064240,13.949798,0.025117,60,18.281402,18.339819,18.193333,0.028642,60,94.658333,94.700000,94.600000,0.049717,60,24.778411,24.802399,24.759674,0.012325,60,25.128129,25.160217,25.104141,0.013315,60,24.717743,24.740974,24.684898,0.013195,60,24.500000,24.500000,24.500000,0.000000,60,24.070714,24.086472,24.056564,0.006966,60,24.361707,24.377029,24.345230,0.007025,60,24.029896,24.046371,24.016464,0.005771,60,1001.100000,1001.100000,1001.100000,0.000053,60,1001.100000,1001.100000,1001.100000,0.000053,60,23.600000,23.600000,23.600000,0.000001,60,1.215125,1.326497,1.075649,0.064661,60,7.108320,7.569984,6.682883,0.265972,60,7.340778,7.820906,6.921303,0.276193,60,0.080161,0.085404,0.075581,0.003016,60,0.012844,0.014021,0.011370,0.000683,60,0.075988,0.080923,0.071440,0.002843,60,1.409967,1.538216,1.283638,0.049445,60,-178.825778,-178.740433,-178.969040,0.056955,60,-0.377405,-0.292490,-0.504963,0.044319,60,7.388568,7.499590,7.301885,0.047745,60,179.341113,179.489258,179.232513,0.062486,60,0.195623,0.292697,0.015440,0.054877,60,0.000000,1.250000,2.000000,0.000000,0.600141,60,2482.766667,3592.000000,17.000000,1217.433496,60,0.125000,0.200000,0.000000,0.060014,60,319.404544,39.163778,60,60,60,60,60,60,60,60,60,60,60,60,60,60,60,60,60,60,60,60,60,60,60,60,60,60,60,60,60,60,12.7521,12.81,12.70,27.38,29,25,26.00,6850533
2026-10-03 05:57:00,22.123013,22.185091,22.052338,0.026525,60,14.004451,14.081025,13.936065,0.031357,60,18.278960,18.324560,18.210117,0.027406,60,94.645000,94.700000,94.600000,0.050169,60,24.769331,24.802399,24.746315,0.013019,60,25.125459,25.160217,25.104141,0.012891,60,24.708708,24.740974,24.671547,0.013574,60,24.500000,24.500000,24.500000,0.000000,60,24.064513,24.079391,24.052078,0.007785,60,24.355582,24.374008,24.339005,0.007480,60,24.022727,24.036911,24.008530,0.006843,60,1001.100000,1001.100000,1001.100000,0.000053,60,1001.100000,1001.100000,1001.100000,0.000053,60,23.600000,23.600000,23.600000,0.000001,60,1.401423,1.553792,1.236173,0.066751,60,8.117127,8.618129,7.621328,0.307639,60,8.389876,8.891356,7.889288,0.313056,60,0.091617,0.097094,0.086151,0.003419,60,0.014813,0.016424,0.013066,0.000706,60,0.086772,0.092128,0.081472,0.003289,60,1.407604,1.502695,1.285650,0.048000,60,-178.828716,-178.712723,-178.930847,0.056519,60,-0.394028,-0.292811,-0.479797,0.043364,60,7.398567,7.489280,7.311971,0.045120,60,179.314543,179.435425,179.165726,0.059347,60,0.188411,0.265859,0.055188,0.041738,60,0.000000,3.516667,6.000000,2.000000,1.534813,60,2795.483333,3353.000000,2264.000000,291.260876,60,0.351667,0.600000,0.200000,0.153481,60,279.611977,28.946226,60,60,60,60,60,60,60,60,60,60,60,60,60,60,60,60,60,60,60,60,60,60,60,60,60,60,60,60,60,60,12.7486,12.79,12.71,27.31,29,26,26.00,6850566
2026-10-03 05:58:00,22.125861,22.169832,22.079805,0.020855,60,14.006587,14.048982,13.934539,0.024563,60,18.282215,18.371862,18.225376,0.024562,60,94.605000,94.700000,94.600000,0.021978,60,24.761898,24.786377,24.746315,0.010479,60,25.121899,25.160217,25.088120,0.013227,60,24.703501,24.727623,24.684898,0.011135,60,24.500000,24.500000,24.500000,0.000000,60,24.064470,24.077103,24.047623,0.006526,60,24.359818,24.375656,24.338516,0.007855,60,24.021715,24.037521,24.007401,0.005929,60,1001.111667,1001.200000,1001.100000,0.032373,60,1001.111667,1001.200000,1001.100000,0.032373,60,23.600000,23.600000,23.600000,0.000001,60,1.609880,1.771483,1.447462,0.072859,60,9.249477,9.865091,8.639616,0.359021,60,9.524804,10.133097,8.900208,0.370349,60,0.104011,0.110653,0.097190,0.004044,60,0.017016,0.018725,0.015300,0.000770,60,0.098877,0.105458,0.092357,0.003838,60,1.407837,1.540536,1.285650,0.058344,60,-178.843148,-178.633347,-179.039398,0.071575,60,-0.377887,-0.253197,-0.479645,0.044155,60,7.395156,7.482362,7.301885,0.044420,60,179.321133,179.435425,179.151657,0.054232,60,0.186241,0.331416,0.080684,0.048594,60,0.000000,6.150000,8.000000,4.000000,0.898681,60,2542.750000,2774.000000,2367.000000,90.780350,60,0.615000,0.800000,0.400000,0.089868,60,254.267653,8.989354,60,60,60,60,60,60,60,60,60,60,60,60,60,60,60,60,60,60,60,60,60,60,60,60,60,60,60,60,60,60,12.7538,12.81,12.71,27.37,29,26,26.00,6850600
2026-10-03 05:59:00,22.123878,22.185091,22.066072,0.029117,60,14.009918,14.081025,13.934539,0.031235,60,18.283767,18.324560,18.225376,0.025569,60,94.616667,94.700000,94.600000,0.037582,60,24.762031,24.786377,24.730293,0.011375,60,25.122344,25.146866,25.088120,0.012787,60,24.705282,24.727623,24.684898,0.012002,60,24.500000,24.500000,24.500000,0.000000,60,24.072865,24.088303,24.047256,0.007351,60,24.365630,24.381363,24.343552,0.007675,60,24.030191,24.044418,24.012985,0.007480,60,1001.116667,1001.200000,1001.100000,0.037582,60,1001.116667,1001.200000,1001.100000,0.037582,60,23.600000,23.600000,23.600000,0.000001,60,1.893698,2.067149,1.703340,0.092673,60,10.458983,11.016829,9.902185,0.335790,60,10.784706,11.323052,10.203472,0.344374,60,0.117769,0.123648,0.111422,0.003761,60,0.020016,0.021850,0.018004,0.000980,60,0.111807,0.117770,0.105854,0.003590,60,1.414585,1.510880,1.321929,0.048233,60,-178.843629,-178.715164,-178.970749,0.050927,60,-0.391637,-0.293241,-0.478129,0.047008,60,7.397504,7.492670,7.262588,0.057039,60,179.335738,179.515839,179.219955,0.065470,60,0.196157,0.319574,0.054671,0.052726,60,0.000000,5.866667,9.000000,4.000000,1.268479,60,2538.266667,2717.000000,2285.000000,117.874950,60,0.586667,0.900000,0.400000,0.126848,60,253.857058,11.683530,60,60,60,60,60,60,60,60,60,60,60,60,60,60,60,60,60,60,60,60,60,60,60,60,60,60,60,60,60,60,12.7549,12.82,12.71,27.24,29,26,26.00,6850634
2026-10-03 06:00:00,22.119783,22.188145,22.066072,0.029792,60,14.002467,14.048982,13.949798,0.027898,60,18.284682,18.339819,18.225376,0.026399,60,94.705000,94.800000,94.700000,0.021978,60,24.766794,24.786377,24.746315,0.011122,60,25.125014,25.160217,25.104141,0.012881,60,24.709643,24.727623,24.684898,0.010959,60,24.500000,24.500000,24.500000,0.000000,60,24.084978,24.098221,24.068741,0.007327,60,24.373013,24.385574,24.358475,0.006740,60,24.039939,24.055618,24.025436,0.007870,60,1001.133333,1001.200000,1001.100000,0.047538,60,1001.133333,1001.200000,1001.100000,0.047538,60,23.610000,23.800000,23.600000,0.043957,60,2.181597,2.325771,2.001979,0.089707,60,11.576386,12.078317,11.036507,0.292530,60,11.940079,12.452814,11.375501,0.297339,60,0.130386,0.135985,0.124220,0.003247,60,0.023059,0.024583,0.021161,0.000948,60,0.123752,0.129117,0.117980,0.003127,60,1.391965,1.514541,1.257529,0.049635,60,-178.825269,-178.687180,-178.930359,0.052226,60,-0.382511,-0.291528,-0.478129,0.048758,60,7.397124,7.517526,7.285795,0.048691,60,179.324825,179.476028,179.191513,0.057642,60,0.207936,0.318575,0.107702,0.051766,60,0.000000,10.800000,15.000000,5.000000,2.320140,60,2483.650000,2667.000000,2286.000000,74.986739,60,1.080000,1.500000,0.500000,0.232014,60,248.373542,7.424596,60,60,60,60,60,60,60,60,60,60,60,60,60,60,60,60,60,60,60,60,60,60,60,60,60,60,60,60,60,60,12.7574,12.82,12.70,27.39,29,25,26.00,6850668
2026-10-03 06:01:00,22.125048,22.185091,22.066072,0.027707,60,14.003204,14.081025,13.949798,0.027267,60,18.275807,18.339819,18.225376,0.028346,60,94.718333,94.800000,94.300000,0.070089,60,24.775874,24.802399,24.759674,0.010803,60,25.134850,25.160217,25.104141,0.014397,60,24.718455,24.740974,24.684898,0.013048,60,24.501667,24.600000,24.500000,0.012910,60,24.105034,24.120743,24.085556,0.008275,60,24.381378,24.401810,24.360977,0.007812,60,24.058496,24.083267,24.038162,0.008077,60,1001.175000,1001.200000,1001.100000,0.043667,60,1001.175000,1001.200000,1001.100000,0.043667,60,23.650000,23.800000,23.600000,0.087333,60,2.461226,2.654594,2.221728,0.111220,60,12.668274,13.236841,12.072437,0.347824,60,13.038388,13.634579,12.442633,0.347778,60,0.142379,0.148890,0.135874,0.003798,60,0.026015,0.028059,0.023484,0.001176,60,0.135424,0.141502,0.129054,0.003718,60,1.410508,1.510880,1.284442,0.050321,60,-178.845976,-178.688095,-179.013245,0.064349,60,-0.380212,-0.266676,-0.465314,0.044185,60,7.388416,7.532016,7.268610,0.049325,60,179.307623,179.449142,179.167084,0.056910,60,0.204800,0.331247,0.107123,0.051828,60,0.000000,10.266667,13.000000,7.000000,1.549923,60,2257.366667,2365.000000,2115.000000,63.274748,60,1.026667,1.300000,0.700000,0.154992,60,225.742912,6.270897,60,60,60,60,60,60,60,60,60,60,60,60,60,60,60,60,60,60,60,60,60,60,60,60,60,60,60,60,60,60,12.7576,12.81,12.71,27.25,29,26,26.00,6850702
2026-10-03 06:02:00,22.118944,22.171358,22.069124,0.023899,60,14.000102,14.050508,13.936065,0.027759,60,18.283258,18.358130,18.225376,0.027814,60,94.618333,94.800000,94.200000,0.225863,60,24.790071,24.815750,24.759674,0.013590,60,25.139656,25.160217,25.104141,0.014012,60,24.730027,24.754333,24.698250,0.012031,60,24.523333,24.600000,24.500000,0.042652,60,24.125054,24.143173,24.104263,0.008468,60,24.391675,24.410202,24.379623,0.006731,60,24.071969,24.084457,24.052444,0.008571,60,1001.163333,1001.200000,1001.100000,0.048596,60,1001.163333,1001.200000,1001.100000,0.048596,60,23.660000,23.800000,23.600000,0.092425,60,2.760101,2.927851,2.557182,0.089254,60,13.780460,14.330223,13.254031,0.319423,60,14.219845,14.763896,13.671981,0.339631,60,0.155281,0.161222,0.149298,0.003709,60,0.029174,0.030947,0.027029,0.000943,60,0.147313,0.153190,0.141686,0.003415,60,1.398653,1.541465,1.286053,0.051131,60,-178.835019,-178.714554,-178.957947,0.056108,60,-0.373232,-0.266676,-0.464870,0.040286,60,7.389873,7.492669,7.273679,0.044756,60,179.322931,179.434647,179.192459,0.046715,60,0.188639,0.331416,0.054981,0.050739,60,0.000000,8.300000,11.000000,6.000000,1.211527,60,2294.750000,2423.000000,2093.000000,74.095363,60,0.830000,1.100000,0.600000,0.121153,60,229.493833,7.337098,60,60,60,60,60,60,60,60,60,60,60,60,60,60,60,60,60,60,60,60,60,60,60,60,60,60,60,60,60,60,12.7585,12.82,12.72,27.21,29,26,26.00,6850735
2026-10-03 06:03:00,22.117749,22.188145,22.069124,0.026149,60,14.000941,14.067292,13.920806,0.031518,60,18.280308,18.342871,18.225376,0.028705,60,94.258333,94.700000,94.200000,0.112433,60,24.802087,24.829102,24.773026,0.013976,60,25.150337,25.186920,25.117493,0.016234,60,24.739241,24.770355,24.714272,0.012024,60,24.596667,24.600000,24.500000,0.018102,60,24.140418,24.161423,24.122330,0.008773,60,24.402405,24.414352,24.388992,0.006183,60,24.087202,24.102859,24.072311,0.007597,60,1001.198333,1001.200000,1001.100000,0.012910,60,1001.198333,1001.200000,1001.100000,0.012910,60,23.600000,23.600000,23.600000,0.000001,60,3.074808,3.230606,2.841872,0.090624,60,14.852460,15.388094,14.331128,0.302045,60,15.336047,15.847183,14.831174,0.317818,60,0.167470,0.173051,0.161956,0.003471,60,0.032501,0.034148,0.030039,0.000958,60,0.158773,0.164499,0.153200,0.003229,60,1.407878,1.498805,1.256738,0.048420,60,-178.823311,-178.675201,-178.970993,0.065215,60,-0.380639,-0.266474,-0.467099,0.042182,60,7.392681,7.485163,7.312963,0.044626,60,179.340108,179.435944,179.192093,0.052058,60,0.186984,0.293018,0.042002,0.048215,60,0.000000,7.683333,9.000000,6.000000,0.676273,60,2335.900000,2474.000000,2177.000000,57.456454,60,0.768333,0.900000,0.600000,0.067627,60,233.588037,5.692579,60,60,60,60,60,60,60,60,60,60,60,60,60,60,60,60,60,60,60,60,60,60,60,60,60,60,60,60,60,60,12.7615,12.83,12.72,27.26,29,25,26.00,6850769
2026-10-03 06:04:00,22.118080,22.201878,22.070650,0.025473,60,14.000153,14.067292,13.936065,0.025172,60,18.278095,18.326086,18.228428,0.023354,60,94.275000,95.200000,94.200000,0.218333,60,24.816729,24.845123,24.786377,0.012895,60,25.156790,25.202942,25.130844,0.012868,60,24.751616,24.770355,24.714272,0.013318,60,24.600000,24.600000,24.600000,0.000001,60,24.153178,24.179672,24.133316,0.009108,60,24.411163,24.427780,24.391495,0.006522,60,24.099022,24.118027,24.078079,0.008584,60,1001.196667,1001.200000,1001.100000,0.018102,60,1001.196667,1001.200000,1001.100000,0.018102,60,23.610000,23.800000,23.600000,0.043957,60,3.361419,3.539764,3.143713,0.091178,60,15.884210,16.388062,15.401213,0.297384,60,16.420203,16.936224,15.887904,0.312313,60,0.179309,0.184944,0.173496,0.003410,60,0.035530,0.037415,0.033229,0.000964,60,0.169802,0.175188,0.164639,0.003179,60,1.409975,1.513624,1.255553,0.051379,60,-178.829297,-178.673950,-178.957199,0.054679,60,-0.381029,-0.266979,-0.479645,0.044930,60,7.394590,7.498867,7.285745,0.044787,60,179.317838,179.435425,179.190964,0.055580,60,0.194382,0.371291,0.042002,0.054733,60,0.000000,7.133333,9.000000,6.000000,0.623459,60,2350.383333,2482.000000,2264.000000,48.093162,60,0.713333,0.900000,0.600000,0.062346,60,235.033225,4.765672,60,60,60,60,60,60,60,60,60,60,60,60,60,60,60,60,60,60,60,60,60,60,60,60,60,60,60,60,60,60,12.7611,12.82,12.70,27.27,29,25,26.00,6850803
2026-10-03 06:05:00,22.116655,22.189671,22.055389,0.027015,60,14.006485,14.082551,13.936065,0.033418,60,18.278985,18.361181,18.211643,0.025379,60,94.673333,95.200000,94.100000,0.494329,60,24.829769,24.871826,24.802399,0.013911,60,25.164935,25.202942,25.146866,0.011628,60,24.766216,24.797058,24.727623,0.014664,60,24.600000,24.600000,24.600000,0.000001,60,24.168162,24.186172,24.149399,0.008251,60,24.421113,24.434677,24.407272,0.006716,60,24.113674,24.130753,24.100296,0.008263,60,1001.200000,1001.200000,1001.200000,0.000038,60,1001.200000,1001.200000,1001.200000,0.000038,60,23.703333,23.800000,23.600000,0.100788,60,3.650111,3.801588,3.491972,0.080840,60,16.865780,17.374456,16.390549,0.282116,60,17.460914,17.954445,16.961229,0.300403,60,0.190673,0.196063,0.185217,0.003280,60,0.038582,0.040183,0.036910,0.000854,60,0.180295,0.185733,0.175215,0.003016,60,1.402085,1.500168,1.257529,0.054538,60,-178.842209,-178.742218,-178.958191,0.049169,60,-0.365778,-0.292704,-0.465908,0.044779,60,7.404576,7.511331,7.289774,0.046764,60,179.320569,179.476028,179.192459,0.061446,60,0.201235,0.319074,0.107470,0.045671,60,0.000000,10.800000,13.000000,8.000000,1.190357,60,2376.516667,2504.000000,2254.000000,64.750497,60,1.080000,1.300000,0.800000,0.119036,60,237.652079,6.418364,60,60,60,60,60,60,60,60,60,60,60,60,60,60,60,60,60,60,60,60,60,60,60,60,60,60,60,60,60,60,12.7647,12.82,12.72,27.23,29,26,26.00,6850839
2026-10-03 06:06:00,22.114163,22.174410,22.055389,0.024256,60,13.999720,14.067292,13.952849,0.025139,60,18.279011,18.342871,18.214695,0.026038,60,94.745000,95.100000,94.100000,0.477786,60,24.844945,24.871826,24.815750,0.013436,60,25.181046,25.216293,25.146866,0.013043,60,24.778767,24.810410,24.754333,0.012753,60,24.600000,24.600000,24.600000,0.000001,60,24.185366,24.203629,24.165237,0.008636,60,24.435098,24.455490,24.414871,0.007882,60,24.129087,24.145157,24.111557,0.008114,60,1001.200000,1001.200000,1001.200000,0.000038,60,1001.200000,1001.200000,1001.200000,0.000038,60,23.730000,23.800000,23.600000,0.096199,60,3.949646,4.156707,3.728643,0.115543,60,17.888588,18.444542,17.385540,0.314364,60,18.529292,19.062517,18.006674,0.323881,60,0.202340,0.208163,0.196633,0.003537,60,0.041748,0.043936,0.039412,0.001221,60,0.191229,0.197172,0.185851,0.003361,60,1.402868,1.538216,1.297898,0.052697,60,-178.830741,-178.713638,-178.957443,0.058924,60,-0.375132,-0.292704,-0.480101,0.039669,60,7.390287,7.509268,7.263653,0.045104,60,179.321931,179.476395,179.125320,0.060197,60,0.196668,0.291738,0.081342,0.042407,60,0.000000,9.266667,11.000000,8.000000,0.899466,60,2383.683333,2509.000000,2289.000000,57.658989,60,0.926667,1.100000,0.800000,0.089947,60,238.366049,5.716099,60,60,60,60,60,60,60,60,60,60,60,60,60,60,60,60,60,60,60,60,60,60,60,60,60,60,60,60,60,60,12.7654,12.81,12.71,27.22,29,26,26.00,6850872
2026-10-03 06:07:00,22.111289,22.174410,22.024872,0.025653,60,14.001017,14.050508,13.920806,0.029612,60,18.269220,18.329138,18.197910,0.026053,60,95.046667,95.100000,94.000000,0.145517,60,24.858341,24.885178,24.829102,0.012596,60,25.189412,25.216293,25.160217,0.012885,60,24.793364,24.826431,24.770355,0.014552,60,24.600000,24.600000,24.600000,0.000001,60,24.203582,24.227158,24.181351,0.009924,60,24.443381,24.457260,24.424210,0.007560,60,24.147245,24.166946,24.129929,0.007884,60,1001.200000,1001.200000,1001.200000,0.000038,60,1001.200000,1001.200000,1001.200000,0.000038,60,23.803333,23.900000,23.600000,0.036669,60,4.348601,4.560991,4.107544,0.116902,60,18.960698,19.485901,18.452911,0.314617,60,19.650517,20.152222,19.112089,0.321902,60,0.214584,0.220062,0.208704,0.003515,60,0.045965,0.048210,0.043417,0.001236,60,0.202690,0.208304,0.197262,0.003363,60,1.404146,1.511337,1.281631,0.047856,60,-178.830280,-178.688095,-178.957199,0.053825,60,-0.379375,-0.293348,-0.465611,0.044388,60,7.394959,7.486483,7.301885,0.048267,60,179.330661,179.475449,179.232864,0.061075,60,0.184856,0.291419,0.055603,0.053438,60,0.000000,8.966667,12.000000,7.000000,0.882344,60,2284.633333,2401.000000,2192.000000,47.769917,60,0.896667,1.200000,0.700000,0.088234,60,228.462620,4.735120,60,60,60,60,60,60,60,60,60,60,60,60,60,60,60,60,60,60,60,60,60,60,60,60,60,60,60,60,60,60,12.7702,12.82,12.72,27.25,29,26,26.00,6850906
2026-10-03 06:08:00,22.113476,22.162203,22.073702,0.022053,60,14.000127,14.068818,13.936065,0.026426,60,18.280588,18.361181,18.229954,0.029857,60,95.030000,95.100000,95.000000,0.046212,60,24.873562,24.901199,24.845123,0.012210,60,25.201918,25.229645,25.173569,0.012934,60,24.807517,24.839783,24.770355,0.012936,60,24.600000,24.600000,24.600000,0.000001,60,24.219578,24.238419,24.194565,0.009207,60,24.456538,24.476181,24.437271,0.008573,60,24.163365,24.176529,24.147110,0.007318,60,1001.200000,1001.200000,1001.200000,0.000038,60,1001.200000,1001.200000,1001.200000,0.000038,60,23.865000,23.900000,23.800000,0.048099,60,4.649206,4.835391,4.472497,0.078113,60,19.995769,20.483154,19.485676,0.296682,60,20.746473,21.277334,20.182760,0.317158,60,0.226551,0.232349,0.220396,0.003463,60,0.049142,0.051110,0.047274,0.000826,60,0.213755,0.218965,0.208302,0.003172,60,1.398649,1.498805,1.285650,0.046816,60,-178.843976,-178.742218,-179.011398,0.053536,60,-0.377845,-0.265969,-0.478886,0.042282,60,7.380503,7.499590,7.272629,0.053413,60,179.327504,179.435303,179.192657,0.058267,60,0.190165,0.319407,0.054464,0.054397,60,0.000000,10.516667,12.000000,9.000000,0.947641,60,2205.083333,2321.000000,2053.000000,61.114866,60,1.051667,1.200000,0.900000,0.094764,60,220.511962,6.056423,60,60,60,60,60,60,60,60,60,60,60,60,60,60,60,60,60,60,60,60,60,60,60,60,60,60,60,60,60,60,12.7698,12.83,12.72,27.25,29,26,26.00,6850940
2026-10-03 06:09:00,22.102261,22.165255,22.056915,0.026461,60,13.998474,14.068818,13.936065,0.026168,60,18.281300,18.344397,18.214695,0.025901,60,95.000000,95.000000,95.000000,0.000000,60,24.887002,24.914551,24.858475,0.013114,60,25.213267,25.229645,25.186920,0.011053,60,24.823405,24.853134,24.783707,0.014082,60,24.600000,24.600000,24.600000,0.000001,60,24.236107,24.248489,24.219955,0.006863,60,24.469403,24.489182,24.454239,0.007264,60,24.177697,24.195938,24.161484,0.008781,60,1001.200000,1001.200000,1001.200000,0.000038,60,1001.200000,1001.200000,1001.200000,0.000038,60,23.900000,23.900000,23.900000,0.000000,60,4.956546,5.170388,4.725859,0.113818,60,21.022463,21.513430,20.538116,0.291257,60,21.834406,22.315252,21.306768,0.301741,60,0.238432,0.243683,0.232670,0.003295,60,0.052391,0.054651,0.049952,0.001203,60,0.224730,0.229979,0.219552,0.003114,60,1.391062,1.497897,1.255948,0.045248,60,-178.841355,-178.671432,-178.970261,0.059098,60,-0.382672,-0.253197,-0.479797,0.050192,60,7.376198,7.522347,7.275688,0.051388,60,179.342328,179.449753,179.219589,0.051356,60,0.183509,0.266320,0.081561,0.036906,60,0.000000,12.433333,15.000000,9.000000,1.418601,60,2234.150000,2374.000000,2050.000000,57.522825,60,1.243333,1.500000,0.900000,0.141860,60,223.418070,5.698172,60,60,60,60,60,60,60,60,60,60,60,60,60,60,60,60,60,60,60,60,60,60,60,60,60,60,60,60,60,60,12.7711,12.83,12.72,27.11,29,26,26.00,6850974
2026-10-03 06:10:00,22.113527,22.165255,22.046234,0.027062,60,14.001857,14.068818,13.922332,0.027601,60,18.270186,18.330664,18.233006,0.023786,60,94.840000,95.000000,94.400000,0.233761,60,24.904982,24.927902,24.871826,0.012165,60,25.219631,25.242996,25.202942,0.011431,60,24.837780,24.866486,24.810410,0.013780,60,24.630000,24.700000,24.600000,0.046212,60,24.254176,24.267288,24.241165,0.007291,60,24.479963,24.500626,24.462326,0.008513,60,24.195069,24.215408,24.177261,0.009293,60,1001.200000,1001.200000,1001.200000,0.000038,60,1001.200000,1001.200000,1001.200000,0.000038,60,23.871667,23.900000,23.800000,0.045442,60,5.275167,5.444102,5.118481,0.096220,60,22.030068,22.556599,21.533562,0.296500,60,22.894688,23.439922,22.341368,0.318481,60,0.250010,0.255964,0.243968,0.003478,60,0.055759,0.057544,0.054102,0.001017,60,0.235501,0.241130,0.230194,0.003170,60,1.405024,1.505870,1.296277,0.048170,60,-178.828239,-178.675522,-178.973404,0.061318,60,-0.371322,-0.292811,-0.466800,0.045350,60,7.395187,7.525799,7.311971,0.045318,60,179.337964,179.475800,179.232513,0.057721,60,0.187863,0.319574,0.080684,0.049869,60,0.000000,12.500000,15.000000,10.000000,1.346685,60,2204.600000,2318.000000,2027.000000,67.014595,60,1.250000,1.500000,1.000000,0.134668,60,220.467410,6.640956,60,60,60,60,60,60,60,60,60,60,60,60,60,60,60,60,60,60,60,60,60,60,60,60,60,60,60,60,60,60,12.7728,12.83,12.71,27.18,29,26,26.00,6851008
2026-10-03 06:11:00,22.101981,22.194248,22.046234,0.026175,60,13.997838,14.085603,13.939116,0.027784,60,18.281631,18.347448,18.200962,0.029849,60,94.515000,95.000000,94.400000,0.100549,60,24.920425,24.957275,24.901199,0.013561,60,25.238191,25.259026,25.216293,0.011037,60,24.856160,24.895859,24.826431,0.013558,60,24.695000,24.700000,24.600000,0.021978,60,24.273069,24.294571,24.252365,0.009601,60,24.494563,24.507278,24.478836,0.007176,60,24.213225,24.231125,24.193039,0.008654,60,1001.216667,1001.300000,1001.200000,0.037582,60,1001.216667,1001.300000,1001.200000,0.037582,60,23.805000,23.900000,23.800000,0.021978,60,5.650360,5.905781,5.422836,0.138886,60,23.084075,23.649527,22.581705,0.313676,60,24.015105,24.564150,23.474667,0.337491,60,0.262245,0.268241,0.256343,0.003685,60,0.059724,0.062424,0.057319,0.001468,60,0.246769,0.252813,0.241398,0.003353,60,1.395737,1.499713,1.243288,0.055603,60,-178.828977,-178.673950,-178.957947,0.058787,60,-0.381238,-0.253393,-0.466801,0.046243,60,7.378900,7.499590,7.285744,0.044007,60,179.329108,179.516174,179.218506,0.052678,60,0.192864,0.292537,0.081122,0.045339,60,0.000000,13.800000,16.000000,12.000000,0.916885,60,2178.566667,2284.000000,2122.000000,34.911203,60,1.380000,1.600000,1.200000,0.091688,60,217.854656,3.460477,60,60,60,60,60,60,60,60,60,60,60,60,60,60,60,60,60,60,60,60,60,60,60,60,60,60,60,60,60,60,12.7735,12.83,12.72,27.22,29,26,26.00,6851041
2026-10-03 06:12:00,22.108517,22.180513,22.047760,0.027402,60,14.003154,14.053559,13.954375,0.022121,60,18.276417,18.330664,18.216221,0.025198,60,94.500000,94.500000,94.500000,0.000000,60,24.937293,24.970627,24.901199,0.013682,60,25.249230,25.272377,25.216293,0.014182,60,24.874942,24.895859,24.826431,0.014242,60,24.700000,24.700000,24.700000,0.000000,60,24.293803,24.313431,24.272598,0.008902,60,24.508442,24.525192,24.492264,0.007044,60,24.227875,24.250565,24.211014,0.009108,60,1001.263333,1001.300000,1001.200000,0.048596,60,1001.263333,1001.300000,1001.200000,0.048596,60,23.800000,23.800000,23.800000,0.000001,60,6.097910,6.314179,5.810655,0.127271,60,24.119466,24.639317,23.636862,0.290874,60,25.135914,25.655407,24.603765,0.313477,60,0.274484,0.280157,0.268673,0.003423,60,0.064455,0.066741,0.061419,0.001345,60,0.257837,0.263394,0.252678,0.003109,60,1.391572,1.513166,1.281631,0.048123,60,-178.832967,-178.711807,-178.957947,0.050356,60,-0.367525,-0.266676,-0.505911,0.049670,60,7.389945,7.507855,7.273679,0.050916,60,179.329755,179.448502,179.166107,0.060669,60,0.189126,0.371649,0.108050,0.054297,60,0.000000,12.683333,16.000000,11.000000,0.965361,60,2174.916667,2273.000000,2054.000000,38.050498,60,1.268333,1.600000,1.100000,0.096536,60,217.492423,3.771268,60,60,60,60,60,60,60,60,60,60,60,60,60,60,60,60,60,60,60,60,60,60,60,60,60,60,60,60,60,60,12.7778,12.83,12.73,27.27,29,25,26.00,6851075
2026-10-03 06:13:00,22.103380,22.153048,22.001984,0.028036,60,14.002441,14.053559,13.922332,0.024910,60,18.277943,18.333715,18.233006,0.023002,60,94.505000,95.100000,94.400000,0.081146,60,24.955584,24.983978,24.927902,0.013026,60,25.264276,25.285728,25.242996,0.011892,60,24.886646,24.909210,24.853134,0.011752,60,24.700000,24.700000,24.700000,0.000000,60,24.307382,24.323593,24.290817,0.007681,60,24.518841,24.532791,24.500870,0.007910,60,24.245901,24.263596,24.231003,0.007324,60,1001.295000,1001.300000,1001.200000,0.021978,60,1001.295000,1001.300000,1001.200000,0.021978,60,23.801667,23.900000,23.800000,0.012910,60,6.504168,6.762367,6.264331,0.130512,60,25.166288,25.714603,24.639542,0.310576,60,26.305026,26.840271,25.727993,0.343167,60,0.287251,0.293096,0.280950,0.003747,60,0.068749,0.071478,0.066214,0.001380,60,0.269028,0.274889,0.263397,0.003320,60,1.382875,1.533131,1.254764,0.047850,60,-178.830873,-178.712097,-178.971466,0.056644,60,-0.369318,-0.266171,-0.477676,0.041216,60,7.384978,7.478995,7.268610,0.051923,60,179.325025,179.449387,179.125732,0.063129,60,0.179695,0.291898,0.015158,0.044500,60,0.000000,12.666667,17.000000,10.000000,1.733681,60,2174.333333,2305.000000,2043.000000,50.930550,60,1.266667,1.700000,1.000000,0.173368,60,217.429383,5.046131,60,60,60,60,60,60,60,60,60,60,60,60,60,60,60,60,60,60,60,60,60,60,60,60,60,60,60,60,60,60,12.7788,12.84,12.73,27.20,29,25,26.00,6851109
2026-10-03 06:14:00,22.109407,22.183565,22.050812,0.025422,60,13.999644,14.055085,13.954375,0.026215,60,18.279164,18.348974,18.219273,0.030740,60,94.698333,95.100000,94.500000,0.283137,60,24.970360,25.000000,24.941254,0.012229,60,25.273845,25.299080,25.242996,0.013682,60,24.902757,24.938583,24.866486,0.016159,60,24.700000,24.700000,24.700000,0.000000,60,24.323266,24.339828,24.304794,0.008460,60,24.529252,24.544601,24.506668,0.007730,60,24.261047,24.278549,24.250290,0.006368,60,1001.298333,1001.300000,1001.200000,0.012910,60,1001.298333,1001.300000,1001.200000,0.012910,60,23.833333,23.900000,23.800000,0.047538,60,6.929305,7.195920,6.688508,0.131997,60,26.248417,26.812057,25.719355,0.327784,60,27.470575,28.046598,26.902899,0.336592,60,0.299979,0.306269,0.293780,0.003676,60,0.073243,0.076061,0.070698,0.001395,60,0.280596,0.286621,0.274940,0.003504,60,1.397166,1.514541,1.300335,0.050245,60,-178.827564,-178.689972,-178.957947,0.054265,60,-0.371178,-0.292490,-0.464130,0.039880,60,7.390629,7.483106,7.279709,0.049037,60,179.330096,179.449753,179.165527,0.057621,60,0.185730,0.266320,0.106775,0.045296,60,0.000000,12.916667,15.000000,11.000000,1.046247,60,2169.366667,2262.000000,2087.000000,43.570308,60,1.291667,1.500000,1.100000,0.104625,60,216.935445,4.319440,60,60,60,60,60,60,60,60,60,60,60,60,60,60,60,60,60,60,60,60,60,60,60,60,60,60,60,60,60,60,12.7817,12.83,12.73,27.23,29,25,26.00,6851143
2026-10-03 06:15:00,22.106356,22.169832,22.032501,0.027329,60,14.001017,14.055085,13.940642,0.026852,60,18.277078,18.348974,18.220798,0.026444,60,94.960000,95.100000,94.500000,0.200169,60,24.984824,25.016022,24.941254,0.016272,60,25.286797,25.315102,25.259026,0.012651,60,24.919758,24.951935,24.882507,0.015394,60,24.700000,24.700000,24.700000,0.000000,60,24.339088,24.364975,24.321762,0.010277,60,24.539733,24.555832,24.519852,0.008616,60,24.278349,24.298264,24.248489,0.010605,60,1001.300000,1001.300000,1001.300000,0.000000,60,1001.300000,1001.300000,1001.300000,0.000000,60,23.885000,23.900000,23.800000,0.036008,60,7.365903,7.587397,7.117029,0.126971,60,27.374298,27.942307,26.822237,0.324701,60,28.612794,29.165735,28.064747,0.323735,60,0.312452,0.318490,0.306467,0.003535,60,0.077858,0.080199,0.075227,0.001342,60,0.292631,0.298703,0.286730,0.003471,60,1.378080,1.510880,1.243288,0.051196,60,-178.837429,-178.644302,-179.008606,0.071651,60,-0.375241,-0.266474,-0.466503,0.043694,60,7.387356,7.501654,7.301885,0.048313,60,179.326245,179.449142,179.219406,0.059094,60,0.180973,0.318576,0.055188,0.053815,60,0.000000,13.983333,16.000000,11.000000,1.371522,60,2188.516667,2279.000000,2061.000000,41.756555,60,1.398333,1.600000,1.100000,0.137152,60,218.851592,4.138772,60,60,60,60,60,60,60,60,60,60,60,60,60,60,60,60,60,60,60,60,60,60,60,60,60,60,60,60,60,60,12.7826,12.87,12.73,27.24,29,26,26.00,6851176
2026-10-03 06:16:00,22.105109,22.169832,22.023346,0.028432,60,14.005188,14.071870,13.940642,0.028445,60,18.286132,18.352026,18.202488,0.028022,60,94.890000,95.100000,94.400000,0.166418,60,25.007699,25.029373,24.983978,0.012802,60,25.298902,25.315102,25.259026,0.012417,60,24.937204,24.965286,24.909210,0.013397,60,24.700000,24.700000,24.700000,0.000000,60,24.358707,24.373886,24.340714,0.008082,60,24.553216,24.571426,24.536545,0.008457,60,24.296664,24.319901,24.270554,0.008854,60,1001.300000,1001.300000,1001.300000,0.000000,60,1001.300000,1001.300000,1001.300000,0.000000,60,23.890000,23.900000,23.800000,0.030253,60,7.768475,8.002656,7.523599,0.118151,60,28.586955,29.290827,27.963797,0.391238,60,29.857091,30.520124,29.200926,0.391609,60,0.326039,0.333280,0.318874,0.004276,60,0.082113,0.084588,0.079524,0.001249,60,0.305595,0.313119,0.298933,0.004182,60,1.379251,1.473256,1.257529,0.051293,60,-178.836519,-178.718491,-178.958664,0.049529,60,-0.375039,-0.252611,-0.465611,0.041444,60,7.384128,7.488544,7.240387,0.051090,60,179.325603,179.450500,179.234283,0.048939,60,0.183185,0.292697,0.106545,0.044611,60,0.000000,12.733333,15.000000,10.000000,1.117908,60,2195.833333,2296.000000,1969.000000,65.015817,60,1.273333,1.500000,1.000000,0.111791,60,219.594498,6.438255,60,60,60,60,60,60,60,60,60,60,60,60,60,60,60,60,60,60,60,60,60,60,60,60,60,60,60,60,60,60,12.7871,12.84,12.73,27.25,29,25,26.00,6851210
2026-10-03 06:17:00,22.106279,22.171358,22.037079,0.029371,60,13.996465,14.053559,13.925384,0.026851,60,18.273950,18.319983,18.220798,0.023205,60,94.884746,95.000000,94.800000,0.061064,59,25.025279,25.058746,25.000000,0.013584,60,25.310740,25.341805,25.272377,0.014451,60,24.953003,24.981308,24.909210,0.015455,60,24.700000,24.700000,24.700000,0.000000,59,24.377898,24.396133,24.360275,0.007890,60,24.566679,24.586990,24.550491,0.007850,60,24.316800,24.337418,24.295395,0.008586,60,1001.300000,1001.300000,1001.300000,0.000000,59,1001.300000,1001.300000,1001.300000,0.000000,59,23.900000,23.900000,23.900000,0.000000,59,8.206951,8.439181,7.916907,0.130709,60,29.976263,30.624420,29.310505,0.395579,60,31.191535,31.826038,30.551767,0.395489,60,0.340612,0.347540,0.333625,0.004319,60,0.086747,0.089202,0.083682,0.001382,60,0.320446,0.327375,0.313329,0.004229,60,1.382987,1.494275,1.258718,0.050332,60,-178.842453,-178.672073,-178.967834,0.064319,60,-0.370953,-0.252416,-0.532974,0.045233,60,7.382953,7.547206,7.216166,0.057985,60,173.311855,179.692612,-179.918564,46.375043,60,0.184304,0.426115,0.018187,0.074953,60,0.000000,11.366667,15.000000,9.000000,1.868260,60,2252.450000,2346.000000,2136.000000,48.773230,60,1.136667,1.500000,0.900000,0.186826,60,225.247651,4.834801,60,60,60,60,60,60,60,60,60,60,60,60,60,60,60,60,60,60,60,60,60,60,59,59,59,59,59,59,60,60,12.7877,12.84,12.74,27.27,29,26,26.00,6851244
2026-10-03 06:18:00,22.102541,22.188145,22.023346,0.029260,60,13.996770,14.058137,13.940642,0.027514,60,18.276976,18.338293,18.205540,0.028582,60,94.805000,94.900000,94.800000,0.021978,60,25.043793,25.085449,25.016022,0.017082,60,25.326317,25.355156,25.285728,0.011316,60,24.971027,25.008011,24.938583,0.015200,60,24.700000,24.700000,24.700000,0.000000,60,24.397028,24.417191,24.377884,0.007672,60,24.583607,24.600876,24.567703,0.007445,60,24.332309,24.356430,24.304550,0.009897,60,1001.300000,1001.300000,1001.300000,0.000000,60,1001.300000,1001.300000,1001.300000,0.000000,60,23.900000,23.900000,23.900000,0.000000,60,8.656171,8.897658,8.368752,0.131856,60,31.205002,31.730013,30.669199,0.310497,60,32.496038,33.129082,31.873844,0.369575,60,0.354857,0.361770,0.348062,0.004036,60,0.091496,0.094048,0.088458,0.001394,60,0.333581,0.339194,0.327854,0.003319,60,1.378274,1.458465,1.256738,0.042163,60,-178.842453,-178.717590,-178.956711,0.052714,60,-0.368843,-0.252416,-0.477223,0.047910,60,7.373443,7.472076,7.258441,0.053525,60,179.322910,179.449890,179.219040,0.055379,60,0.163840,0.319407,0.054774,0.047520,60,0.000000,10.050000,13.000000,7.000000,1.419298,60,2290.716667,2376.000000,2231.000000,31.822118,60,1.005000,1.300000,0.700000,0.141930,60,229.071231,3.154694,60,60,60,60,60,60,60,60,60,60,60,60,60,60,60,60,60,60,60,60,60,60,60,60,60,60,60,60,60,60,12.7928,12.84,12.73,27.24,29,25,26.00,6851278
2026-10-03 06:19:00,22.103177,22.143892,22.069124,0.020425,60,14.004807,14.055085,13.943694,0.023268,60,18.274408,18.338293,18.191807,0.028387,60,94.915000,95.000000,94.900000,0.036008,60,25.061862,25.085449,25.029373,0.013000,60,25.343051,25.371178,25.315102,0.012654,60,24.988206,25.024033,24.965286,0.014653,60,24.700000,24.700000,24.700000,0.000000,60,24.411529,24.436752,24.393021,0.009830,60,24.598931,24.618240,24.583572,0.008202,60,24.348335,24.362991,24.333115,0.006182,60,1001.300000,1001.300000,1001.300000,0.000000,60,1001.300000,1001.300000,1001.300000,0.000000,60,23.900000,23.900000,23.900000,0.000000,60,9.112644,9.367569,8.818084,0.150779,60,32.322002,32.898041,31.761677,0.333315,60,33.725717,34.285843,33.168476,0.345421,60,0.368285,0.374401,0.362200,0.003772,60,0.096321,0.099015,0.093207,0.001594,60,0.345522,0.351680,0.339532,0.003563,60,1.383843,1.497897,1.282433,0.046014,60,-178.845028,-178.740433,-178.958191,0.055829,60,-0.372420,-0.292490,-0.466057,0.043320,60,7.383795,7.492670,7.278666,0.046038,60,179.338783,179.475800,179.166687,0.056038,60,0.174662,0.265859,0.080793,0.045302,60,0.000000,8.416667,11.000000,6.000000,1.197337,60,2273.833333,2402.000000,2095.000000,75.210251,60,0.841667,1.100000,0.600000,0.119734,60,227.396080,7.451464,60,60,60,60,60,60,60,60,60,60,60,60,60,60,60,60,60,60,60,60,60,60,60,60,60,60,60,60,60,60,12.7930,12.86,12.74,27.22,29,26,26.00,6851311
2026-10-03 06:20:00,22.100481,22.157625,22.055389,0.027343,60,14.000712,14.041352,13.958953,0.021009,60,18.271916,18.338293,18.191807,0.027077,60,94.658333,95.000000,94.500000,0.234551,60,25.080910,25.101471,25.058746,0.010797,60,25.355245,25.384529,25.328453,0.015398,60,25.007165,25.040054,24.981308,0.012616,60,24.770000,24.800000,24.700000,0.046212,60,24.429377,24.451370,24.409042,0.008697,60,24.614524,24.631271,24.599716,0.008291,60,24.365833,24.378922,24.353226,0.007329,60,1001.300000,1001.300000,1001.300000,0.000000,60,1001.300000,1001.300000,1001.300000,0.000000,60,23.831667,23.900000,23.800000,0.046910,60,9.602688,9.817357,9.320234,0.136534,60,33.436143,34.003407,32.910702,0.320426,60,34.902490,35.466724,34.320805,0.337081,60,0.381135,0.387297,0.374783,0.003681,60,0.101500,0.103769,0.098515,0.001443,60,0.357432,0.363496,0.351815,0.003425,60,1.395682,1.515917,1.257529,0.054765,60,-178.855243,-178.757217,-178.959152,0.047380,60,-0.360255,-0.226370,-0.465908,0.049844,60,7.375098,7.450002,7.266602,0.051613,60,179.315699,179.409454,179.190201,0.052277,60,0.182999,0.293178,0.081122,0.053693,60,0.000000,7.516667,9.000000,5.000000,1.049482,60,2276.466667,2423.000000,2132.000000,56.564188,60,0.751667,0.900000,0.500000,0.104948,60,227.648481,5.604566,60,60,60,60,60,60,60,60,60,60,60,60,60,60,60,60,60,60,60,60,60,60,60,60,60,60,60,60,60,60,12.7971,12.86,12.74,27.23,29,26,26.00,6851345
2026-10-03 06:21:00,22.101473,22.157625,22.038605,0.026517,60,14.001399,14.091706,13.958953,0.026372,60,18.278528,18.324560,18.223850,0.026214,60,94.555000,94.600000,94.500000,0.050169,60,25.096308,25.128174,25.058746,0.013246,60,25.364591,25.397881,25.341805,0.013251,60,25.020383,25.040054,24.994659,0.013127,60,24.800000,24.800000,24.800000,0.000001,60,24.446210,24.467545,24.426743,0.008983,60,24.630405,24.645584,24.608414,0.007697,60,24.381460,24.405014,24.365005,0.008721,60,1001.325000,1001.400000,1001.300000,0.043667,60,1001.325000,1001.400000,1001.300000,0.043667,60,23.825000,23.900000,23.800000,0.043667,60,10.084478,10.373704,9.787859,0.154193,60,34.650900,35.446922,34.018333,0.427063,60,36.087934,36.631893,35.522495,0.337554,60,0.394080,0.400020,0.387906,0.003686,60,0.106593,0.109650,0.103458,0.001630,60,0.370418,0.378928,0.363656,0.004565,60,1.389769,1.540536,1.282834,0.053309,60,-178.837310,-178.673645,-178.928848,0.056079,60,-0.356744,-0.253002,-0.465908,0.043461,60,7.376423,7.486482,7.216166,0.054921,60,179.329247,179.449142,179.218506,0.057800,60,0.177117,0.292697,0.041000,0.045065,60,0.000000,8.583333,13.000000,7.000000,1.093768,60,2160.716667,2242.000000,2023.000000,44.506367,60,0.858333,1.300000,0.700000,0.109377,60,216.074658,4.409920,60,60,60,60,60,60,60,60,60,60,60,60,60,60,60,60,60,60,60,60,60,60,60,60,60,60,60,60,60,60,12.7964,12.86,12.74,27.09,29,25,26.00,6851379
2026-10-03 06:22:00,22.102643,22.175936,22.056915,0.025112,60,14.004374,14.058137,13.943694,0.026580,60,18.277383,18.338293,18.225376,0.023227,60,94.811667,95.200000,94.500000,0.295785,60,25.111930,25.141525,25.085449,0.012936,60,25.380524,25.397881,25.341805,0.012316,60,25.040855,25.066757,25.008011,0.013689,60,24.800000,24.800000,24.800000,0.000001,60,24.459875,24.477097,24.440414,0.008626,60,24.644303,24.661972,24.624222,0.007235,60,24.396384,24.416336,24.379684,0.008384,60,1001.398333,1001.400000,1001.300000,0.012910,60,1001.398333,1001.400000,1001.300000,0.012910,60,23.975000,24.100000,23.800000,0.100212,60,10.633729,10.902610,10.330028,0.154603,60,36.034814,36.585091,35.429958,0.327964,60,37.213390,37.743507,36.700718,0.332252,60,0.406370,0.412159,0.400772,0.003628,60,0.112399,0.115241,0.109188,0.001634,60,0.385212,0.391095,0.378746,0.003506,60,1.378814,1.474152,1.284844,0.050369,60,-178.840529,-178.714554,-178.958191,0.054066,60,-0.350709,-0.265465,-0.465611,0.048376,60,7.375649,7.483105,7.176823,0.057584,60,179.331061,179.449890,179.166107,0.058987,60,0.179447,0.292697,0.041801,0.057083,60,0.000000,11.383333,15.000000,9.000000,1.530389,60,2179.400000,2235.000000,2105.000000,30.393019,60,1.138333,1.500000,0.900000,0.153039,60,217.940709,3.013399,60,60,60,60,60,60,60,60,60,60,60,60,60,60,60,60,60,60,60,60,60,60,60,60,60,60,60,60,60,60,12.8029,12.86,12.76,27.11,29,25,26.00,6851413
2026-10-03 06:23:00,22.104804,22.148470,22.043182,0.023948,60,13.999720,14.044404,13.945220,0.024702,60,18.280969,18.356604,18.225376,0.025614,60,95.153333,95.200000,94.600000,0.145517,60,25.124658,25.157547,25.101471,0.011619,60,25.395299,25.427254,25.371178,0.013173,60,25.055453,25.096130,25.024033,0.015354,60,24.801667,24.900000,24.800000,0.012910,60,24.476248,24.495010,24.452194,0.008070,60,24.663011,24.677505,24.647171,0.007460,60,24.413761,24.426773,24.393112,0.007410,60,1001.400000,1001.400000,1001.400000,0.000000,60,1001.400000,1001.400000,1001.400000,0.000000,60,24.086667,24.100000,23.900000,0.050310,60,11.139826,11.467189,10.829437,0.159797,60,36.921692,37.267494,36.593231,0.170258,60,38.322362,38.834316,37.788872,0.310666,60,0.418480,0.424071,0.412654,0.003392,60,0.117748,0.121208,0.114467,0.001689,60,0.394693,0.398389,0.391182,0.001820,60,1.376670,1.471017,1.254369,0.048951,60,-178.830764,-178.713638,-178.958191,0.055080,60,-0.363360,-0.293026,-0.439914,0.035468,60,7.364367,7.482362,7.281718,0.043057,60,179.327797,179.435303,179.219955,0.051848,60,0.172037,0.293178,0.081013,0.048777,60,0.000000,10.266667,12.000000,9.000000,0.820638,60,2111.650000,2263.000000,1953.000000,62.405950,60,1.026667,1.200000,0.900000,0.082064,60,211.163082,6.182661,60,60,60,60,60,60,60,60,60,60,60,60,60,60,60,60,60,60,60,60,60,60,60,60,60,60,60,60,60,60,12.8027,12.86,12.76,27.20,29,25,26.00,6851447
2026-10-03 06:24:00,22.096259,22.146944,22.041656,0.023032,60,14.002238,14.059663,13.945220,0.024392,60,18.281554,18.342871,18.228428,0.029443,60,94.758333,95.200000,94.600000,0.240262,60,25.145976,25.184250,25.114822,0.016019,60,25.412256,25.440605,25.384529,0.012213,60,25.074011,25.096130,25.053406,0.013008,60,24.880000,24.900000,24.800000,0.040338,60,24.492520,24.510086,24.472122,0.008972,60,24.677600,24.699997,24.658829,0.007856,60,24.430285,24.442978,24.416336,0.007427,60,1001.400000,1001.400000,1001.400000,0.000000,60,1001.400000,1001.400000,1001.400000,0.000000,60,23.953333,24.100000,23.900000,0.089190,60,11.703855,12.055092,11.363375,0.184899,60,37.712332,38.194851,37.227230,0.278058,60,39.333267,39.819790,38.875259,0.276307,60,0.429519,0.434832,0.424518,0.003017,60,0.123710,0.127422,0.120111,0.001954,60,0.403145,0.408303,0.397959,0.002972,60,1.371394,1.499713,1.257925,0.047130,60,-178.846667,-178.687180,-178.959396,0.064169,60,-0.362040,-0.252904,-0.438776,0.041486,60,7.381358,7.488544,7.285744,0.043207,60,179.329937,179.476395,179.193970,0.068324,60,0.186091,0.291738,0.080465,0.046951,60,0.000000,10.883333,14.000000,9.000000,1.341536,60,2068.833333,2197.000000,1912.000000,63.815722,60,1.088333,1.400000,0.900000,0.134154,60,206.886326,6.324074,60,60,60,60,60,60,60,60,60,60,60,60,60,60,60,60,60,60,60,60,60,60,60,60,60,60,60,60,60,60,12.8072,12.87,12.76,27.18,29,25,26.00,6851480
2026-10-03 06:25:00,22.104881,22.162203,22.043182,0.026309,60,14.004985,14.059663,13.945220,0.029014,60,18.278985,18.326086,18.211643,0.025731,60,94.763333,94.800000,94.700000,0.048596,60,25.159906,25.184250,25.128174,0.013101,60,25.424850,25.453957,25.397881,0.013171,60,25.093282,25.109482,25.066757,0.012021,60,24.900000,24.900000,24.900000,0.000000,60,24.510513,24.532120,24.492538,0.009087,60,24.695473,24.712418,24.675339,0.008047,60,24.448827,24.467148,24.431931,0.008207,60,1001.400000,1001.400000,1001.400000,0.000000,60,1001.400000,1001.400000,1001.400000,0.000000,60,24.026667,24.100000,23.900000,0.097192,60,12.312106,12.652596,11.963167,0.173034,60,38.611337,39.053455,38.210461,0.252032,60,40.235047,40.617367,39.861614,0.235109,60,0.439367,0.443542,0.435289,0.002567,60,0.130139,0.133738,0.126451,0.001829,60,0.412755,0.417481,0.408470,0.002694,60,1.367277,1.510880,1.281230,0.049678,60,-178.842995,-178.715775,-178.999725,0.063263,60,-0.358685,-0.265868,-0.532480,0.049189,60,7.375068,7.489279,7.246396,0.046800,60,179.324288,179.489487,179.192093,0.063143,60,0.195716,0.317746,0.108399,0.043392,60,0.000000,11.766667,15.000000,9.000000,1.140423,60,2001.683333,2106.000000,1875.000000,48.835071,60,1.176667,1.500000,0.900000,0.114042,60,200.170000,4.839950,60,60,60,60,60,60,60,60,60,60,60,60,60,60,60,60,60,60,60,60,60,60,60,60,60,60,60,60,60,60,12.8089,12.87,12.76,27.08,29,26,26.00,6851514
2026-10-03 06:26:00,22.104499,22.165255,22.059967,0.023439,60,14.002009,14.044404,13.929961,0.024427,60,18.277714,18.361181,18.214695,0.029767,60,94.695000,95.300000,94.600000,0.089110,60,25.173168,25.200272,25.141525,0.012590,60,25.442118,25.469978,25.413902,0.012605,60,25.107301,25.136185,25.080109,0.013324,60,24.900000,24.900000,24.900000,0.000000,60,24.529751,24.549881,24.511978,0.008048,60,24.711013,24.728500,24.691788,0.008538,60,24.465728,24.481094,24.442276,0.008859,60,1001.403333,1001.500000,1001.400000,0.018102,60,1001.403333,1001.500000,1001.400000,0.018102,60,23.906667,24.100000,23.900000,0.036204,60,12.792943,13.071516,12.518827,0.135976,60,39.519722,39.907082,39.046894,0.261590,60,40.937729,41.227947,40.639278,0.173914,60,0.447040,0.450209,0.443781,0.001899,60,0.135221,0.138166,0.132324,0.001437,60,0.422466,0.426607,0.417411,0.002796,60,1.379647,1.474601,1.282834,0.037844,60,-178.832740,-178.713333,-178.957443,0.052725,60,-0.360089,-0.253687,-0.477978,0.046900,60,7.378616,7.494735,7.279709,0.051806,60,179.338624,179.449387,179.191711,0.056455,60,0.183501,0.319407,0.054671,0.047002,60,0.000000,11.733333,14.000000,7.000000,1.593064,60,1975.350000,2152.000000,1764.000000,78.537441,60,1.173333,1.400000,0.700000,0.159306,60,197.551478,7.774032,60,60,60,60,60,60,60,60,60,60,60,60,60,60,60,60,60,60,60,60,60,60,60,60,60,60,60,60,60,60,12.8110,12.86,12.76,27.20,29,26,26.00,6851548
2026-10-03 06:27:00,22.103889,22.166780,22.046234,0.026064,60,14.005671,14.077973,13.948272,0.031835,60,18.282164,18.329138,18.211643,0.024817,60,94.721667,95.200000,94.500000,0.240826,60,25.189546,25.213623,25.157547,0.014005,60,25.460543,25.483330,25.440605,0.013522,60,25.127595,25.165558,25.080109,0.016410,60,24.900000,24.900000,24.900000,0.000000,60,24.547626,24.572372,24.528122,0.008662,60,24.730467,24.751572,24.713303,0.008168,60,24.487303,24.510239,24.469620,0.009053,60,1001.466667,1001.500000,1001.400000,0.047538,60,1001.466667,1001.500000,1001.400000,0.047538,60,23.943333,24.100000,23.900000,0.083090,60,13.213217,13.519017,12.928827,0.142472,60,40.024437,40.404236,39.812759,0.165133,60,41.393731,41.533348,41.218876,0.092028,60,0.452020,0.453544,0.450110,0.001005,60,0.139664,0.142896,0.136658,0.001506,60,0.427861,0.431921,0.425598,0.001765,60,1.377855,1.495179,1.255948,0.048869,60,-178.838106,-178.739838,-178.955963,0.044687,60,-0.355572,-0.253197,-0.464870,0.042680,60,7.377765,7.499590,7.278666,0.050163,60,179.325346,179.476974,179.191513,0.055187,60,0.184288,0.291419,0.054464,0.050867,60,0.000000,11.966667,14.000000,10.000000,1.040969,60,1999.583333,2084.000000,1823.000000,61.742300,60,1.196667,1.400000,1.000000,0.104097,60,199.969917,6.115670,60,60,60,60,60,60,60,60,60,60,60,60,60,60,60,60,60,60,60,60,60,60,60,60,60,60,60,60,60,60,12.8115,12.86,12.76,27.10,29,26,26.00,6851582
2026-10-03 06:28:00,22.112078,22.183565,22.046234,0.027259,60,14.004807,14.062715,13.948272,0.024704,60,18.281478,18.344397,18.214695,0.028254,60,94.778333,95.000000,94.300000,0.232956,60,25.211531,25.226974,25.184250,0.011158,60,25.481238,25.510033,25.453957,0.014791,60,25.150159,25.178909,25.122833,0.013952,60,24.900000,24.900000,24.900000,0.000000,60,24.570608,24.589615,24.546646,0.009704,60,24.752501,24.775009,24.731461,0.010292,60,24.510127,24.530960,24.491409,0.009319,60,1001.491667,1001.500000,1001.400000,0.027872,60,1001.491667,1001.500000,1001.400000,0.027872,60,24.043333,24.100000,23.900000,0.090884,60,13.629620,13.876424,13.411772,0.123995,60,40.793494,41.166031,40.424595,0.185087,60,41.630833,41.760628,41.479572,0.063707,60,0.454609,0.456026,0.452957,0.000696,60,0.144065,0.146674,0.141762,0.001311,60,0.436082,0.440065,0.432139,0.001979,60,1.388580,1.577114,1.281631,0.056861,60,-178.842250,-178.715775,-178.958191,0.052007,60,-0.345902,-0.226462,-0.425368,0.039616,60,7.375927,7.495462,7.278666,0.046323,60,179.318000,179.475327,179.085373,0.061843,60,0.179514,0.292537,0.041500,0.045709,60,0.000000,13.000000,15.000000,11.000000,1.073565,60,1996.333333,2129.000000,1864.000000,51.493513,60,1.300000,1.500000,1.100000,0.107357,60,199.630988,5.103453,60,60,60,60,60,60,60,60,60,60,60,60,60,60,60,60,60,60,60,60,60,60,60,60,60,60,60,60,60,60,12.8156,12.86,12.77,27.27,29,25,26.00,6851616
2026-10-03 06:29:00,22.106228,22.166780,22.046234,0.024616,60,14.006866,14.062715,13.931487,0.027195,60,18.281630,18.347448,18.233006,0.027422,60,94.790000,94.800000,94.700000,0.030253,60,25.232272,25.256355,25.213623,0.014348,60,25.501087,25.526054,25.469978,0.012753,60,25.170498,25.208282,25.136185,0.014657,60,24.900000,24.900000,24.900000,0.000000,60,24.593429,24.615433,24.573227,0.009891,60,24.772380,24.792770,24.751877,0.009719,60,24.532794,24.550766,24.502304,0.009727,60,1001.500000,1001.500000,1001.500000,0.000000,60,1001.500000,1001.500000,1001.500000,0.000000,60,24.080000,24.100000,23.900000,0.060506,60,14.064041,14.298086,13.813541,0.128107,60,40.763981,41.022854,40.485664,0.129222,60,41.788517,41.904697,41.638912,0.056444,60,0.456331,0.457599,0.454697,0.000616,60,0.148657,0.151131,0.146009,0.001354,60,0.435767,0.438534,0.432792,0.001381,60,1.371095,1.498805,1.244073,0.048676,60,-178.846334,-178.714249,-178.999252,0.055422,60,-0.359548,-0.266171,-0.439487,0.042014,60,7.379789,7.491341,7.214170,0.055596,60,179.335303,179.448502,179.218124,0.057719,60,0.179661,0.292697,0.055188,0.050825,60,0.000000,13.400000,16.000000,10.000000,1.264911,60,1984.133333,2143.000000,1849.000000,71.849529,60,1.340000,1.600000,1.000000,0.126491,60,198.409363,7.120174,60,60,60,60,60,60,60,60,60,60,60,60,60,60,60,60,60,60,60,60,60,60,60,60,60,60,60,60,60,60,12.8164,12.87,12.77,27.20,29,25,26.00,6851649
2026-10-03 06:30:00,22.110018,22.185091,22.050812,0.026557,60,14.001628,14.064240,13.917754,0.029160,60,18.288319,18.333715,18.248264,0.022901,60,94.748333,94.800000,94.700000,0.050394,60,25.252792,25.296410,25.226974,0.015756,60,25.517242,25.552757,25.483330,0.016397,60,25.198135,25.221634,25.178909,0.013426,60,24.900000,24.900000,24.900000,0.000000,60,24.618061,24.640091,24.599899,0.010156,60,24.795481,24.816879,24.768661,0.009969,60,24.557600,24.572189,24.536789,0.008109,60,1001.500000,1001.500000,1001.500000,0.000000,60,1001.500000,1001.500000,1001.500000,0.000000,60,23.996667,24.100000,23.900000,0.100788,60,14.314538,14.382920,14.151511,0.045412,60,40.477844,40.856831,40.276215,0.150492,60,41.956988,42.115601,41.836536,0.067223,60,0.458170,0.459902,0.456855,0.000734,60,0.151305,0.152027,0.149581,0.000480,60,0.432708,0.436760,0.430553,0.001609,60,1.366907,1.535439,1.279628,0.053408,60,-178.855871,-178.754868,-178.971710,0.050457,60,-0.361633,-0.253197,-0.466354,0.045381,60,7.376393,7.540977,7.259646,0.051196,60,179.323655,179.516068,179.190567,0.053402,60,0.175388,0.266628,0.041801,0.046278,60,0.000000,13.433333,16.000000,9.000000,1.555381,60,1922.316667,2115.000000,1756.000000,96.649374,60,1.343333,1.600000,0.900000,0.155538,60,192.223058,9.576423,60,60,60,60,60,60,60,60,60,60,60,60,60,60,60,60,60,60,60,60,60,60,60,60,60,60,60,60,60,60,12.8173,12.87,12.77,27.21,29,26,26.01,6851683
2026-10-03 06:31:00,22.106025,22.156099,22.052338,0.024771,60,14.004095,14.048982,13.934539,0.026337,60,18.287404,18.347448,18.219273,0.026967,60,94.105000,94.800000,93.700000,0.461914,60,25.279008,25.312431,25.226974,0.014564,60,25.540963,25.568779,25.510033,0.011772,60,25.219409,25.248337,25.178909,0.014114,60,24.965000,25.000000,24.900000,0.048099,60,24.645087,24.667252,24.625595,0.010365,60,24.819396,24.843826,24.800308,0.011336,60,24.582922,24.601181,24.558823,0.008734,60,1001.500000,1001.500000,1001.500000,0.000000,60,1001.500000,1001.500000,1001.500000,0.000000,60,23.913333,24.300000,23.800000,0.076947,60,14.290738,14.400986,14.151053,0.054900,60,40.912822,41.069901,40.781742,0.078076,60,42.316011,42.678600,42.083069,0.159396,60,0.462091,0.466050,0.459547,0.001741,60,0.151053,0.152218,0.149577,0.000580,60,0.437358,0.439037,0.435957,0.000835,60,1.364166,1.470570,1.242505,0.046504,60,-178.855009,-178.753387,-178.972198,0.050688,60,-0.354631,-0.266474,-0.426619,0.039824,60,7.369344,7.501655,7.219030,0.058933,60,179.330060,179.408112,179.219406,0.042343,60,0.165345,0.290622,0.041500,0.051851,60,0.000000,12.533333,15.000000,10.000000,1.141908,60,1912.700000,2090.000000,1727.000000,83.437645,60,1.253333,1.500000,1.000000,0.114191,60,191.277275,8.266483,60,60,60,60,60,60,60,60,60,60,60,60,60,60,60,60,60,60,60,60,60,60,60,60,60,60,60,60,60,60,12.8186,12.88,12.77,27.14,29,26,26.00,6851717
2026-10-03 06:32:00,22.106457,22.157625,22.052338,0.024718,60,14.009969,14.064240,13.966582,0.026009,60,18.283792,18.352026,18.234531,0.023634,60,93.631667,93.800000,93.500000,0.065073,60,25.300282,25.325783,25.256355,0.015820,60,25.566954,25.598152,25.539406,0.013682,60,25.245624,25.277718,25.208282,0.014449,60,25.000000,25.000000,25.000000,0.000000,60,24.670164,24.694839,24.651871,0.010777,60,24.844142,24.863876,24.826370,0.009436,60,24.607889,24.627304,24.590256,0.009721,60,1001.500000,1001.500000,1001.500000,0.000000,60,1001.500000,1001.500000,1001.500000,0.000000,60,23.900000,23.900000,23.900000,0.000000,60,13.976744,14.262185,13.639295,0.169503,60,41.031931,41.226871,40.815895,0.096976,60,43.549666,44.118187,42.720203,0.434928,60,0.475562,0.481771,0.466505,0.004749,60,0.147734,0.150751,0.144167,0.001792,60,0.438631,0.440715,0.436322,0.001037,60,1.352019,1.512251,1.242505,0.056026,60,-178.832434,-178.714249,-178.959152,0.054682,60,-0.360802,-0.252904,-0.439344,0.044066,60,7.367585,7.488544,7.252414,0.052280,60,179.326676,179.448898,179.192459,0.064670,60,0.158949,0.265859,0.042002,0.045678,60,0.000000,12.533333,15.000000,10.000000,1.333616,60,1965.050000,2186.000000,1819.000000,92.281519,60,1.253333,1.500000,1.000000,0.133362,60,196.476767,9.143094,60,60,60,60,60,60,60,60,60,60,60,60,60,60,60,60,60,60,60,60,60,60,60,60,60,60,60,60,60,60,12.8187,12.89,12.77,27.15,29,25,26.00,6851751
2026-10-03 06:33:00,22.107347,22.160677,22.055389,0.025263,60,14.012131,14.067292,13.968108,0.025997,60,18.285165,18.365759,18.234531,0.028742,60,93.508333,93.600000,93.500000,0.027872,60,25.326228,25.355156,25.296410,0.012689,60,25.589162,25.624855,25.552757,0.016104,60,25.276827,25.307091,25.234985,0.016873,60,25.000000,25.000000,25.000000,0.000000,60,24.696244,24.727249,24.666672,0.011373,60,24.870762,24.891312,24.846298,0.010102,60,24.636519,24.652725,24.617477,0.011966,60,1001.500000,1001.500000,1001.500000,0.000000,60,1001.500000,1001.500000,1001.500000,0.000000,60,23.900000,23.900000,23.900000,0.000000,60,13.388288,13.678857,13.122965,0.147274,60,41.571174,42.077332,41.222576,0.251452,60,44.297465,44.496616,44.084991,0.114014,60,0.483728,0.485903,0.481408,0.001245,60,0.141514,0.144586,0.138710,0.001557,60,0.444396,0.449807,0.440669,0.002688,60,1.361124,1.492920,1.256738,0.050013,60,-178.842487,-178.739243,-178.930847,0.051059,60,-0.345786,-0.213811,-0.465611,0.047455,60,7.359834,7.476188,7.224160,0.054375,60,179.347056,179.488922,179.232513,0.055487,60,0.167990,0.291259,0.080684,0.047717,60,0.000000,12.000000,15.000000,10.000000,1.178911,60,2027.016667,2155.000000,1914.000000,58.566923,60,1.200000,1.500000,1.000000,0.117891,60,202.698413,5.805493,60,60,60,60,60,60,60,60,60,60,60,60,60,60,60,60,60,60,60,60,60,60,60,60,60,60,60,60,60,60,12.8231,12.88,12.77,27.13,29,26,26.00,6851785
2026-10-03 06:34:00,22.114595,22.189671,22.070650,0.027636,60,14.006434,14.067292,13.952849,0.027173,60,18.284987,18.335241,18.252842,0.022486,60,93.743333,94.000000,93.400000,0.232428,60,25.354177,25.381859,25.325783,0.014765,60,25.614841,25.640877,25.584801,0.013289,60,25.302151,25.320442,25.264366,0.012705,60,25.000000,25.000000,25.000000,0.000000,60,24.722427,24.741318,24.701706,0.009790,60,24.893873,24.915695,24.876663,0.008142,60,24.664127,24.682816,24.640488,0.009464,60,1001.500000,1001.500000,1001.500000,0.000000,60,1001.500000,1001.500000,1001.500000,0.000000,60,24.013333,24.100000,23.900000,0.099943,60,13.137422,13.234326,12.967702,0.052628,60,42.521625,42.902683,42.021687,0.247985,60,44.216284,44.477589,44.062862,0.114752,60,0.482842,0.485695,0.481166,0.001253,60,0.138863,0.139887,0.137069,0.000556,60,0.454556,0.458630,0.449212,0.002651,60,1.359643,1.469230,1.255553,0.042926,60,-178.853003,-178.755142,-178.971710,0.052339,60,-0.342849,-0.227563,-0.439487,0.040729,60,7.356935,7.436095,7.242390,0.042603,60,179.316914,179.475327,179.164734,0.057139,60,0.167937,0.293820,0.055292,0.055424,60,0.000000,12.566667,16.000000,8.000000,1.797990,60,2037.700000,2174.000000,1879.000000,66.638997,60,1.256667,1.600000,0.800000,0.179799,60,203.770231,6.603391,60,60,60,60,60,60,60,60,60,60,60,60,60,60,60,60,60,60,60,60,60,60,60,60,60,60,60,60,60,60,12.8228,12.89,12.77,27.17,29,25,26.00,6851818
2026-10-03 06:35:00,22.107627,22.175936,22.056915,0.026639,60,14.014852,14.068818,13.954375,0.023921,60,18.287658,18.338293,18.239109,0.024677,60,93.718333,93.900000,93.600000,0.122808,60,25.376162,25.411232,25.355156,0.012862,60,25.637405,25.667580,25.611504,0.016144,60,25.326139,25.347145,25.291069,0.014202,60,25.000000,25.000000,25.000000,0.000000,60,24.748307,24.768326,24.731155,0.008440,60,24.918476,24.932877,24.905411,0.007821,60,24.688317,24.706497,24.662308,0.009701,60,1001.500000,1001.500000,1001.500000,0.000000,60,1001.500000,1001.500000,1001.500000,0.000000,60,23.946667,24.100000,23.900000,0.085304,60,12.773849,13.100785,12.456631,0.183204,60,43.291633,43.630775,42.892052,0.219363,60,44.957647,45.509087,44.485550,0.292517,60,0.490938,0.496959,0.485782,0.003194,60,0.135020,0.138475,0.131667,0.001936,60,0.462788,0.466413,0.458516,0.002345,60,1.365319,1.471017,1.282433,0.050309,60,-178.859668,-178.755737,-178.971466,0.051270,60,-0.348509,-0.266272,-0.439771,0.036709,60,7.365331,7.492670,7.269666,0.052003,60,179.322826,179.449753,179.219955,0.059558,60,0.158613,0.253433,0.054774,0.050497,60,0.000000,11.600000,15.000000,8.000000,1.367913,60,2035.600000,2218.000000,1901.000000,78.717086,60,1.160000,1.500000,0.800000,0.136791,60,203.545824,7.798864,60,60,60,60,60,60,60,60,60,60,60,60,60,60,60,60,60,60,60,60,60,60,60,60,60,60,60,60,60,60,12.8254,12.88,12.77,27.13,29,26,26.01,6851854
2026-10-03 06:36:00,22.110679,22.162203,22.046234,0.026135,60,14.009868,14.053559,13.952849,0.026940,60,18.291498,18.370337,18.225376,0.026505,60,93.460000,93.600000,93.000000,0.172911,60,25.401441,25.437935,25.381859,0.013207,60,25.659302,25.683601,25.624855,0.012090,60,25.355156,25.389870,25.320442,0.013554,60,25.011667,25.100000,25.000000,0.032373,60,24.771413,24.797592,24.751144,0.009941,60,24.939391,24.961380,24.916092,0.009775,60,24.713047,24.739334,24.694595,0.009789,60,1001.500000,1001.500000,1001.500000,0.000000,60,1001.500000,1001.500000,1001.500000,0.000000,60,23.900000,23.900000,23.900000,0.000000,60,12.675225,13.024182,12.436280,0.159736,60,44.356308,45.181278,43.643894,0.478861,60,46.195691,46.905071,45.530552,0.420306,60,0.504457,0.512203,0.497194,0.004590,60,0.133977,0.137666,0.131451,0.001688,60,0.474169,0.482988,0.466553,0.005119,60,1.370023,1.469677,1.256738,0.048623,60,-178.847580,-178.740723,-178.969040,0.051526,60,-0.342597,-0.252611,-0.439344,0.046302,60,7.362122,7.516135,7.278666,0.048945,60,179.339940,179.448135,179.232864,0.046621,60,0.170749,0.266628,0.041200,0.047938,60,0.000000,11.400000,14.000000,9.000000,1.342904,60,2151.866667,2286.000000,2061.000000,44.832066,60,1.140000,1.400000,0.900000,0.134290,60,215.181851,4.442018,60,60,60,60,60,60,60,60,60,60,60,60,60,60,60,60,60,60,60,60,60,60,60,60,60,60,60,60,60,60,12.8259,12.88,12.78,27.16,29,26,26.00,6851888
2026-10-03 06:37:00,22.102439,22.197300,22.046234,0.028802,60,14.011673,14.071870,13.939116,0.031695,60,18.281859,18.339819,18.225376,0.025552,60,93.255000,93.500000,92.500000,0.153408,60,25.429078,25.453957,25.381859,0.013832,60,25.681465,25.710304,25.654228,0.013462,60,25.380212,25.403221,25.347145,0.013248,60,25.005000,25.100000,25.000000,0.021978,60,24.796797,24.815048,24.775162,0.010425,60,24.959528,24.984055,24.942307,0.009836,60,24.734635,24.758713,24.716965,0.009603,60,1001.500000,1001.500000,1001.500000,0.000000,60,1001.500000,1001.500000,1001.500000,0.000000,60,23.895000,23.900000,23.800000,0.021978,60,13.563901,14.084741,13.027842,0.331475,60,45.951019,46.644020,45.157303,0.434252,60,47.779831,48.528343,46.961071,0.484016,60,0.521756,0.529930,0.512815,0.005285,60,0.143370,0.148876,0.137704,0.003504,60,0.491216,0.498625,0.482732,0.004642,60,1.377214,1.497897,1.217546,0.055768,60,-178.868989,-178.715164,-178.999252,0.057174,60,-0.334562,-0.252611,-0.425785,0.035563,60,7.364664,7.433630,7.273679,0.040004,60,179.322180,179.475449,179.149673,0.061102,60,0.160132,0.292537,0.041500,0.048567,60,0.000000,12.450000,16.000000,10.000000,1.281220,60,2216.383333,2338.000000,2073.000000,69.060055,60,1.245000,1.600000,1.000000,0.128122,60,221.640267,6.845534,60,60,60,60,60,60,60,60,60,60,60,60,60,60,60,60,60,60,60,60,60,60,60,60,60,60,60,60,60,60,12.8275,12.90,12.77,27.14,29,25,26.01,6851922
2026-10-03 06:38:00,22.110272,22.180513,22.059967,0.025903,60,14.012919,14.071870,13.954375,0.025988,60,18.296686,18.358130,18.243687,0.025381,60,92.681667,93.100000,92.400000,0.288474,60,25.453111,25.494011,25.411232,0.016354,60,25.705186,25.739677,25.667580,0.014987,60,25.404378,25.432594,25.376518,0.015092,60,25.070000,25.100000,25.000000,0.046212,60,24.824427,24.847488,24.803268,0.010240,60,24.984936,25.003189,24.961899,0.009412,60,24.763542,24.782242,24.739914,0.009669,60,1001.500000,1001.500000,1001.500000,0.000000,60,1001.500000,1001.500000,1001.500000,0.000000,60,23.831667,23.900000,23.800000,0.046910,60,14.222827,14.306774,14.028716,0.062932,60,47.559844,49.147675,46.674107,0.603500,60,49.455915,50.353886,48.609119,0.507179,60,0.540059,0.549864,0.530812,0.005538,60,0.150335,0.151223,0.148284,0.000665,60,0.508415,0.525389,0.498946,0.006451,60,1.358343,1.495179,1.242113,0.048994,60,-178.869590,-178.738937,-178.998795,0.054250,60,-0.331943,-0.213634,-0.427177,0.038582,60,7.363920,7.489279,7.236386,0.050975,60,179.326211,179.435043,179.221024,0.054844,60,0.159946,0.292697,0.015440,0.050557,60,0.000000,13.866667,17.000000,11.000000,1.863718,60,2312.100000,2474.000000,2191.000000,65.134203,60,1.386667,1.700000,1.100000,0.186372,60,231.210072,6.455149,60,60,60,60,60,60,60,60,60,60,60,60,60,60,60,60,60,60,60,60,60,60,60,60,60,60,60,60,60,60,12.8317,12.88,12.78,27.21,29,26,26.01,6851955
2026-10-03 06:39:00,22.113375,22.169832,22.061493,0.025106,60,14.015564,14.071870,13.957427,0.025424,60,18.293075,18.358130,18.243687,0.025197,60,92.486667,92.500000,92.400000,0.034280,60,25.479013,25.510033,25.437935,0.014921,60,25.728285,25.753036,25.696953,0.012839,60,25.429479,25.459297,25.389870,0.017515,60,25.100000,25.100000,25.100000,0.000001,60,24.853863,24.879868,24.834396,0.011755,60,25.007850,25.025620,24.984909,0.009074,60,24.790291,24.809891,24.767380,0.009319,60,1001.500000,1001.500000,1001.500000,0.000000,60,1001.500000,1001.500000,1001.500000,0.000000,60,23.800000,23.800000,23.800000,0.000001,60,14.646494,15.236763,14.209363,0.293685,60,48.981500,49.699566,48.239082,0.416157,60,51.946805,53.823719,50.434662,0.986866,60,0.567259,0.587755,0.550747,0.010777,60,0.154813,0.161053,0.150193,0.003104,60,0.523612,0.531288,0.515676,0.004449,60,1.362788,1.458465,1.283638,0.046928,60,-178.861692,-178.744003,-178.959396,0.055540,60,-0.346435,-0.265164,-0.426202,0.043969,60,7.359822,7.470022,7.246396,0.048627,60,179.324055,179.448380,179.220123,0.054426,60,0.161363,0.293018,0.055603,0.044187,60,0.000000,14.550000,17.000000,12.000000,1.307410,60,2316.633333,2439.000000,2154.000000,69.621243,60,1.455000,1.700000,1.200000,0.130741,60,231.671220,6.899210,60,60,60,60,60,60,60,60,60,60,60,60,60,60,60,60,60,60,60,60,60,60,60,60,60,60,60,60,60,60,12.8335,12.89,12.79,27.09,29,26,26.02,6851989
2026-10-03 06:40:00,22.118919,22.201878,22.064547,0.027158,60,14.009740,14.058137,13.940642,0.027178,60,18.287022,18.344397,18.214695,0.025681,60,92.722034,93.100000,92.500000,0.231239,59,25.512569,25.536736,25.480659,0.013233,60,25.752633,25.779739,25.723656,0.015187,60,25.453601,25.488670,25.419243,0.013944,60,25.100000,25.100000,25.100000,0.000001,59,24.887388,24.911942,24.861893,0.010877,60,25.031969,25.051682,25.009140,0.010171,60,24.817592,24.842026,24.797195,0.010690,60,1001.500000,1001.500000,1001.500000,0.000000,59,1001.500000,1001.500000,1001.500000,0.000000,59,23.832203,23.900000,23.800000,0.047127,59,16.236697,17.227537,15.266033,0.596962,60,50.540381,51.281963,49.745934,0.457903,60,54.848363,55.704807,53.733871,0.602558,60,0.598944,0.608297,0.586774,0.006580,60,0.171622,0.182095,0.161362,0.006310,60,0.540277,0.548204,0.531784,0.004895,60,1.363207,1.472807,1.241330,0.049933,60,-178.854301,-178.754272,-178.958191,0.046458,60,-0.338427,-0.213545,-0.439344,0.048690,60,7.366851,7.485163,7.273679,0.048336,60,179.335345,179.476624,179.219406,0.058532,60,0.157385,0.252980,0.040800,0.046722,60,0.000000,14.883333,17.000000,11.000000,1.552381,60,2357.783333,2489.000000,2127.000000,80.367185,60,1.488333,1.700000,1.100000,0.155238,60,235.794217,7.959026,60,60,60,60,60,60,60,60,60,60,60,60,60,60,60,60,60,60,60,60,60,60,59,59,59,59,59,59,60,60,12.8343,12.90,12.79,27.04,29,25,26.01,6852023
2026-10-03 06:41:00,22.110272,22.185091,22.055389,0.023411,60,14.021312,14.090180,13.943694,0.031183,60,18.295008,18.379492,18.229954,0.030609,60,92.738333,93.000000,92.400000,0.292906,60,25.543322,25.582130,25.510033,0.017260,60,25.777425,25.809113,25.753036,0.013206,60,25.486401,25.531395,25.445946,0.015623,60,25.146667,25.200000,25.100000,0.050310,60,24.920292,24.940170,24.885574,0.011949,60,25.059053,25.078201,25.035019,0.011312,60,24.850118,24.871506,24.823074,0.010603,60,1001.500000,1001.500000,1001.500000,0.000000,60,1001.500000,1001.500000,1001.500000,0.000000,60,23.973333,24.100000,23.900000,0.097192,60,17.697189,17.917654,17.219763,0.195798,60,51.909945,52.499516,51.321095,0.344621,60,55.504373,55.788685,54.997303,0.224019,60,0.606108,0.609212,0.600571,0.002446,60,0.187059,0.189390,0.182013,0.002070,60,0.554917,0.561220,0.548622,0.003684,60,1.341422,1.455803,1.216388,0.053752,60,-178.859418,-178.742218,-178.998795,0.055562,60,-0.326944,-0.252904,-0.438634,0.046911,60,7.352218,7.507854,7.250407,0.051325,60,179.338514,179.475449,179.233047,0.060205,60,0.164685,0.266628,0.081891,0.040063,60,0.000000,11.300000,15.000000,9.000000,1.344165,60,2261.283333,2325.000000,2079.000000,49.905365,60,1.130000,1.500000,0.900000,0.134417,60,226.138392,4.941838,60,60,60,60,60,60,60,60,60,60,60,60,60,60,60,60,60,60,60,60,60,60,60,60,60,60,60,60,60,60,12.8433,12.90,12.79,27.15,29,25,26.02,6852057
2026-10-03 06:42:00,22.113934,22.175936,22.069124,0.024044,60,14.016912,14.058137,13.975739,0.021047,60,18.293939,18.347448,18.233006,0.021425,60,92.456667,92.600000,92.400000,0.059280,60,25.581151,25.624855,25.536736,0.017123,60,25.801413,25.822464,25.779739,0.012262,60,25.512436,25.531395,25.488670,0.011796,60,25.200000,25.200000,25.200000,0.000000,60,24.951969,24.974258,24.930618,0.011274,60,25.087191,25.106949,25.066360,0.010367,60,24.881920,24.916336,24.858627,0.011490,60,1001.530000,1001.600000,1001.500000,0.046212,60,1001.530000,1001.600000,1001.500000,0.046212,60,23.900000,23.900000,23.900000,0.000000,60,18.150536,18.559752,17.844025,0.204290,60,53.137720,53.964973,52.518974,0.414769,60,55.608061,56.198097,55.080734,0.334505,60,0.607240,0.613683,0.601482,0.003653,60,0.191851,0.196177,0.188611,0.002159,60,0.568042,0.576886,0.561428,0.004434,60,1.349385,1.470570,1.191385,0.052121,60,-178.871197,-178.743698,-179.011627,0.057544,60,-0.344548,-0.266171,-0.425785,0.035708,60,7.351692,7.450003,7.265655,0.043263,60,179.332807,179.435684,179.232162,0.054454,60,0.168510,0.291738,-0.050227,0.053765,60,0.000000,13.200000,17.000000,9.000000,2.392077,60,2231.716667,2441.000000,2055.000000,82.607730,60,1.320000,1.700000,0.900000,0.239208,60,223.163207,8.181516,60,60,60,60,60,60,60,60,60,60,60,60,60,60,60,60,60,60,60,60,60,60,60,60,60,60,60,60,60,60,12.8450,12.90,12.79,27.10,29,25,26.02,6852090
2026-10-03 06:43:00,22.120673,22.178988,22.055389,0.027004,60,14.018718,14.059663,13.945220,0.023634,60,18.301340,18.348974,18.248264,0.023405,60,92.313333,92.800000,92.200000,0.150104,60,25.615420,25.654228,25.582130,0.017730,60,25.832166,25.865189,25.809113,0.015296,60,25.546171,25.574120,25.515373,0.015972,60,25.200000,25.200000,25.200000,0.000000,60,24.987761,25.021835,24.962082,0.012249,60,25.117974,25.147141,25.087936,0.012679,60,24.914345,24.937912,24.886520,0.013394,60,1001.585000,1001.600000,1001.500000,0.036009,60,1001.585000,1001.600000,1001.500000,0.036009,60,23.900000,23.900000,23.900000,0.000000,60,19.071977,19.600414,18.584446,0.300527,60,54.570795,55.122589,53.895763,0.325730,60,56.871022,57.533672,56.226646,0.384509,60,0.621032,0.628268,0.613995,0.004199,60,0.201591,0.207176,0.196438,0.003177,60,0.583362,0.589260,0.576146,0.003482,60,1.347471,1.510880,1.244073,0.050928,60,-178.861147,-178.757217,-178.971466,0.053452,60,-0.331756,-0.226920,-0.439771,0.048054,60,7.351341,7.521662,7.240387,0.055608,60,179.320512,179.436325,179.193024,0.058787,60,0.159550,0.331755,0.081013,0.040067,60,0.000000,13.183333,17.000000,8.000000,1.827211,60,2259.933333,2355.000000,2061.000000,61.236930,60,1.318333,1.700000,0.800000,0.182721,60,226.006166,6.063974,60,60,60,60,60,60,60,60,60,60,60,60,60,60,60,60,60,60,60,60,60,60,60,60,60,60,60,60,60,60,12.8516,12.90,12.79,27.10,29,25,26.07,6852124
2026-10-03 06:44:00,22.120241,22.178988,22.059967,0.024938,60,14.018158,14.091706,13.962005,0.028226,60,18.294931,18.335241,18.234531,0.024349,60,92.331667,92.700000,92.000000,0.306147,60,25.654184,25.694283,25.611504,0.016198,60,25.861272,25.894562,25.822464,0.018425,60,25.576790,25.616844,25.544746,0.015801,60,25.256667,25.300000,25.200000,0.049972,60,25.021979,25.045425,24.992111,0.011393,60,25.150971,25.174118,25.127609,0.009661,60,24.948990,24.974960,24.924149,0.012590,60,1001.600000,1001.600000,1001.600000,0.000053,60,1001.600000,1001.600000,1001.600000,0.000053,60,23.900000,23.900000,23.900000,0.000000,60,20.181182,20.851908,19.587379,0.388025,60,55.746026,56.304192,55.138424,0.373012,60,58.715662,59.612831,57.621754,0.529247,60,0.641175,0.650972,0.629230,0.005779,60,0.213315,0.220405,0.207039,0.004101,60,0.595925,0.601892,0.589430,0.003988,60,1.341826,1.457133,1.242113,0.051034,60,-178.848897,-178.739838,-179.012787,0.059239,60,-0.323361,-0.226462,-0.426202,0.048235,60,7.341713,7.462322,7.208187,0.055125,60,179.333616,179.448135,179.219589,0.053967,60,0.160662,0.292217,0.041500,0.054011,60,0.000000,13.300000,16.000000,10.000000,1.587024,60,2193.266667,2339.000000,1966.000000,83.819796,60,1.330000,1.600000,1.000000,0.158702,60,219.350613,8.298841,60,60,60,60,60,60,60,60,60,60,60,60,60,60,60,60,60,60,60,60,60,60,60,60,60,60,60,60,60,60,12.8535,12.92,12.81,27.06,29,25,26.03,6852158
2026-10-03 06:45:00,22.117673,22.180513,22.059967,0.023750,60,14.024185,14.094759,13.963531,0.031351,60,18.299433,18.352026,18.237583,0.026532,60,91.943333,92.100000,91.900000,0.056348,60,25.687963,25.723656,25.638206,0.015601,60,25.892960,25.950638,25.851837,0.017370,60,25.609901,25.646217,25.574120,0.015361,60,25.300000,25.300000,25.300000,0.000001,60,25.059771,25.082565,25.035263,0.011235,60,25.184759,25.210648,25.159103,0.012707,60,24.983527,25.008347,24.955521,0.011842,60,1001.600000,1001.600000,1001.600000,0.000053,60,1001.600000,1001.600000,1001.600000,0.000053,60,23.903333,24.100000,23.800000,0.068807,60,21.309543,21.742336,20.824924,0.277110,60,56.991703,57.641628,56.315723,0.406877,60,60.838450,62.348377,59.630978,0.876635,60,0.664356,0.680844,0.651170,0.009573,60,0.225242,0.229816,0.220119,0.002929,60,0.609241,0.616189,0.602015,0.004350,60,1.335304,1.405538,1.189487,0.049314,60,-178.862338,-178.739243,-178.972687,0.058035,60,-0.323780,-0.253687,-0.426898,0.040630,60,7.358419,7.495462,7.234386,0.054815,60,179.326629,179.489487,179.219040,0.055063,60,0.151404,0.254642,0.054981,0.048703,60,0.000000,9.416667,12.000000,7.000000,1.441417,60,2210.816667,2368.000000,2087.000000,70.508923,60,0.941667,1.200000,0.700000,0.144142,60,221.075875,6.987822,60,60,60,60,60,60,60,60,60,60,60,60,60,60,60,60,60,60,60,60,60,60,60,60,60,60,60,60,60,60,12.8567,12.93,12.81,27.03,29,25,26.05,6852192
2026-10-03 06:46:00,22.117418,22.153048,22.075228,0.022569,60,14.021668,14.062715,13.963531,0.022942,60,18.300069,18.367285,18.252842,0.027417,60,92.061667,92.500000,91.400000,0.238705,60,25.724012,25.766388,25.680931,0.015942,60,25.920686,25.963989,25.894562,0.014224,60,25.640565,25.672920,25.603493,0.014535,60,25.326667,25.400000,25.300000,0.044595,60,25.096094,25.127060,25.069168,0.012986,60,25.220918,25.249191,25.196274,0.012813,60,25.020007,25.046371,24.994492,0.011866,60,1001.600000,1001.600000,1001.600000,0.000053,60,1001.600000,1001.600000,1001.600000,0.000053,60,24.030000,24.100000,23.900000,0.096199,60,22.017180,22.165371,21.718555,0.127407,60,58.390985,59.001453,57.668991,0.398032,60,65.194669,68.315414,62.350594,1.713114,60,0.711926,0.746004,0.680868,0.018707,60,0.232722,0.234288,0.229565,0.001347,60,0.624200,0.630726,0.616481,0.004255,60,1.340653,1.431570,1.215617,0.047077,60,-178.877028,-178.741333,-179.040298,0.061121,60,-0.328047,-0.253002,-0.425507,0.036148,60,7.345357,7.482362,7.240387,0.052417,60,179.331572,179.448502,179.231979,0.050444,60,0.154344,0.253433,0.042002,0.054069,60,0.000000,10.150000,13.000000,8.000000,1.338162,60,2277.216667,2414.000000,2101.000000,75.923934,60,1.015000,1.300000,0.800000,0.133816,60,227.737551,7.521231,60,60,60,60,60,60,60,60,60,60,60,60,60,60,60,60,60,60,60,60,60,60,60,60,60,60,60,60,60,60,12.8610,12.92,12.82,27.08,29,26,26.07,6852226
2026-10-03 06:47:00,22.118334,22.185091,22.066072,0.025972,60,14.017319,14.077973,13.981842,0.022813,60,18.304112,18.356604,18.239109,0.026030,60,92.183333,92.300000,91.800000,0.129099,60,25.763314,25.793091,25.737007,0.016046,60,25.954643,25.990692,25.934616,0.015759,60,25.679863,25.728996,25.646217,0.016528,60,25.406667,25.500000,25.400000,0.025155,60,25.133291,25.163406,25.108017,0.013498,60,25.256895,25.290085,25.225052,0.013485,60,25.053961,25.081284,25.031052,0.012267,60,1001.676667,1001.700000,1001.600000,0.042652,60,1001.676667,1001.700000,1001.600000,0.042652,60,24.100000,24.300000,23.900000,0.063779,60,22.450500,22.942383,22.079165,0.232292,60,59.690690,60.395889,59.028828,0.413637,60,75.581141,83.127998,68.134392,4.610613,60,0.825346,0.907758,0.744028,0.050348,60,0.237302,0.242501,0.233377,0.002455,60,0.638093,0.645632,0.631018,0.004422,60,1.340682,1.513166,1.243288,0.056064,60,-178.878306,-178.754868,-179.010925,0.058968,60,-0.321796,-0.252221,-0.425785,0.042579,60,7.344466,7.478243,7.207041,0.052936,60,179.350581,179.477219,179.219589,0.059275,60,0.152527,0.292217,0.054981,0.046416,60,0.000000,8.850000,13.000000,6.000000,1.665452,60,2160.233333,2402.000000,2045.000000,65.094551,60,0.885000,1.300000,0.600000,0.166545,60,216.006661,6.441109,60,60,60,60,60,60,60,60,60,60,60,60,60,60,60,60,60,60,60,60,60,60,60,60,60,60,60,60,60,60,12.8648,12.92,12.81,27.09,29,25,26.11,6852259
2026-10-03 06:48:00,22.120139,22.174410,22.066072,0.027060,60,14.023830,14.081025,13.934539,0.032153,60,18.300348,18.388647,18.242161,0.027036,60,91.948333,92.600000,91.400000,0.263928,60,25.798698,25.835815,25.766388,0.018790,60,25.986776,26.033417,25.963989,0.016130,60,25.708969,25.745018,25.672920,0.016048,60,25.470000,25.500000,25.400000,0.046212,60,25.175304,25.198807,25.150040,0.013634,60,25.291605,25.315598,25.266464,0.012060,60,25.088800,25.113449,25.059280,0.013505,60,1001.700000,1001.700000,1001.700000,0.000052,60,1001.700000,1001.700000,1001.700000,0.000052,60,24.106667,24.300000,23.900000,0.097192,60,23.570739,24.179699,22.937580,0.388924,60,61.574892,63.233612,60.458088,0.836501,60,92.433560,101.010078,83.915848,5.168136,60,1.009374,1.103030,0.916361,0.056436,60,0.249143,0.255579,0.242450,0.004111,60,0.658236,0.675967,0.646297,0.008942,60,1.331446,1.433762,1.190625,0.051661,60,-178.865827,-178.755737,-179.011398,0.062460,60,-0.314801,-0.186405,-0.425507,0.050831,60,7.343294,7.443855,7.195086,0.055404,60,179.349546,179.476028,179.219406,0.067539,60,0.148442,0.227042,0.055499,0.040297,60,0.000000,10.433333,13.000000,8.000000,0.908839,60,2164.433333,2361.000000,1955.000000,83.313247,60,1.043333,1.300000,0.800000,0.090884,60,216.450632,8.248756,60,60,60,60,60,60,60,60,60,60,60,60,60,60,60,60,60,60,60,60,60,60,60,60,60,60,60,60,60,60,12.8694,12.93,12.82,27.00,29,25,26.16,6852293
2026-10-03 06:49:00,22.117800,22.188145,22.069124,0.027123,60,14.017243,14.067292,13.968108,0.024035,60,18.304900,18.358130,18.243687,0.028137,60,91.833333,91.900000,91.400000,0.125774,60,25.841957,25.878540,25.809113,0.015235,60,26.024427,26.062790,25.990692,0.015870,60,25.746935,25.771729,25.702293,0.016108,60,25.506667,25.600000,25.500000,0.025155,60,25.222160,25.253433,25.194290,0.016095,60,25.324345,25.349167,25.301529,0.011982,60,25.125216,25.149582,25.099625,0.013470,60,1001.700000,1001.700000,1001.700000,0.000052,60,1001.700000,1001.700000,1001.700000,0.000052,60,24.100000,24.100000,24.100000,0.000001,60,24.634711,25.216702,24.165749,0.300730,60,64.965446,65.749474,63.342415,0.678371,60,103.551019,107.549850,98.285820,2.335490,60,1.130777,1.174444,1.073281,0.025504,60,0.260389,0.266541,0.255432,0.003179,60,0.694481,0.702862,0.677130,0.007252,60,1.341696,1.457577,1.241330,0.052037,60,-178.883358,-178.783371,-178.997849,0.052394,60,-0.299496,-0.186815,-0.399631,0.047104,60,7.350091,7.486483,7.230392,0.056839,60,179.325499,179.449387,179.190201,0.059187,60,0.150379,0.252679,0.042002,0.042473,60,0.000000,9.483333,12.000000,6.000000,1.333933,60,2172.100000,2307.000000,1959.000000,83.385301,60,0.948333,1.200000,0.600000,0.133393,60,217.220770,8.263052,60,60,60,60,60,60,60,60,60,60,60,60,60,60,60,60,60,60,60,60,60,60,60,60,60,60,60,60,60,60,12.8757,12.93,12.83,27.00,29,25,26.13,6852327
2026-10-03 06:50:00,22.120877,22.192722,22.073702,0.025604,60,14.026576,14.085603,13.984894,0.024121,60,18.300958,18.393225,18.243687,0.031649,60,91.723333,92.100000,91.400000,0.218908,60,25.879252,25.921265,25.835815,0.016751,60,26.061588,26.089493,26.033417,0.015911,60,25.780140,25.814453,25.745018,0.017464,60,25.598333,25.600000,25.500000,0.012910,60,25.270362,25.310135,25.232559,0.016742,60,25.365182,25.391647,25.345352,0.011757,60,25.164322,25.197983,25.135941,0.013114,60,1001.741667,1001.800000,1001.700000,0.049717,60,1001.741667,1001.800000,1001.700000,0.049717,60,24.133333,24.300000,24.100000,0.075165,60,26.036687,26.789244,25.286903,0.459640,60,66.520440,67.996178,65.377632,0.878004,60,102.113640,106.371849,97.035660,2.704305,60,1.115081,1.161581,1.059629,0.029531,60,0.275208,0.283162,0.267283,0.004858,60,0.711103,0.726879,0.698887,0.009386,60,1.325497,1.404675,1.242505,0.042846,60,-178.893049,-178.742218,-179.011627,0.058997,60,-0.308190,-0.187226,-0.426202,0.054158,60,7.336543,7.486482,7.187135,0.050412,60,179.336406,179.475800,179.220123,0.053832,60,0.139907,0.226609,0.054464,0.043095,60,0.000000,10.200000,13.000000,7.000000,1.570922,60,2126.633333,2296.000000,1859.000000,86.853269,60,1.020000,1.300000,0.700000,0.157092,60,212.689171,8.594967,60,60,60,60,60,60,60,60,60,60,60,60,60,60,60,60,60,60,60,60,60,60,60,60,60,60,60,60,60,60,12.8795,12.93,12.83,27.04,29,25,26.16,6852361
2026-10-03 06:51:00,22.123522,22.165255,22.087435,0.022156,60,14.034663,14.117647,13.972687,0.030027,60,18.310673,18.379492,18.246738,0.027054,60,91.931667,92.100000,91.800000,0.059636,60,25.923401,25.963989,25.891891,0.018096,60,26.099150,26.134888,26.076141,0.018145,60,25.818993,25.857178,25.785080,0.016182,60,25.600000,25.600000,25.600000,0.000001,60,25.317966,25.353561,25.282486,0.015754,60,25.404023,25.432663,25.379807,0.014648,60,25.204503,25.233841,25.173782,0.013861,60,1001.800000,1001.800000,1001.800000,0.000000,60,1001.800000,1001.800000,1001.800000,0.000000,60,24.176667,24.300000,24.100000,0.098060,60,27.222855,27.536985,26.753803,0.229667,60,68.027097,71.343498,67.164040,0.846776,60,90.240707,96.759483,79.623421,4.539437,60,0.985429,1.056614,0.869488,0.049571,60,0.287746,0.291066,0.282788,0.002428,60,0.727210,0.762662,0.717984,0.009052,60,1.325361,1.428075,1.214078,0.048155,60,-178.877340,-178.716064,-178.998550,0.060074,60,-0.310839,-0.226370,-0.372935,0.037777,60,7.338523,7.494735,7.234386,0.048249,60,179.342705,179.516174,179.192459,0.061823,60,0.145598,0.253131,0.015722,0.047687,60,0.000000,10.666667,13.000000,8.000000,0.932768,60,2068.216667,2185.000000,1904.000000,74.793975,60,1.066667,1.300000,0.800000,0.093277,60,206.831373,7.412252,60,60,60,60,60,60,60,60,60,60,60,60,60,60,60,60,60,60,60,60,60,60,60,60,60,60,60,60,60,60,12.8839,12.94,12.83,26.94,29,25,26.23,6852394
2026-10-03 06:52:00,22.120597,22.180513,22.075228,0.022410,60,14.025355,14.103914,13.972687,0.027362,60,18.308766,18.381018,18.248264,0.030206,60,91.760000,91.900000,91.400000,0.192398,60,25.970576,26.020065,25.934616,0.019828,60,26.137914,26.177612,26.102844,0.016537,60,25.860783,25.897232,25.827805,0.016887,60,25.681667,25.700000,25.600000,0.039020,60,25.370845,25.401108,25.332474,0.017634,60,25.447425,25.477249,25.425125,0.013456,60,25.245677,25.270676,25.215988,0.012991,60,1001.800000,1001.800000,1001.800000,0.000000,60,1001.800000,1001.800000,1001.800000,0.000000,60,24.300000,24.300000,24.300000,0.000001,60,27.687422,27.799265,27.489193,0.080846,60,69.104140,74.777000,67.158165,2.355468,60,99.422564,104.632614,81.008125,5.525071,60,1.085694,1.142588,0.884609,0.060334,60,0.292656,0.293838,0.290561,0.000855,60,0.738723,0.799366,0.717921,0.025180,60,1.328489,1.493823,1.241330,0.053614,60,-178.886412,-178.754272,-179.011627,0.059106,60,-0.306597,-0.213368,-0.425785,0.044050,60,7.332447,7.429951,7.216166,0.050333,60,179.332994,179.448135,179.218506,0.052134,60,0.137021,0.253433,0.015628,0.052508,60,0.000000,8.933333,12.000000,5.000000,1.686101,60,2085.116667,2231.000000,1753.000000,106.041580,60,0.893333,1.200000,0.500000,0.168610,60,208.603878,10.468116,60,60,60,60,60,60,60,60,60,60,60,60,60,60,60,60,60,60,60,60,60,60,60,60,60,60,60,60,60,60,12.8880,12.94,12.84,26.90,29,25,26.27,6852428
2026-10-03 06:53:00,22.132474,22.183565,22.064547,0.024600,60,14.033621,14.105440,13.989471,0.025021,60,18.309300,18.365759,18.219273,0.029854,60,91.731667,91.900000,91.600000,0.079173,60,26.019976,26.062790,25.990692,0.016658,60,26.176233,26.220337,26.148239,0.018692,60,25.901505,25.953308,25.870529,0.018205,60,25.700000,25.700000,25.700000,0.000000,60,25.426004,25.463058,25.395706,0.016827,60,25.492583,25.520584,25.469467,0.013083,60,25.292605,25.326096,25.265182,0.013745,60,1001.800000,1001.800000,1001.800000,0.000000,60,1001.800000,1001.800000,1001.800000,0.000000,60,24.300000,24.300000,24.300000,0.000001,60,27.972692,28.259804,27.753304,0.142337,60,84.834694,91.486244,75.151794,5.349451,60,95.121430,101.074699,84.681114,3.867245,60,1.038726,1.103736,0.924718,0.042230,60,0.295671,0.298706,0.293352,0.001505,60,0.906883,0.977988,0.803373,0.057186,60,1.344056,1.458465,1.242113,0.051825,60,-178.877913,-178.713333,-179.010239,0.062987,60,-0.313213,-0.213192,-0.426202,0.046088,60,7.345843,7.476186,7.268610,0.040228,60,179.342323,179.448380,179.193207,0.057221,60,0.141376,0.266628,0.041801,0.055600,60,0.000000,9.016667,13.000000,5.000000,1.908870,60,2080.333333,2360.000000,1803.000000,156.332183,60,0.901667,1.300000,0.500000,0.190887,60,208.034762,15.505090,60,60,60,60,60,60,60,60,60,60,60,60,60,60,60,60,60,60,60,60,60,60,60,60,60,60,60,60,60,60,12.8940,12.94,12.84,27.02,29,26,26.35,6852462
2026-10-03 06:54:00,22.126930,22.188145,22.055389,0.030580,60,14.039673,14.105440,13.958953,0.028407,60,18.313777,18.367285,18.255894,0.027869,60,91.208333,91.600000,91.000000,0.205263,60,26.076052,26.121536,26.033417,0.022812,60,26.221939,26.260399,26.190964,0.017938,60,25.940313,25.982681,25.897232,0.021718,60,25.700000,25.700000,25.700000,0.000000,60,25.484982,25.526779,25.453232,0.020979,60,25.533244,25.562820,25.499832,0.014743,60,25.338952,25.372665,25.301010,0.017498,60,1001.800000,1001.800000,1001.800000,0.000000,60,1001.800000,1001.800000,1001.800000,0.000000,60,24.236667,24.300000,24.100000,0.093820,60,28.589323,29.005943,28.250883,0.214464,60,93.734757,98.712662,90.075531,2.505341,60,105.886123,121.993523,85.491531,9.319129,60,1.156276,1.332169,0.933568,0.101765,60,0.302189,0.306593,0.298612,0.002267,60,1.002025,1.055238,0.962907,0.026782,60,1.307441,1.428075,1.214078,0.050132,60,-178.866582,-178.713638,-178.995956,0.053601,60,-0.295385,-0.226462,-0.373314,0.042839,60,7.331096,7.465919,7.203052,0.052407,60,179.330731,179.449509,179.218506,0.055341,60,0.144136,0.291738,0.042002,0.052651,60,0.000000,9.533333,12.000000,7.000000,1.213856,60,1988.816667,2312.000000,1698.000000,153.359276,60,0.953333,1.200000,0.700000,0.121386,60,198.798986,15.188530,60,60,60,60,60,60,60,60,60,60,60,60,60,60,60,60,60,60,60,60,60,60,60,60,60,60,60,60,60,60,12.8983,12.95,12.84,26.95,29,25,26.36,6852496
2026-10-03 06:55:00,22.120572,22.188145,22.069124,0.029770,60,14.034511,14.091706,13.977264,0.025908,60,18.316472,18.370337,18.239109,0.032509,60,91.353333,91.600000,91.000000,0.283122,60,26.133152,26.177612,26.089493,0.021826,60,26.264135,26.303123,26.220337,0.018452,60,25.987488,26.025406,25.939957,0.018662,60,25.735000,25.800000,25.700000,0.048099,60,25.555015,25.597275,25.510971,0.023045,60,25.580815,25.615280,25.544510,0.017026,60,25.388156,25.415604,25.357986,0.014464,60,1001.810000,1001.900000,1001.800000,0.030253,60,1001.810000,1001.900000,1001.800000,0.030253,60,24.236667,24.300000,24.100000,0.093820,60,29.513743,30.067415,28.992455,0.318314,60,88.915795,94.640862,84.593468,3.117646,60,119.932347,131.527756,110.901512,5.880031,60,1.309661,1.436283,1.211045,0.064210,60,0.311960,0.317813,0.306450,0.003365,60,0.950510,1.011711,0.904304,0.033328,60,1.309353,1.428075,1.187594,0.046119,60,-178.881495,-178.753387,-178.998093,0.056420,60,-0.288800,-0.213634,-0.373441,0.037019,60,7.329268,7.456158,7.204204,0.052880,60,179.345995,179.488922,179.233582,0.059782,60,0.140007,0.253885,0.055292,0.042911,60,0.000000,9.166667,11.000000,7.000000,1.044220,60,2115.683333,2315.000000,1770.000000,122.128786,60,0.916667,1.100000,0.700000,0.104422,60,211.613629,12.075766,60,60,60,60,60,60,60,60,60,60,60,60,60,60,60,60,60,60,60,60,60,60,60,60,60,60,60,60,60,60,12.9040,12.96,12.86,26.95,29,25,26.46,6852530
2026-10-03 06:56:00,22.128074,22.192722,22.070650,0.022798,60,14.039928,14.108492,13.980316,0.026890,60,18.315607,18.388647,18.257420,0.029962,60,90.635000,90.900000,90.300000,0.217712,60,26.197328,26.247040,26.134888,0.023108,60,26.305393,26.345848,26.247040,0.018368,60,26.037823,26.081482,25.996033,0.016171,60,25.800000,25.800000,25.800000,0.000001,60,25.629379,25.675644,25.588150,0.021476,60,25.625516,25.656815,25.584854,0.014273,60,25.438869,25.467880,25.400192,0.017028,60,1001.816667,1001.900000,1001.800000,0.037582,60,1001.816667,1001.900000,1001.800000,0.037582,60,24.100000,24.100000,24.100000,0.000001,60,30.611523,30.989857,30.078392,0.279827,60,106.942480,118.215523,93.847397,7.835117,60,146.608577,153.966949,133.170959,5.542058,60,1.600966,1.681319,1.454227,0.060519,60,0.323564,0.327563,0.317929,0.002958,60,1.143215,1.263724,1.003229,0.083757,60,1.321610,1.430258,1.215617,0.046071,60,-178.881997,-178.755737,-178.998795,0.046794,60,-0.271245,-0.107282,-0.373061,0.046388,60,7.344504,7.445903,7.275687,0.040096,60,179.350193,179.476273,179.193588,0.059968,60,0.139710,0.227042,0.002442,0.045893,60,0.000000,9.250000,12.000000,6.000000,1.457011,60,2231.933333,2431.000000,2004.000000,101.304519,60,0.925000,1.200000,0.600000,0.145701,60,223.208459,10.035591,60,60,60,60,60,60,60,60,60,60,60,60,60,60,60,60,60,60,60,60,60,60,60,60,60,60,60,60,60,60,12.9066,12.96,12.86,26.87,29,25,26.51,6852563
2026-10-03 06:57:00,22.131406,22.183565,22.075228,0.024262,60,14.036774,14.094759,13.980316,0.029539,60,18.317159,18.358130,18.243687,0.028128,60,90.361667,90.400000,90.300000,0.049030,60,26.265870,26.303123,26.220337,0.026344,60,26.350521,26.388573,26.303123,0.019260,60,26.081304,26.110855,26.038757,0.018157,60,25.800000,25.800000,25.800000,0.000001,60,25.708103,25.755569,25.647903,0.024268,60,25.669504,25.703140,25.638382,0.015079,60,25.492148,25.525497,25.462845,0.016644,60,1001.893333,1001.900000,1001.800000,0.025155,60,1001.893333,1001.900000,1001.800000,0.025155,60,24.166667,24.300000,24.100000,0.095077,60,31.310958,31.573872,30.980709,0.170177,60,117.381326,124.318230,114.186485,2.802657,60,146.885617,151.492111,143.760818,1.616201,60,1.603991,1.654294,1.569868,0.017649,60,0.330957,0.333736,0.327466,0.001799,60,1.254806,1.328962,1.220653,0.029960,60,1.311170,1.493823,1.213309,0.047547,60,-178.892635,-178.648163,-179.011627,0.065125,60,-0.273044,-0.186405,-0.359406,0.042979,60,7.326079,7.459767,7.195086,0.054327,60,179.339198,179.449142,179.192657,0.057185,60,0.138859,0.214271,0.042303,0.042634,60,0.000000,6.066667,9.000000,2.000000,1.624669,60,2298.866667,2641.000000,2031.000000,85.507551,60,0.606667,0.900000,0.200000,0.162467,60,229.865475,8.429563,60,60,60,60,60,60,60,60,60,60,60,60,60,60,60,60,60,60,60,60,60,60,60,60,60,60,60,60,60,60,12.9134,12.96,12.86,26.97,29,25,26.61,6852597
2026-10-03 06:58:00,22.128532,22.192722,22.052338,0.025197,60,14.039953,14.113070,13.949798,0.032812,60,18.322423,18.408484,18.278782,0.027777,60,90.583333,90.900000,90.200000,0.164849,60,26.341531,26.388573,26.289772,0.023233,60,26.394937,26.431297,26.359200,0.016000,60,26.142543,26.182953,26.094833,0.020780,60,25.800000,25.800000,25.800000,0.000001,60,25.791399,25.833847,25.750717,0.024330,60,25.714192,25.740799,25.687271,0.015290,60,25.553605,25.600052,25.516495,0.021539,60,1001.896667,1001.900000,1001.800000,0.018102,60,1001.896667,1001.900000,1001.800000,0.018102,60,24.300000,24.300000,24.300000,0.000001,60,31.708667,31.814203,31.515789,0.076643,60,136.244874,150.406723,124.565918,6.913701,60,155.691529,159.334686,149.388611,3.237924,60,1.700152,1.739935,1.631324,0.035358,60,0.335161,0.336276,0.333122,0.000810,60,1.456458,1.607848,1.331610,0.073907,60,1.301304,1.430258,1.190245,0.059167,60,-178.885106,-178.744583,-179.000671,0.067230,60,-0.267499,-0.147349,-0.373441,0.049266,60,7.329168,7.423814,7.210180,0.056552,60,179.361726,179.515732,179.190964,0.063855,60,0.138415,0.254339,0.041300,0.046519,60,0.000000,5.300000,10.000000,2.000000,2.149497,60,2272.383333,2594.000000,2017.000000,142.172024,60,0.530000,1.000000,0.200000,0.214950,60,227.166338,14.083896,60,60,60,60,60,60,60,60,60,60,60,60,60,60,60,60,60,60,60,60,60,60,60,60,60,60,60,60,60,60,12.9163,12.98,12.87,26.93,29,25,26.68,6852631
2026-10-03 06:59:00,22.129651,22.180513,22.070650,0.024979,60,14.036367,14.099337,13.984894,0.024988,60,18.326518,18.381018,18.266575,0.026853,60,90.076667,90.600000,89.800000,0.271447,60,26.418035,26.487373,26.361870,0.027881,60,26.437483,26.487373,26.401924,0.018333,60,26.199420,26.239029,26.153580,0.022168,60,25.876667,25.900000,25.800000,0.042652,60,25.874752,25.923935,25.820358,0.026729,60,25.762592,25.799789,25.732407,0.017100,60,25.625358,25.666122,25.577560,0.023343,60,1001.900000,1001.900000,1001.900000,0.000000,60,1001.900000,1001.900000,1001.900000,0.000000,60,24.150000,24.300000,24.100000,0.087333,60,31.826366,32.050640,31.716331,0.067758,60,172.955978,187.834137,151.287949,11.085254,60,160.509923,162.066040,159.210770,0.569494,60,1.752768,1.769761,1.738582,0.006219,60,0.336405,0.338775,0.335242,0.000716,60,1.848899,2.007947,1.617268,0.118501,60,1.293968,1.385256,1.172287,0.045167,60,-178.895395,-178.743103,-179.066254,0.059508,60,-0.268665,-0.160111,-0.400296,0.045941,60,7.313126,7.412758,7.218427,0.050690,60,179.358202,179.476395,179.220123,0.057364,60,0.133627,0.226753,0.015252,0.050020,60,0.000000,6.466667,8.000000,4.000000,0.832938,60,2362.933333,2608.000000,2111.000000,80.848439,60,0.646667,0.800000,0.400000,0.083294,60,236.298451,7.992844,60,60,60,60,60,60,60,60,60,60,60,60,60,60,60,60,60,60,60,60,60,60,60,60,60,60,60,60,60,60,12.9197,12.99,12.87,27.00,29,25,26.69,6852665
2026-10-03 07:00:00,22.132753,22.197300,22.061493,0.024760,60,14.044531,14.100863,13.968108,0.026886,60,18.327484,18.402380,18.266575,0.026717,60,89.693333,90.000000,89.500000,0.183992,60,26.501170,26.556801,26.431297,0.030403,60,26.486216,26.527428,26.444649,0.019183,60,26.267562,26.321815,26.223007,0.026425,60,25.900000,25.900000,25.900000,0.000000,60,25.956789,26.001572,25.906296,0.027254,60,25.817282,25.851395,25.777115,0.018226,60,25.708680,25.749374,25.660690,0.025373,60,1001.900000,1001.900000,1001.900000,0.000000,60,1001.900000,1001.900000,1001.900000,0.000000,60,24.100000,24.100000,24.100000,0.000001,60,32.545401,33.087193,32.068020,0.298517,60,193.396643,197.521881,187.907425,2.768669,60,168.281579,179.165359,159.482529,5.717878,60,1.837635,1.956486,1.741549,0.062439,60,0.344005,0.349732,0.338959,0.003155,60,2.067410,2.111509,2.008730,0.029597,60,1.290008,1.453591,1.175285,0.052938,60,-178.910010,-178.757217,-179.039185,0.064955,60,-0.255454,-0.185507,-0.359160,0.038240,60,7.311249,7.452053,7.176823,0.050168,60,179.360529,179.516174,179.256363,0.056989,60,0.121379,0.213423,0.002078,0.044065,60,0.000000,8.316667,12.000000,5.000000,1.512565,60,2570.833333,2833.000000,2405.000000,123.644675,60,0.831667,1.200000,0.500000,0.151257,60,257.029308,12.250714,60,60,60,60,60,60,60,60,60,60,60,60,60,60,60,60,60,60,60,60,60,60,60,60,60,60,60,60,60,60,12.9288,12.99,12.88,26.90,29,25,26.77,6852699
2026-10-03 07:01:00,22.126396,22.189671,22.064547,0.026298,60,14.043768,14.100863,13.971161,0.029067,60,18.326314,18.417639,18.271152,0.029104,60,89.581667,90.000000,89.100000,0.231789,60,26.576828,26.628899,26.530098,0.027309,60,26.538554,26.599525,26.500725,0.022531,60,26.341131,26.393913,26.295113,0.027463,60,25.908333,26.000000,25.900000,0.027872,60,26.042794,26.091690,25.995163,0.026879,60,25.883468,25.927567,25.840591,0.021528,60,25.799108,25.843094,25.754379,0.026181,60,1001.900000,1001.900000,1001.900000,0.000000,60,1001.900000,1001.900000,1001.900000,0.000000,60,24.080000,24.100000,23.900000,0.060506,60,33.522743,34.017864,33.045116,0.288634,60,201.235156,204.820450,197.748520,2.110557,60,174.294633,180.218979,165.351074,3.270588,60,1.903297,1.967991,1.805634,0.035715,60,0.354335,0.359569,0.349287,0.003051,60,2.151204,2.189531,2.113932,0.022562,60,1.288120,1.427203,1.148396,0.052051,60,-178.913784,-178.756332,-179.077637,0.060082,60,-0.245204,-0.120101,-0.359776,0.047614,60,7.323753,7.483106,7.236386,0.049601,60,179.339752,179.488556,179.217957,0.055524,60,0.103108,0.226609,0.002533,0.047802,60,0.000000,9.966667,12.000000,8.000000,0.956098,60,2729.883333,2944.000000,2482.000000,106.496931,60,0.996667,1.200000,0.800000,0.095610,60,273.007415,10.545316,60,60,60,60,60,60,60,60,60,60,60,60,60,60,60,60,60,60,60,60,60,60,60,60,60,60,60,60,60,60,12.9305,13.00,12.88,26.91,29,25,26.80,6852732
2026-10-03 07:02:00,22.124234,22.180513,22.061493,0.026590,60,14.051245,14.103914,14.007782,0.022165,60,18.320465,18.371862,18.275730,0.022700,60,89.035000,89.700000,88.900000,0.138790,60,26.662678,26.717018,26.599525,0.031039,60,26.600594,26.639580,26.556801,0.025514,60,26.418213,26.463341,26.364540,0.025897,60,25.998333,26.000000,25.900000,0.012910,60,26.125325,26.170853,26.082809,0.023684,60,25.958233,26.006180,25.910049,0.025425,60,25.889147,25.940536,25.842514,0.027942,60,1001.900000,1001.900000,1001.900000,0.000000,60,1001.900000,1001.900000,1001.900000,0.000000,60,24.040000,24.100000,23.900000,0.092425,60,34.457583,34.715069,34.022667,0.201528,60,207.548250,209.143539,204.831543,1.273418,60,166.656765,177.158569,153.224686,7.187703,60,1.819892,1.934572,1.673214,0.078490,60,0.364217,0.366938,0.359620,0.002130,60,2.218691,2.235744,2.189649,0.013613,60,1.280670,1.397802,1.147290,0.049028,60,-178.906044,-178.780487,-179.011398,0.052433,60,-0.229635,-0.120565,-0.319578,0.040468,60,7.321874,7.472076,7.234386,0.053112,60,179.337791,179.448746,179.192093,0.061515,60,0.117725,0.227187,0.015440,0.044389,60,0.000000,12.916667,16.000000,9.000000,1.933572,60,2946.516667,3135.000000,2814.000000,94.026410,60,1.291667,1.600000,0.900000,0.193357,60,294.633919,9.320599,60,60,60,60,60,60,60,60,60,60,60,60,60,60,60,60,60,60,60,60,60,60,60,60,60,60,60,60,60,60,12.9359,12.99,12.89,26.90,29,25,26.88,6852766
2026-10-03 07:03:00,22.130337,22.185091,22.061493,0.024681,60,14.053076,14.122225,13.990997,0.028340,60,18.321075,18.394751,18.278782,0.027536,60,89.000000,89.500000,88.900000,0.114980,60,26.739674,26.786453,26.687645,0.025175,60,26.670021,26.714348,26.626228,0.022686,60,26.499924,26.562141,26.433968,0.026758,60,26.000000,26.000000,26.000000,0.000000,60,26.202638,26.256516,26.154099,0.024260,60,26.032971,26.083115,25.992020,0.022443,60,25.978231,26.020950,25.926224,0.027930,60,1001.900000,1001.900000,1001.900000,0.000000,60,1001.900000,1001.900000,1001.900000,0.000000,60,24.110000,24.300000,24.100000,0.043957,60,35.135142,35.808098,34.664078,0.338963,60,211.109814,214.037750,209.093979,1.561369,60,148.262733,159.240631,142.349106,5.062343,60,1.619029,1.738908,1.554452,0.055281,60,0.371378,0.378492,0.366399,0.003583,60,2.256764,2.288064,2.235215,0.016691,60,1.275977,1.391227,1.149134,0.054099,60,-178.914046,-178.740723,-179.106873,0.061600,60,-0.240175,-0.147131,-0.359776,0.045955,60,7.300420,7.456158,7.185148,0.055002,60,179.350874,179.542984,179.218674,0.060721,60,0.099671,0.226753,0.002715,0.052739,60,0.000000,11.466667,16.000000,8.000000,2.086816,60,2935.083333,3189.000000,2475.000000,201.805939,60,1.146667,1.600000,0.800000,0.208682,60,293.920791,19.936225,60,60,60,60,60,60,60,60,60,60,60,60,60,60,60,60,60,60,60,60,60,60,60,60,60,60,60,60,60,60,12.9415,13.00,12.89,26.95,29,25,26.89,6852800
2026-10-03 07:04:00,22.133237,22.217136,22.079805,0.026241,60,14.054983,14.110018,13.962005,0.029280,60,18.328374,18.397802,18.265049,0.028708,60,89.013333,89.500000,88.500000,0.166180,60,26.818497,26.871902,26.773102,0.025861,60,26.741053,26.783783,26.700996,0.022506,60,26.581501,26.644920,26.532768,0.028830,60,26.098333,26.100000,26.000000,0.012910,60,26.284055,26.331894,26.239670,0.025763,60,26.108818,26.152267,26.061752,0.022162,60,26.069637,26.117081,26.019333,0.027272,60,1001.900000,1001.900000,1001.900000,0.000000,60,1001.900000,1001.900000,1001.900000,0.000000,60,24.103333,24.300000,24.100000,0.025820,60,36.465988,37.036266,35.834854,0.360336,60,215.672874,217.528000,209.767593,1.637503,60,185.467908,207.694855,160.055038,14.876723,60,2.025310,2.268028,1.747801,0.162454,60,0.385445,0.391473,0.378774,0.003809,60,2.305543,2.325374,2.242415,0.017505,60,1.271317,1.389944,1.146922,0.056419,60,-178.934015,-178.822556,-179.038727,0.050383,60,-0.228356,-0.146623,-0.332854,0.038767,60,7.310117,7.419727,7.098115,0.061393,60,179.338474,179.475800,179.232864,0.057055,60,0.100211,0.227042,-0.024355,0.049564,60,0.000000,6.633333,10.000000,5.000000,1.040969,60,2646.200000,2844.000000,2463.000000,93.385260,60,0.663333,1.000000,0.500000,0.104097,60,264.622751,9.254812,60,60,60,60,60,60,60,60,60,60,60,60,60,60,60,60,60,60,60,60,60,60,60,60,60,60,60,60,60,60,12.9467,13.03,12.89,26.82,29,25,26.95,6852836
2026-10-03 07:05:00,22.141578,22.194248,22.087435,0.022129,60,14.053000,14.096285,13.998627,0.023689,60,18.329722,18.371862,18.271152,0.023935,60,89.201667,89.400000,88.700000,0.207071,60,26.904391,26.954681,26.842529,0.030403,60,26.810085,26.853210,26.757080,0.023883,60,26.665660,26.719688,26.618217,0.028983,60,26.128333,26.200000,26.100000,0.045442,60,26.381042,26.435501,26.326523,0.029645,60,26.188040,26.231125,26.138657,0.024884,60,26.163715,26.220657,26.103745,0.027038,60,1001.900000,1001.900000,1001.900000,0.000000,60,1001.900000,1001.900000,1001.900000,0.000000,60,24.333333,24.400000,24.100000,0.085701,60,37.354293,37.650009,36.982300,0.184845,60,193.748599,210.880875,179.630829,9.314902,60,215.637277,218.574860,208.435776,2.610981,60,2.354759,2.386837,2.276119,0.028512,60,0.394835,0.397961,0.390903,0.001954,60,2.071172,2.254316,1.920253,0.099576,60,1.262915,1.452266,1.172287,0.055240,60,-178.922227,-178.784225,-179.039841,0.051118,60,-0.221366,-0.121097,-0.293886,0.043538,60,7.294359,7.404597,7.195085,0.050151,60,179.359658,179.489151,179.233398,0.058398,60,0.107375,0.251928,0.002533,0.050704,60,0.000000,10.200000,14.000000,8.000000,1.470616,60,2642.500000,2968.000000,2407.000000,133.900608,60,1.020000,1.400000,0.800000,0.147062,60,264.201174,13.259964,60,60,60,60,60,60,60,60,60,60,60,60,60,60,60,60,60,60,60,60,60,60,60,60,60,60,60,60,60,60,12.9492,13.00,12.90,26.89,28,25,26.95,6852869
2026-10-03 07:06:00,22.133923,22.197300,22.075228,0.026981,60,14.058417,14.117647,14.000153,0.026672,60,18.334732,18.390173,18.292515,0.025626,60,89.013333,89.600000,88.300000,0.366137,60,26.995848,27.053482,26.941330,0.029129,60,26.888458,26.952011,26.839859,0.025837,60,26.764287,26.815826,26.703667,0.027089,60,26.200000,26.200000,26.200000,0.000000,60,26.476311,26.523575,26.426132,0.026860,60,26.268816,26.314102,26.221054,0.025218,60,26.252393,26.299301,26.195816,0.026773,60,1001.898333,1001.900000,1001.800000,0.012910,60,1001.898333,1001.900000,1001.800000,0.012910,60,24.323333,24.400000,24.100000,0.083090,60,37.887895,38.122665,37.577526,0.143541,60,178.803732,192.203583,169.243469,6.156704,60,220.815036,222.819901,218.707626,1.264612,60,2.411300,2.433193,2.388287,0.013810,60,0.400475,0.402957,0.397194,0.001517,60,1.911412,2.054656,1.809213,0.065815,60,1.261890,1.385681,1.136415,0.055379,60,-178.931514,-178.781357,-179.120422,0.064934,60,-0.210971,-0.120300,-0.293241,0.039165,60,7.293825,7.400523,7.184341,0.046939,60,179.355494,179.489487,179.165527,0.071333,60,0.096605,0.213141,0.001715,0.048772,60,0.000000,12.050000,15.000000,8.000000,1.770043,60,2378.050000,2544.000000,2241.000000,62.178100,60,1.205000,1.500000,0.800000,0.177004,60,237.798411,6.160638,60,60,60,60,60,60,60,60,60,60,60,60,60,60,60,60,60,60,60,60,60,60,60,60,60,60,60,60,60,60,12.9570,13.03,12.90,26.81,28,25,26.97,6852903
2026-10-03 07:07:00,22.134025,22.188145,22.079805,0.026463,60,14.056509,14.103914,13.986420,0.026763,60,18.326085,18.394751,18.265049,0.029914,60,88.105000,88.300000,87.900000,0.114129,60,27.084279,27.138931,27.026779,0.028487,60,26.965363,27.024109,26.925308,0.025001,60,26.850629,26.914627,26.789124,0.028772,60,26.200000,26.200000,26.200000,0.000000,60,26.566547,26.613327,26.521652,0.024859,60,26.353503,26.405228,26.307175,0.027733,60,26.336014,26.376389,26.294998,0.022956,60,1001.900000,1001.900000,1001.900000,0.000000,60,1001.900000,1001.900000,1001.900000,0.000000,60,24.100000,24.100000,24.100000,0.000001,60,38.221070,38.347675,38.096825,0.061426,60,160.517421,171.333206,151.711609,7.201490,60,224.899499,226.789673,222.990082,1.178347,60,2.455903,2.476543,2.435052,0.012868,60,0.403997,0.405335,0.402683,0.000649,60,1.715931,1.831552,1.621797,0.076984,60,1.258459,1.362226,1.148027,0.050576,60,-178.920903,-178.782791,-179.039185,0.052855,60,-0.208289,-0.107282,-0.320261,0.046537,60,7.301506,7.445904,7.170864,0.060364,60,179.364252,179.475800,179.259125,0.051270,60,0.081407,0.186377,-0.050697,0.048893,60,0.000000,10.100000,12.000000,8.000000,1.271593,60,2479.600000,2744.000000,2338.000000,108.573524,60,1.010000,1.200000,0.800000,0.127159,60,247.907548,10.749348,60,60,60,60,60,60,60,60,60,60,60,60,60,60,60,60,60,60,60,60,60,60,60,60,60,60,60,60,60,60,12.9581,13.02,12.90,26.81,29,25,26.97,6852937
2026-10-03 07:08:00,22.129015,22.180513,22.073702,0.026629,60,14.065131,14.169528,14.007782,0.031789,60,18.341217,18.399328,18.283360,0.025413,60,88.116667,89.000000,87.900000,0.275660,60,27.170574,27.227051,27.109558,0.028417,60,27.051435,27.106888,27.008087,0.026844,60,26.932696,26.984055,26.887924,0.025042,60,26.200000,26.200000,26.200000,0.000000,60,26.656601,26.698380,26.604721,0.025447,60,26.447413,26.502579,26.396500,0.028482,60,26.413851,26.461105,26.362228,0.026749,60,1001.900000,1001.900000,1001.900000,0.000000,60,1001.900000,1001.900000,1001.900000,0.000000,60,24.126667,24.300000,24.100000,0.068561,60,38.361358,38.455376,38.234940,0.052869,60,176.837732,198.229614,154.902161,14.478760,60,228.842843,230.739288,226.910507,1.183056,60,2.498964,2.519673,2.477863,0.012919,60,0.405480,0.406473,0.404143,0.000559,60,1.890395,2.119075,1.655904,0.154778,60,1.234119,1.363488,1.148027,0.053050,60,-178.921723,-178.849075,-179.011627,0.049147,60,-0.198957,-0.107156,-0.319919,0.044939,60,7.280948,7.412758,7.155777,0.055735,60,179.367342,179.489151,179.233582,0.058241,60,0.089280,0.227476,-0.023593,0.048676,60,0.000000,11.133333,14.000000,8.000000,1.651570,60,2450.400000,2708.000000,2311.000000,85.756099,60,1.113333,1.400000,0.800000,0.165157,60,245.004735,8.481703,60,60,60,60,60,60,60,60,60,60,60,60,60,60,60,60,60,60,60,60,60,60,60,60,60,60,60,60,60,60,12.9659,13.03,12.92,26.89,29,25,27.00,6852971
2026-10-03 07:09:00,22.133211,22.188145,22.075228,0.026348,60,14.061799,14.140535,13.994049,0.026836,60,18.334631,18.388647,18.271152,0.026243,60,88.835000,89.200000,88.400000,0.195565,60,27.260968,27.325859,27.211029,0.030022,60,27.140533,27.192337,27.093536,0.026481,60,27.026112,27.069504,26.957352,0.030980,60,26.200000,26.200000,26.200000,0.000000,60,26.741011,26.784439,26.698380,0.023720,60,26.546949,26.594101,26.492477,0.030429,60,26.504881,26.555099,26.449631,0.027820,60,1001.900000,1001.900000,1001.900000,0.000000,60,1001.900000,1001.900000,1001.900000,0.000000,60,24.293333,24.300000,24.100000,0.036204,60,38.581309,38.756073,38.379913,0.104603,60,222.221418,234.815170,198.108185,11.366197,60,232.026876,232.718216,230.904160,0.575443,60,2.533733,2.541283,2.521473,0.006284,60,0.407804,0.409652,0.405676,0.001106,60,2.375547,2.510174,2.117776,0.121505,60,1.238782,1.357613,1.105909,0.047577,60,-178.954554,-178.846909,-179.066254,0.056362,60,-0.208547,-0.120632,-0.319919,0.043384,60,7.272849,7.413604,7.151818,0.053610,60,179.355066,179.476273,179.220490,0.061526,60,0.080136,0.212859,-0.024101,0.054602,60,0.000000,14.850000,18.000000,13.000000,1.705673,60,2497.716667,2638.000000,2364.000000,59.381014,60,1.485000,1.800000,1.300000,0.170567,60,249.772437,5.883455,60,60,60,60,60,60,60,60,60,60,60,60,60,60,60,60,60,60,60,60,60,60,60,60,60,60,60,60,60,60,12.9687,13.02,12.92,26.84,29,25,27.00,6853004
2026-10-03 07:10:00,22.137916,22.203403,22.082857,0.022567,60,14.065512,14.160373,13.995575,0.028979,60,18.330917,18.393225,18.275730,0.025093,60,88.616667,88.800000,88.100000,0.187912,60,27.342548,27.395287,27.296486,0.023607,60,27.235420,27.293816,27.162964,0.029990,60,27.109158,27.154953,27.056152,0.023557,60,26.206667,26.300000,26.200000,0.025155,60,26.810357,26.842697,26.772720,0.018881,60,26.639140,26.686081,26.582352,0.025825,60,26.592304,26.635605,26.543655,0.026546,60,1001.900000,1001.900000,1001.900000,0.000000,60,1001.900000,1001.900000,1001.900000,0.000000,60,24.270000,24.300000,24.100000,0.072017,60,38.662425,38.776878,38.454460,0.065957,60,237.129989,237.934738,234.751816,0.730842,60,232.740839,233.039551,232.530304,0.105982,60,2.541530,2.544792,2.539231,0.001157,60,0.408662,0.409872,0.406464,0.000697,60,2.534919,2.543522,2.509497,0.007813,60,1.242248,1.361806,1.105193,0.051961,60,-178.945991,-178.861816,-179.080872,0.051621,60,-0.194641,-0.120234,-0.332854,0.039622,60,7.287932,7.403418,7.185149,0.052078,60,179.369974,179.516724,179.233047,0.058361,60,0.085911,0.227766,-0.024271,0.059037,60,0.000000,14.883333,19.000000,11.000000,1.975199,60,2422.466667,2544.000000,2203.000000,100.998484,60,1.488333,1.900000,1.100000,0.197520,60,242.287015,10.008628,60,60,60,60,60,60,60,60,60,60,60,60,60,60,60,60,60,60,60,60,60,60,60,60,60,60,60,60,60,60,12.9746,13.05,12.92,26.84,29,25,27.00,6853038
2026-10-03 07:11:00,22.141273,22.207981,22.084383,0.025567,60,14.068360,14.146639,14.016937,0.025351,60,18.340353,18.411535,18.297092,0.027177,60,88.636667,88.900000,88.100000,0.193072,60,27.421455,27.464714,27.381935,0.026213,60,27.326438,27.376595,27.264442,0.033240,60,27.189667,27.240402,27.125580,0.028388,60,26.293333,26.300000,26.200000,0.025155,60,26.883244,26.930069,26.834763,0.024680,60,26.731588,26.785172,26.686264,0.028743,60,26.675847,26.715561,26.632187,0.026146,60,1001.900000,1001.900000,1001.900000,0.000000,60,1001.900000,1001.900000,1001.900000,0.000000,60,24.311667,24.400000,24.100000,0.110610,60,38.857794,39.089241,38.665291,0.127653,60,239.180321,240.418030,238.019760,0.715317,60,234.333475,235.569260,233.105942,0.749962,60,2.558922,2.572416,2.545517,0.008190,60,0.410727,0.413173,0.408692,0.001349,60,2.556838,2.570069,2.544431,0.007647,60,1.233474,1.345463,1.080818,0.055172,60,-178.951320,-178.740723,-179.080002,0.062423,60,-0.189453,-0.107662,-0.292811,0.039289,60,7.284088,7.410717,7.155777,0.051312,60,179.360629,179.543793,179.219955,0.065270,60,0.079649,0.188133,-0.050619,0.053842,60,0.000000,13.733333,16.000000,11.000000,1.071458,60,2251.083333,2363.000000,2151.000000,50.699945,60,1.373333,1.600000,1.100000,0.107146,60,225.108171,5.025827,60,60,60,60,60,60,60,60,60,60,60,60,60,60,60,60,60,60,60,60,60,60,60,60,60,60,60,60,60,60,12.9787,13.04,12.93,26.85,29,25,27.00,6853072
2026-10-03 07:12:00,22.145571,22.224766,22.092012,0.028498,60,14.071158,14.154268,14.003204,0.030201,60,18.342438,18.402380,18.301670,0.028604,60,88.936667,89.500000,88.500000,0.205819,60,27.497870,27.550163,27.438011,0.026257,60,27.417583,27.462044,27.363243,0.028216,60,27.274677,27.325859,27.227051,0.025072,60,26.303333,26.400000,26.300000,0.018102,60,26.964046,27.003922,26.913559,0.024422,60,26.822161,26.876816,26.774063,0.025118,60,26.755810,26.795212,26.711319,0.023276,60,1001.900000,1001.900000,1001.900000,0.000000,60,1001.900000,1001.900000,1001.900000,0.000000,60,24.426667,24.600000,24.400000,0.068561,60,39.312750,39.599625,38.982906,0.170974,60,242.122613,243.698166,240.428421,1.033349,60,237.403271,238.993729,235.660675,1.061173,60,2.592444,2.609812,2.573415,0.011588,60,0.415536,0.418568,0.412049,0.001807,60,2.588291,2.605133,2.570180,0.011047,60,1.230931,1.360966,1.106626,0.057607,60,-178.952192,-178.847733,-179.077637,0.058058,60,-0.181065,-0.054302,-0.266979,0.042415,60,7.286881,7.483105,7.141937,0.056753,60,179.352401,179.475449,179.232162,0.048114,60,0.071523,0.186781,-0.024271,0.052236,60,0.000000,15.533333,20.000000,12.000000,1.671969,60,2222.900000,2329.000000,2136.000000,46.436653,60,1.553333,2.000000,1.200000,0.167197,60,222.288618,4.603112,60,60,60,60,60,60,60,60,60,60,60,60,60,60,60,60,60,60,60,60,60,60,60,60,60,60,60,60,60,60,12.9841,13.05,12.94,26.70,29,25,27.00,6853106
2026-10-03 07:13:00,22.149436,22.203403,22.082857,0.027748,60,14.069734,14.137484,14.023041,0.027243,60,18.345236,18.406958,18.287937,0.027317,60,89.060000,89.500000,88.400000,0.275681,60,27.577311,27.635612,27.536812,0.025055,60,27.505658,27.560844,27.462044,0.029300,60,27.355277,27.408638,27.296486,0.025086,60,26.346667,26.400000,26.300000,0.050310,60,27.039420,27.079117,27.000900,0.022768,60,26.901636,26.943558,26.859634,0.022210,60,26.831131,26.874130,26.792068,0.021443,60,1001.900000,1001.900000,1001.900000,0.000000,60,1001.900000,1001.900000,1001.900000,0.000000,60,24.475000,24.600000,24.300000,0.100212,60,39.646626,39.735455,39.504730,0.046740,60,244.354886,244.766449,243.685486,0.287693,60,239.932312,240.548172,239.091324,0.405921,60,2.620061,2.626786,2.610877,0.004433,60,0.419065,0.420004,0.417565,0.000494,60,2.612154,2.616553,2.604998,0.003075,60,1.229970,1.348377,1.083643,0.055939,60,-178.960121,-178.848267,-179.065811,0.047455,60,-0.181958,-0.107346,-0.292811,0.045028,60,7.274323,7.373456,7.155777,0.057299,60,179.364983,179.476624,179.232513,0.057823,60,0.068253,0.160808,-0.023932,0.047162,60,0.000000,17.333333,22.000000,13.000000,2.289746,60,2285.933333,2526.000000,2162.000000,74.239846,60,1.733333,2.200000,1.300000,0.228975,60,228.586826,7.351477,60,60,60,60,60,60,60,60,60,60,60,60,60,60,60,60,60,60,60,60,60,60,60,60,60,60,60,60,60,60,12.9892,13.04,12.94,26.75,29,25,27.00,6853140
2026-10-03 07:14:00,22.157549,22.207981,22.096590,0.024152,60,14.075227,14.142061,13.995575,0.028318,60,18.355332,18.425268,18.292515,0.026221,60,88.665000,88.800000,88.500000,0.137564,60,27.650299,27.705040,27.592888,0.025906,60,27.589016,27.643623,27.531471,0.026957,60,27.434184,27.480736,27.381935,0.026781,60,26.400000,26.400000,26.400000,0.000000,60,27.107115,27.150131,27.066666,0.019826,60,26.972266,27.009781,26.937302,0.018512,60,26.903369,26.957626,26.859970,0.022637,60,1001.911667,1002.000000,1001.900000,0.032373,60,1001.911667,1002.000000,1001.900000,0.032373,60,24.400000,24.400000,24.400000,0.000000,60,39.874176,40.193241,39.629124,0.146848,60,246.046682,248.403046,244.733398,1.087050,60,241.977088,244.300186,240.530273,1.123816,60,2.642390,2.667758,2.626590,0.012272,60,0.421470,0.424843,0.418880,0.001552,60,2.630239,2.655428,2.616200,0.011621,60,1.213475,1.351719,1.080818,0.058722,60,-178.947474,-178.823380,-179.107498,0.050294,60,-0.169999,-0.107282,-0.266777,0.041301,60,7.263693,7.404597,7.096146,0.052839,60,179.370146,179.489838,179.217224,0.063721,60,0.056156,0.147242,-0.063417,0.050749,60,0.000000,16.950000,22.000000,12.000000,2.235499,60,2340.133333,2468.000000,2271.000000,47.157675,60,1.695000,2.200000,1.200000,0.223550,60,234.009200,4.674087,60,60,60,60,60,60,60,60,60,60,60,60,60,60,60,60,60,60,60,60,60,60,60,60,60,60,60,60,60,60,12.9955,13.08,12.94,26.79,29,25,27.00,6853173
2026-10-03 07:15:00,22.157905,22.211033,22.092012,0.026127,60,14.078381,14.128328,14.013885,0.022361,60,18.349966,18.411535,18.261997,0.028912,60,88.861017,89.100000,88.500000,0.186637,59,27.724979,27.779816,27.678337,0.027124,60,27.662760,27.713051,27.600899,0.025046,60,27.508952,27.550163,27.451363,0.023865,60,26.400000,26.400000,26.400000,0.000000,59,27.174299,27.204636,27.139389,0.017717,60,27.039633,27.081680,26.997482,0.022072,60,26.981629,27.023453,26.942886,0.022984,60,1001.962712,1002.000000,1001.900000,0.048772,59,1001.962712,1002.000000,1001.900000,0.048772,59,24.400000,24.400000,24.400000,0.000000,59,40.563405,40.870098,40.139961,0.214655,60,251.796549,254.145691,248.526550,1.674901,60,247.879046,250.350449,244.499786,1.746286,60,2.706839,2.733827,2.669938,0.019069,60,0.428755,0.431997,0.424279,0.002269,60,2.691705,2.716817,2.656749,0.017905,60,1.222087,1.426767,1.080818,0.067516,60,-178.963225,-178.861816,-179.065811,0.050224,60,-0.172812,-0.106967,-0.253687,0.038372,60,7.274959,7.433629,7.151818,0.059638,60,179.373345,179.516724,179.232864,0.058769,60,0.068828,0.213564,-0.024777,0.045343,60,0.000000,16.183333,19.000000,12.000000,1.702358,60,2369.250000,2590.000000,2265.000000,56.948572,60,1.618333,1.900000,1.200000,0.170236,60,236.912693,5.637098,60,60,60,60,60,60,60,60,60,60,60,60,60,60,60,60,60,60,60,60,60,60,59,59,59,59,59,59,60,60,12.9977,13.05,12.94,26.72,29,25,27.00,6853207
2026-10-03 07:16:00,22.162127,22.244602,22.107271,0.024685,60,14.079830,14.132906,14.016937,0.029403,60,18.360901,18.416113,18.283360,0.028239,60,88.693333,89.500000,88.500000,0.167602,60,27.796416,27.835892,27.747765,0.023358,60,27.734727,27.787827,27.686348,0.026046,60,27.584476,27.619591,27.520790,0.025417,60,26.400000,26.400000,26.400000,0.000000,60,27.233919,27.268936,27.196762,0.019611,60,27.108238,27.144638,27.066696,0.020876,60,27.056519,27.094589,27.011581,0.024381,60,1002.000000,1002.000000,1002.000000,0.000000,60,1002.000000,1002.000000,1002.000000,0.000000,60,24.403333,24.600000,24.400000,0.025820,60,40.941144,41.161190,40.802643,0.086313,60,255.159921,256.801331,254.226425,0.736897,60,251.415261,253.148605,250.409286,0.796230,60,2.745455,2.764383,2.734469,0.008695,60,0.432748,0.435074,0.431284,0.000912,60,2.727659,2.745206,2.717680,0.007877,60,1.219789,1.362226,1.104836,0.064939,60,-178.942131,-178.848267,-179.066910,0.049775,60,-0.164290,-0.054302,-0.266676,0.045891,60,7.258394,7.365332,7.160954,0.045959,60,179.390499,179.555649,179.259125,0.062972,60,0.066980,0.266166,-0.102987,0.068893,60,0.000000,18.083333,23.000000,14.000000,2.219266,60,2333.633333,2514.000000,2184.000000,82.148267,60,1.808333,2.300000,1.400000,0.221927,60,233.352370,8.138067,60,60,60,60,60,60,60,60,60,60,60,60,60,60,60,60,60,60,60,60,60,60,60,60,60,60,60,60,60,60,13.0042,13.06,12.95,26.67,28,25,27.00,6853241
2026-10-03 07:17:00,22.169756,22.217136,22.125582,0.019400,60,14.083823,14.132906,14.003204,0.029207,60,18.363928,18.417639,18.303196,0.026964,60,88.923333,89.400000,88.400000,0.238900,60,27.861838,27.891968,27.819870,0.019456,60,27.811681,27.857254,27.755783,0.022324,60,27.660936,27.718391,27.592888,0.027848,60,26.400000,26.400000,26.400000,0.000000,60,27.292695,27.321640,27.260849,0.016528,60,27.172886,27.206619,27.134323,0.020218,60,27.128722,27.163559,27.085220,0.021632,60,1002.000000,1002.000000,1002.000000,0.000000,60,1002.000000,1002.000000,1002.000000,0.000000,60,24.408333,24.600000,24.300000,0.046182,60,41.577920,42.045902,41.172165,0.263342,60,259.776966,262.862671,256.841095,1.872654,60,256.138624,259.311066,253.262115,1.874381,60,2.797034,2.831677,2.765622,0.020468,60,0.439479,0.444425,0.435190,0.002784,60,2.777016,2.810002,2.745631,0.020019,60,1.200533,1.319878,0.999496,0.062904,60,-178.963001,-178.852066,-179.103516,0.054695,60,-0.174260,-0.080773,-0.267081,0.039588,60,7.250233,7.394418,7.115768,0.061108,60,179.376253,179.515839,179.232513,0.060123,60,0.059072,0.161452,-0.064019,0.049646,60,0.000000,19.666667,22.000000,17.000000,1.230498,60,2306.783333,2351.000000,2243.000000,22.025480,60,1.966667,2.200000,1.700000,0.123050,60,230.678469,2.183880,60,60,60,60,60,60,60,60,60,60,60,60,60,60,60,60,60,60,60,60,60,60,60,60,60,60,60,60,60,60,13.0100,13.06,12.96,26.74,29,25,27.01,6853275
2026-10-03 07:18:00,22.168561,22.220188,22.114901,0.024605,60,14.087561,14.168002,14.021515,0.029962,60,18.367844,18.406958,18.324560,0.022214,60,88.733333,88.800000,88.200000,0.111487,60,27.918582,27.961395,27.878616,0.019412,60,27.876302,27.913330,27.830551,0.022836,60,27.733747,27.777145,27.689018,0.024968,60,26.400000,26.400000,26.400000,0.000000,60,27.337580,27.371262,27.308975,0.015023,60,27.237047,27.282913,27.204880,0.018086,60,27.193175,27.228622,27.160019,0.018838,60,1002.000000,1002.000000,1002.000000,0.000000,60,1002.000000,1002.000000,1002.000000,0.000000,60,24.396667,24.400000,24.300000,0.018102,60,42.434339,42.772831,42.064198,0.199299,60,265.875303,268.432709,262.967163,1.706890,60,262.237020,264.834595,259.366364,1.702049,60,2.863628,2.891994,2.832281,0.018586,60,0.448531,0.452109,0.444619,0.002107,60,2.842207,2.869545,2.811119,0.018247,60,1.203804,1.321519,1.104121,0.056864,60,-178.955868,-178.824768,-179.067337,0.053072,60,-0.162271,-0.080489,-0.293671,0.045599,60,7.254940,7.351151,7.164915,0.050861,60,179.389702,179.515839,179.259125,0.058859,60,0.053332,0.147870,-0.024355,0.040116,60,0.000000,19.183333,21.000000,16.000000,1.268813,60,2353.133333,2575.000000,2263.000000,62.719031,60,1.918333,2.100000,1.600000,0.126881,60,235.300687,6.210166,60,60,60,60,60,60,60,60,60,60,60,60,60,60,60,60,60,60,60,60,60,60,60,60,60,60,60,60,60,60,13.0146,13.08,12.95,26.78,29,25,27.00,6853308
2026-10-03 07:19:00,22.174054,22.238499,22.119478,0.023550,60,14.090282,14.140535,14.023041,0.026396,60,18.373770,18.440529,18.326086,0.024925,60,88.720000,88.900000,88.200000,0.172519,60,27.972165,28.017471,27.918671,0.020939,60,27.942303,27.998779,27.899979,0.022673,60,27.805050,27.846573,27.747765,0.023927,60,26.410000,26.500000,26.400000,0.030253,60,27.383622,27.421738,27.352982,0.015536,60,27.294748,27.325424,27.254929,0.019245,60,27.254427,27.293686,27.211044,0.020107,60,1002.031667,1002.100000,1002.000000,0.046910,60,1002.031667,1002.100000,1002.000000,0.046910,60,24.391667,24.400000,24.300000,0.027872,60,43.113860,43.607014,42.749054,0.242337,60,271.306146,275.116943,268.457336,1.919484,60,267.737227,271.475067,264.921356,1.914869,60,2.923691,2.964508,2.892941,0.020910,60,0.455713,0.460926,0.451857,0.002562,60,2.900263,2.941000,2.869809,0.020519,60,1.191109,1.345047,1.027387,0.072784,60,-178.960674,-178.822830,-179.066254,0.046746,60,-0.162236,-0.080944,-0.253197,0.039154,60,7.247120,7.410717,7.098115,0.067368,60,179.368157,179.488220,179.220123,0.056301,60,0.060982,0.147870,-0.063191,0.046482,60,0.000000,18.900000,23.000000,16.000000,1.714346,60,2351.900000,2440.000000,2271.000000,35.381552,60,1.890000,2.300000,1.600000,0.171435,60,235.189300,3.507701,60,60,60,60,60,60,60,60,60,60,60,60,60,60,60,60,60,60,60,60,60,60,60,60,60,60,60,60,60,60,13.0180,13.08,12.96,26.74,28,25,27.03,6853342
2026-10-03 07:20:00,22.182193,22.243076,22.121004,0.026411,60,14.099260,14.158847,14.027618,0.031394,60,18.381170,18.429846,18.312351,0.026158,60,88.391667,88.800000,88.200000,0.126614,60,28.022278,28.076218,27.977417,0.022795,60,28.010751,28.054855,27.956055,0.022538,60,27.865576,27.902649,27.819870,0.020853,60,26.498333,26.500000,26.400000,0.012910,60,27.435116,27.472000,27.397263,0.016116,60,27.361788,27.396011,27.315872,0.022484,60,27.322960,27.366257,27.287186,0.022344,60,1002.093333,1002.100000,1002.000000,0.025155,60,1002.093333,1002.100000,1002.000000,0.025155,60,24.441667,24.600000,24.300000,0.127946,60,44.168217,44.658878,43.620960,0.293744,60,279.227341,282.595093,275.304688,2.167598,60,275.581234,278.978851,271.685089,2.165999,60,3.009347,3.046449,2.966801,0.023653,60,0.466858,0.472044,0.461074,0.003105,60,2.984940,3.020941,2.943007,0.023172,60,1.195968,1.509511,1.027048,0.078582,60,-178.958388,-178.782791,-179.079147,0.057238,60,-0.168826,-0.054302,-0.266474,0.039711,60,7.249029,7.380454,7.135494,0.060339,60,179.370275,179.543594,179.220490,0.073865,60,0.050596,0.161710,-0.050619,0.046337,60,0.000000,16.966667,22.000000,12.000000,1.991224,60,2394.866667,2540.000000,2242.000000,68.112685,60,1.696667,2.200000,1.200000,0.199122,60,239.491557,6.750483,60,60,60,60,60,60,60,60,60,60,60,60,60,60,60,60,60,60,60,60,60,60,60,60,60,60,60,60,60,60,13.0277,13.10,12.98,26.80,28,25,27.03,6853376
2026-10-03 07:21:00,22.183922,22.230869,22.124056,0.023035,60,14.105974,14.160373,14.062715,0.023247,60,18.386307,18.449684,18.303196,0.029132,60,88.020000,88.300000,87.800000,0.113197,60,28.070699,28.116272,28.033493,0.019411,60,28.076574,28.110931,28.025482,0.023250,60,27.935983,27.988098,27.889297,0.022857,60,26.500000,26.500000,26.500000,0.000000,60,27.487438,27.518692,27.450851,0.015150,60,27.426240,27.461716,27.385300,0.020480,60,27.386610,27.422043,27.351639,0.019544,60,1002.098333,1002.100000,1002.000000,0.012910,60,1002.098333,1002.100000,1002.000000,0.012910,60,24.398333,24.400000,24.300000,0.012910,60,45.110363,45.550911,44.682663,0.248836,60,285.838996,288.507141,282.745300,1.762503,60,282.246616,284.990570,279.089966,1.783609,60,3.082133,3.112097,3.047662,0.019477,60,0.476817,0.481473,0.472296,0.002630,60,3.055619,3.084141,3.022547,0.018841,60,1.194351,1.318241,1.024337,0.066008,60,-178.966285,-178.861816,-179.078293,0.044706,60,-0.164201,-0.054201,-0.293026,0.045424,60,7.252422,7.445904,7.093523,0.066738,60,179.370064,179.515839,179.272446,0.052142,60,0.056098,0.161452,-0.090142,0.054853,60,0.000000,19.366667,22.000000,16.000000,1.677030,60,2433.500000,2583.000000,2318.000000,70.460351,60,1.936667,2.200000,1.600000,0.167703,60,243.345558,6.984288,60,60,60,60,60,60,60,60,60,60,60,60,60,60,60,60,60,60,60,60,60,60,60,60,60,60,60,60,60,60,13.0315,13.11,12.98,26.70,28,25,27.05,6853410
2026-10-03 07:22:00,22.193281,22.265965,22.156099,0.022481,60,14.107652,14.164950,14.016937,0.030347,60,18.390987,18.454262,18.319983,0.026722,60,88.575000,89.100000,88.000000,0.362489,60,28.123571,28.158997,28.089569,0.020138,60,28.142129,28.193710,28.110931,0.021796,60,27.999536,28.044174,27.958725,0.022701,60,26.546667,26.600000,26.500000,0.050310,60,27.539178,27.574936,27.508255,0.016741,60,27.491749,27.532700,27.443893,0.021044,60,27.456789,27.494217,27.416489,0.021387,60,1002.100000,1002.100000,1002.100000,0.000020,60,1002.100000,1002.100000,1002.100000,0.000020,60,24.506667,24.600000,24.400000,0.100620,60,45.730885,46.011898,45.563942,0.115530,60,290.548703,292.998718,288.455353,1.357399,60,287.029121,289.493683,284.892334,1.345129,60,3.134358,3.161271,3.111024,0.014689,60,0.483375,0.486346,0.481611,0.001221,60,3.105966,3.132156,3.083588,0.014511,60,1.200888,1.319468,1.024676,0.066544,60,-178.982723,-178.861023,-179.118973,0.052157,60,-0.169177,-0.054201,-0.267081,0.043260,60,7.262287,7.409526,7.151818,0.053454,60,179.362638,179.475098,179.111237,0.064219,60,0.044586,0.293981,-0.103185,0.067930,60,0.000000,19.333333,26.000000,13.000000,3.255591,60,2273.450000,2531.000000,1988.000000,128.934279,60,1.933333,2.600000,1.300000,0.325559,60,227.330585,12.778159,60,60,60,60,60,60,60,60,60,60,60,60,60,60,60,60,60,60,60,60,60,60,60,60,60,60,60,60,60,60,13.0379,13.09,12.99,26.73,28,25,27.12,6853444
2026-10-03 07:23:00,22.203912,22.252232,22.160677,0.022702,60,14.110018,14.183261,14.064240,0.026572,60,18.398235,18.457314,18.339819,0.029415,60,88.436667,89.200000,88.300000,0.180364,60,28.179068,28.215073,28.132294,0.019669,60,28.208041,28.249786,28.167007,0.023665,60,28.067628,28.113602,28.014801,0.025922,60,26.598333,26.600000,26.500000,0.012910,60,27.596514,27.645248,27.560745,0.019256,60,27.557943,27.595474,27.526138,0.019843,60,27.519655,27.552109,27.487411,0.017862,60,1002.100000,1002.100000,1002.100000,0.000020,60,1002.100000,1002.100000,1002.100000,0.000020,60,24.446667,24.600000,24.400000,0.085304,60,46.341925,46.513371,45.999096,0.144223,60,294.869867,296.090485,293.163391,0.810424,60,291.323682,292.572052,289.621185,0.823886,60,3.181255,3.194887,3.162663,0.008997,60,0.489834,0.491646,0.486210,0.001524,60,3.152159,3.165207,3.133917,0.008663,60,1.184564,1.322751,1.065632,0.062768,60,-178.961599,-178.847458,-179.064728,0.051600,60,-0.154562,-0.107030,-0.227379,0.034674,60,7.243968,7.400523,7.125619,0.061538,60,179.365561,179.475449,179.218674,0.054555,60,0.048978,0.147242,-0.050462,0.043933,60,0.000000,25.316667,31.000000,20.000000,2.346954,60,2139.366667,2213.000000,2098.000000,24.273838,60,2.531667,3.100000,2.000000,0.234695,60,213.936353,2.406719,60,60,60,60,60,60,60,60,60,60,60,60,60,60,60,60,60,60,60,60,60,60,60,60,60,60,60,60,60,60,13.0448,13.09,13.00,26.73,29,25,27.11,6853477
2026-10-03 07:24:00,22.212431,22.272068,22.162203,0.025251,60,14.120292,14.186313,14.068818,0.027186,60,18.404084,18.461891,18.342871,0.026709,60,88.471667,89.400000,88.200000,0.263028,60,28.232120,28.271156,28.188370,0.021819,60,28.271021,28.311211,28.236435,0.022411,60,28.130291,28.185699,28.073547,0.026004,60,26.655000,26.700000,26.600000,0.050169,60,27.662718,27.704849,27.619888,0.021099,60,27.617997,27.651901,27.572159,0.021065,60,27.583668,27.623520,27.540329,0.020062,60,1002.100000,1002.100000,1002.100000,0.000020,60,1002.100000,1002.100000,1002.100000,0.000020,60,24.633333,25.000000,24.400000,0.148057,60,46.636917,46.797375,46.400864,0.104911,60,297.604122,299.528717,296.094299,1.081248,60,294.162578,296.083252,292.566040,1.123339,60,3.212255,3.233229,3.194821,0.012267,60,0.492952,0.494648,0.490457,0.001109,60,3.181388,3.201962,3.165248,0.011559,60,1.177071,1.318241,1.064935,0.058348,60,-178.957536,-178.862625,-179.066254,0.045271,60,-0.149881,-0.054556,-0.227839,0.039282,60,7.245375,7.361275,7.113801,0.064086,60,179.375216,179.475449,179.232162,0.054861,60,0.049623,0.213847,-0.063191,0.055066,60,0.000000,20.383333,26.000000,14.000000,2.504854,60,2118.116667,2245.000000,1908.000000,85.124254,60,2.038333,2.600000,1.400000,0.250485,60,211.830838,8.434314,60,60,60,60,60,60,60,60,60,60,60,60,60,60,60,60,60,60,60,60,60,60,60,60,60,60,60,60,60,60,13.0470,13.10,13.00,26.69,28,25,27.18,6853511
2026-10-03 07:25:00,22.213245,22.275120,22.151522,0.030499,60,14.116477,14.201571,14.053559,0.028200,60,18.405941,18.477150,18.347448,0.025794,60,89.105000,89.400000,88.200000,0.241061,60,28.304312,28.359276,28.257805,0.024628,60,28.341741,28.393990,28.292519,0.025061,60,28.197983,28.255135,28.156326,0.023971,60,26.700000,26.700000,26.700000,0.000000,60,27.736581,27.777023,27.694351,0.022494,60,27.685923,27.723770,27.639908,0.021698,60,27.653843,27.693283,27.611740,0.022503,60,1002.100000,1002.100000,1002.100000,0.000020,60,1002.100000,1002.100000,1002.100000,0.000020,60,24.873333,25.000000,24.600000,0.103934,60,47.223565,47.914410,46.671833,0.385293,60,302.497885,306.236725,299.561523,2.036596,60,299.117430,302.912506,296.170685,2.053993,60,3.266362,3.307805,3.234184,0.022430,60,0.499153,0.506455,0.493321,0.004073,60,3.233702,3.273670,3.202312,0.021771,60,1.180470,1.423290,1.002162,0.069008,60,-178.977901,-178.849899,-179.105194,0.053948,60,-0.142340,-0.053797,-0.266979,0.040694,60,7.242980,7.378180,7.155018,0.055648,60,179.372991,179.448502,179.273270,0.048283,60,0.037481,0.147995,-0.089866,0.053881,60,0.000000,22.650000,26.000000,19.000000,1.754655,60,2082.800000,2188.000000,1915.000000,60.092528,60,2.265000,2.600000,1.900000,0.175465,60,208.285859,5.954070,60,60,60,60,60,60,60,60,60,60,60,60,60,60,60,60,60,60,60,60,60,60,60,60,60,60,60,60,60,60,13.0534,13.10,13.00,26.67,29,25,27.31,6853545
2026-10-03 07:26:00,22.219247,22.261387,22.156099,0.022091,60,14.128684,14.190890,14.058137,0.026666,60,18.410595,18.466469,18.333715,0.025031,60,87.840000,88.600000,87.300000,0.361353,60,28.369334,28.402000,28.316551,0.019717,60,28.407296,28.450066,28.367287,0.023524,60,28.265591,28.313881,28.212402,0.024159,60,26.700000,26.700000,26.700000,0.000000,60,27.799306,27.846909,27.770065,0.018180,60,27.743032,27.777878,27.712540,0.017129,60,27.715624,27.751328,27.681503,0.019004,60,1002.100000,1002.100000,1002.100000,0.000020,60,1002.100000,1002.100000,1002.100000,0.000020,60,24.543333,24.800000,24.400000,0.111030,60,48.338374,48.572739,47.916470,0.166102,60,309.214164,311.663818,305.378571,1.542952,60,306.002511,308.339966,303.058807,1.479730,60,3.341547,3.367073,3.309402,0.016159,60,0.510937,0.513414,0.506477,0.001756,60,3.305499,3.331686,3.264497,0.016494,60,1.177229,1.281230,1.039463,0.060653,60,-178.975308,-178.848267,-179.105194,0.048762,60,-0.142530,-0.054049,-0.292811,0.045628,60,7.241831,7.374360,7.066729,0.059323,60,179.366037,179.583374,179.230728,0.057688,60,0.027996,0.121837,-0.102790,0.051533,60,0.000000,17.000000,25.000000,11.000000,3.866413,60,2177.483333,2334.000000,1964.000000,77.799937,60,1.700000,2.500000,1.100000,0.386641,60,217.762323,7.704809,60,60,60,60,60,60,60,60,60,60,60,60,60,60,60,60,60,60,60,60,60,60,60,60,60,60,60,60,60,60,13.0593,13.11,13.00,26.73,28,25,27.34,6853579
2026-10-03 07:27:00,22.221129,22.284275,22.174410,0.023333,60,14.137865,14.192416,14.073396,0.023447,60,18.419292,18.467995,18.338293,0.027047,60,87.835000,88.700000,87.500000,0.319335,60,28.430573,28.471428,28.388649,0.023456,60,28.475522,28.519493,28.423363,0.023627,60,28.329680,28.383308,28.281837,0.025415,60,26.701667,26.800000,26.700000,0.012910,60,27.875699,27.923843,27.827621,0.026973,60,27.816401,27.870071,27.761520,0.026198,60,27.789944,27.843216,27.745255,0.026196,60,1002.135000,1002.200000,1002.100000,0.048099,60,1002.135000,1002.200000,1002.100000,0.048099,60,24.553333,24.800000,24.400000,0.106511,60,48.661930,48.945923,48.450634,0.122027,60,313.779736,316.381592,311.582825,1.500249,60,310.592454,313.107330,308.412567,1.530568,60,3.391670,3.419132,3.367865,0.016714,60,0.514357,0.517358,0.512123,0.001290,60,3.354305,3.382119,3.330820,0.016038,60,1.172765,1.360126,0.961449,0.070375,60,-178.988382,-178.888412,-179.119385,0.051444,60,-0.151456,-0.000753,-0.254277,0.047364,60,7.233751,7.381596,7.105997,0.059632,60,179.374701,179.476273,179.218124,0.058562,60,0.040832,0.147242,-0.064244,0.050678,60,0.000000,11.433333,14.000000,9.000000,1.169770,60,1977.216667,2391.000000,1749.000000,113.697352,60,1.143333,1.400000,0.900000,0.116977,60,197.632028,11.204674,60,60,60,60,60,60,60,60,60,60,60,60,60,60,60,60,60,60,60,60,60,60,60,60,60,60,60,60,60,60,13.0670,13.11,13.02,26.62,28,25,27.47,6853613
2026-10-03 07:28:00,22.227690,22.285801,22.192722,0.022539,60,14.141019,14.195468,14.077973,0.030268,60,18.432212,18.504616,18.390173,0.023836,60,88.298333,88.700000,87.700000,0.250079,60,28.506898,28.570229,28.458076,0.027188,60,28.549845,28.604942,28.492790,0.027218,60,28.406540,28.455406,28.340584,0.026965,60,26.791667,26.800000,26.700000,0.027872,60,27.967778,28.016678,27.921707,0.024454,60,27.907382,27.948868,27.857498,0.026078,60,27.877803,27.922226,27.828873,0.026239,60,1002.195000,1002.200000,1002.100000,0.021979,60,1002.195000,1002.200000,1002.100000,0.021979,60,24.663333,24.800000,24.600000,0.093820,60,49.508204,50.013573,48.974968,0.321583,60,319.793156,322.618896,316.444458,1.986232,60,316.740480,319.611725,313.320251,2.065299,60,3.458806,3.490160,3.421457,0.022553,60,0.523302,0.528643,0.517665,0.003399,60,3.418589,3.448796,3.382791,0.021233,60,1.174387,1.294659,1.028747,0.056771,60,-178.981453,-178.846634,-179.078079,0.050656,60,-0.142357,-0.041152,-0.253197,0.045985,60,7.243499,7.341174,7.119706,0.054273,60,179.375503,179.474838,179.259125,0.053902,60,0.026975,0.108865,-0.063266,0.042609,60,0.000000,15.966667,21.000000,9.000000,4.096161,60,2182.816667,2353.000000,1905.000000,77.252501,60,1.596667,2.100000,0.900000,0.409616,60,218.301615,7.638334,60,60,60,60,60,60,60,60,60,60,60,60,60,60,60,60,60,60,60,60,60,60,60,60,60,60,60,60,60,60,13.0690,13.12,13.02,26.55,29,25,27.50,6853646
2026-10-03 07:29:00,22.227411,22.288853,22.183565,0.024283,60,14.150047,14.213778,14.099337,0.024854,60,18.430330,18.477150,18.358130,0.031147,60,87.950000,88.100000,87.800000,0.094779,60,28.582245,28.642326,28.530174,0.025302,60,28.626483,28.674370,28.578239,0.026838,60,28.488073,28.538185,28.439384,0.027774,60,26.800000,26.800000,26.800000,0.000001,60,28.038958,28.077347,27.999680,0.020835,60,27.982452,28.022659,27.932144,0.022700,60,27.953742,28.003525,27.914627,0.021630,60,1002.200000,1002.200000,1002.200000,0.000062,60,1002.200000,1002.200000,1002.200000,0.000062,60,24.600000,24.600000,24.600000,0.000001,60,50.343950,50.636921,50.009686,0.171637,60,325.065834,326.990387,322.741241,1.249128,60,322.160240,324.120331,319.739166,1.304615,60,3.517990,3.539394,3.491552,0.014246,60,0.532136,0.535232,0.528602,0.001814,60,3.474954,3.495527,3.450104,0.013353,60,1.165748,1.322751,1.066329,0.058161,60,-178.970841,-178.793198,-179.077408,0.053189,60,-0.140273,-0.053898,-0.227195,0.041289,60,7.236622,7.374358,7.125619,0.061044,60,179.361906,179.515732,179.219040,0.052983,60,0.024195,0.147242,-0.063794,0.044857,60,0.000000,15.933333,19.000000,12.000000,1.400565,60,2255.083333,2342.000000,2133.000000,41.029254,60,1.593333,1.900000,1.200000,0.140056,60,225.511362,4.066141,60,60,60,60,60,60,60,60,60,60,60,60,60,60,60,60,60,60,60,60,60,60,60,60,60,60,60,60,60,60,13.0814,13.14,13.04,26.66,28,25,27.60,6853680
2026-10-03 07:30:00,22.230335,22.294956,22.175936,0.026092,60,14.150098,14.200046,14.082551,0.029095,60,18.432059,18.481728,18.365759,0.027421,60,87.786667,88.200000,87.600000,0.124147,60,28.652785,28.698402,28.599602,0.024740,60,28.696800,28.746468,28.647667,0.023900,60,28.563152,28.607613,28.511482,0.025772,60,26.800000,26.800000,26.800000,0.000001,60,28.106180,28.141769,28.070053,0.020350,60,28.052128,28.092026,28.005264,0.022775,60,28.027092,28.077316,27.980850,0.023837,60,1002.200000,1002.200000,1002.200000,0.000062,60,1002.200000,1002.200000,1002.200000,0.000062,60,24.763333,24.800000,24.600000,0.078041,60,50.617912,50.818485,50.424942,0.079141,60,328.116626,329.884003,326.968658,0.892962,60,325.459514,327.343414,324.150208,0.955631,60,3.554018,3.574590,3.539720,0.010435,60,0.535031,0.537151,0.532992,0.000837,60,3.507567,3.526460,3.495295,0.009546,60,1.172439,1.290629,1.026030,0.063846,60,-178.972888,-178.846085,-179.104782,0.056803,60,-0.140093,-0.054302,-0.293348,0.043786,60,7.235992,7.329132,7.069909,0.051072,60,179.379537,179.542282,179.231079,0.061830,60,0.012401,0.108399,-0.089590,0.052339,60,0.000000,13.166667,17.000000,8.000000,2.059839,60,2281.450000,2372.000000,2112.000000,57.667200,60,1.316667,1.700000,0.800000,0.205984,60,228.155983,5.711547,60,60,60,60,60,60,60,60,60,60,60,60,60,60,60,60,60,60,60,60,60,60,60,60,60,60,60,60,60,60,13.0865,13.16,13.04,26.60,28,25,27.69,6853714
2026-10-03 07:31:00,22.233946,22.299534,22.189671,0.024927,60,14.145851,14.204623,14.087129,0.026929,60,18.435950,18.500038,18.367285,0.030107,60,88.263333,88.500000,87.800000,0.210702,60,28.719944,28.783859,28.669029,0.024346,60,28.772464,28.815903,28.717094,0.024677,60,28.640279,28.679710,28.594261,0.023099,60,26.878333,26.900000,26.800000,0.041545,60,28.173134,28.216873,28.128525,0.022514,60,28.130235,28.173477,28.084305,0.024990,60,28.106567,28.148972,28.063736,0.022688,60,1002.200000,1002.200000,1002.200000,0.000062,60,1002.200000,1002.200000,1002.200000,0.000062,60,24.820000,25.000000,24.800000,0.060506,60,50.940817,51.107971,50.794006,0.084338,60,331.375688,332.763550,330.065369,0.742868,60,328.939157,330.271484,327.509399,0.750012,60,3.592016,3.606565,3.576403,0.008190,60,0.538444,0.540211,0.536893,0.000891,60,3.542406,3.557242,3.528399,0.007941,60,1.156430,1.276036,1.026369,0.055341,60,-178.973512,-178.859116,-179.119797,0.057312,60,-0.139446,-0.041009,-0.227195,0.043035,60,7.237336,7.365332,7.119706,0.058502,60,179.385489,179.487640,179.219406,0.056904,60,0.024934,0.146991,-0.102790,0.054360,60,0.000000,13.966667,18.000000,8.000000,2.201438,60,2240.033333,2418.000000,2003.000000,80.877804,60,1.396667,1.800000,0.800000,0.220144,60,224.025828,8.002374,60,60,60,60,60,60,60,60,60,60,60,60,60,60,60,60,60,60,60,60,60,60,60,60,60,60,60,60,60,60,13.0929,13.15,13.05,26.53,28,25,27.75,6853748
2026-10-03 07:32:00,22.238066,22.317846,22.165255,0.025593,60,14.156379,14.206149,14.105440,0.024624,60,18.438875,18.503090,18.388647,0.025869,60,88.215000,88.500000,87.900000,0.212989,60,28.793161,28.839935,28.754486,0.023576,60,28.847190,28.904022,28.802551,0.025665,60,28.718163,28.778519,28.663689,0.024648,60,26.900000,26.900000,26.900000,0.000000,60,28.247839,28.287949,28.212540,0.020157,60,28.209453,28.256943,28.170242,0.022991,60,28.187369,28.225784,28.140640,0.023468,60,1002.200000,1002.200000,1002.200000,0.000062,60,1002.200000,1002.200000,1002.200000,0.000062,60,24.823333,25.000000,24.800000,0.064746,60,51.270437,51.596859,51.019711,0.149835,60,334.102410,335.998016,332.891357,0.751811,60,331.898868,333.910187,330.401642,0.841146,60,3.624336,3.646299,3.607986,0.009185,60,0.541929,0.545379,0.539278,0.001584,60,3.571555,3.591819,3.558608,0.008037,60,1.160257,1.279628,1.039805,0.059136,60,-178.988143,-178.901718,-179.104568,0.048905,60,-0.132994,-0.080489,-0.214789,0.033076,60,7.237139,7.347250,7.129567,0.055235,60,179.370049,179.488327,179.258606,0.054405,60,0.024879,0.160165,-0.090349,0.053844,60,0.000000,15.483333,19.000000,13.000000,1.512565,60,2417.516667,2621.000000,2217.000000,100.527168,60,1.548333,1.900000,1.300000,0.151257,60,241.760618,9.964170,60,60,60,60,60,60,60,60,60,60,60,60,60,60,60,60,60,60,60,60,60,60,60,60,60,60,60,60,60,60,13.0973,13.15,13.05,26.60,29,25,27.82,6853781
2026-10-03 07:33:00,22.245111,22.290379,22.185091,0.023901,60,14.155261,14.209201,14.110018,0.023716,60,18.442207,18.493935,18.390173,0.025964,60,87.890000,88.400000,87.200000,0.377638,60,28.865392,28.912033,28.823914,0.023478,60,28.924494,28.973450,28.874649,0.027390,60,28.794006,28.834595,28.749138,0.024523,60,26.931667,27.000000,26.900000,0.046910,60,28.311791,28.340012,28.266342,0.019528,60,28.276960,28.308060,28.233932,0.019083,60,28.261743,28.300491,28.216782,0.022400,60,1002.200000,1002.200000,1002.200000,0.000062,60,1002.200000,1002.200000,1002.200000,0.000062,60,24.736667,24.800000,24.600000,0.093820,60,51.826185,52.068146,51.522774,0.161410,60,337.709332,339.298035,336.011353,0.891268,60,335.781160,337.497101,333.949127,1.007953,60,3.666730,3.685468,3.646725,0.011007,60,0.547803,0.550360,0.544596,0.001706,60,3.610113,3.627096,3.591961,0.009528,60,1.141746,1.277232,1.025352,0.050967,60,-178.975618,-178.862366,-179.104568,0.047802,60,-0.125502,-0.040678,-0.227103,0.043727,60,7.215494,7.380206,7.037245,0.072230,60,179.389872,179.488220,179.272598,0.048683,60,0.030462,0.122435,-0.063794,0.046587,60,0.000000,17.816667,23.000000,12.000000,2.740108,60,2459.566667,2749.000000,2192.000000,144.614317,60,1.781667,2.300000,1.200000,0.274011,60,245.988200,14.335381,60,60,60,60,60,60,60,60,60,60,60,60,60,60,60,60,60,60,60,60,60,60,60,60,60,60,60,60,60,60,13.1055,13.16,13.06,26.64,29,25,27.89,6853815
2026-10-03 07:34:00,22.246713,22.311741,22.188145,0.022378,60,14.167671,14.227512,14.096285,0.030530,60,18.447623,18.527504,18.376440,0.033240,60,87.058333,87.900000,86.400000,0.379693,60,28.928322,28.968109,28.898682,0.019951,60,28.989872,29.042877,28.930725,0.022647,60,28.863834,28.920044,28.805222,0.025605,60,26.986667,27.000000,26.900000,0.034280,60,28.352184,28.374680,28.329910,0.011811,60,28.327097,28.351700,28.304459,0.012479,60,28.312496,28.337509,28.285721,0.013067,60,1002.200000,1002.200000,1002.200000,0.000062,60,1002.200000,1002.200000,1002.200000,0.000062,60,24.623333,24.800000,24.400000,0.083090,60,52.597513,53.073368,52.066311,0.273032,60,341.240162,343.641937,339.372894,1.194121,60,339.477983,341.830444,337.571228,1.219728,60,3.707100,3.732789,3.686278,0.013319,60,0.555956,0.560985,0.550341,0.002886,60,3.647857,3.673532,3.627896,0.012765,60,1.138272,1.274842,1.023324,0.060818,60,-178.981817,-178.847733,-179.105392,0.061589,60,-0.128164,-0.040772,-0.227563,0.040139,60,7.230710,7.341049,7.131543,0.051169,60,179.379839,179.555359,179.218124,0.064067,60,0.008474,0.108282,-0.089797,0.048096,60,0.000000,21.433333,28.000000,16.000000,2.486347,60,2299.183333,2511.000000,2087.000000,93.502015,60,2.143333,2.800000,1.600000,0.248635,60,229.907333,9.258940,60,60,60,60,60,60,60,60,60,60,60,60,60,60,60,60,60,60,60,60,60,60,60,60,60,60,60,60,60,60,13.1150,13.17,13.06,26.55,28,25,27.94,6853851
2026-10-03 07:35:00,22.253223,22.285801,22.192722,0.022980,60,14.161542,14.265659,14.096285,0.031985,60,18.457313,18.513771,18.381018,0.031382,60,86.706667,87.700000,86.400000,0.266087,60,28.984887,29.040207,28.941406,0.019728,60,29.047372,29.085602,29.016174,0.019638,60,28.925874,28.962769,28.893341,0.019183,60,26.991667,27.000000,26.900000,0.027872,60,28.381744,28.404037,28.353287,0.011584,60,28.359405,28.382370,28.334000,0.012497,60,28.352170,28.375687,28.324722,0.012444,60,1002.200000,1002.200000,1002.200000,0.000062,60,1002.200000,1002.200000,1002.200000,0.000062,60,24.603333,24.800000,24.400000,0.068807,60,53.422444,53.889015,53.053467,0.247862,60,346.695167,349.669556,343.653259,1.782541,60,345.087564,348.212677,341.956818,1.842273,60,3.768356,3.802482,3.734169,0.020118,60,0.564675,0.569607,0.560775,0.002620,60,3.706171,3.737967,3.673653,0.019055,60,1.156902,1.277232,0.933894,0.059568,60,-178.980609,-178.847458,-179.078079,0.050684,60,-0.121066,0.065332,-0.214344,0.042350,60,7.220608,7.371425,7.115182,0.058244,60,179.374823,179.489151,179.298599,0.043559,60,0.008000,0.121120,-0.103053,0.049485,60,0.000000,20.250000,24.000000,17.000000,1.693707,60,2309.066667,2435.000000,2200.000000,55.760039,60,2.025000,2.400000,1.700000,0.169371,60,230.906347,5.527492,60,60,60,60,60,60,60,60,60,60,60,60,60,60,60,60,60,60,60,60,60,60,60,60,60,60,60,60,60,60,13.1227,13.19,13.06,26.54,28,25,27.95,6853885
2026-10-03 07:36:00,22.254114,22.302586,22.207981,0.022793,60,14.168587,14.247349,14.114595,0.027212,60,18.449480,18.516823,18.384069,0.029331,60,86.333333,87.300000,86.100000,0.305135,60,29.025654,29.066910,28.984131,0.017879,60,29.094948,29.141678,29.058899,0.017365,60,28.975630,29.018845,28.920044,0.019613,60,26.990000,27.000000,26.900000,0.030253,60,28.404495,28.426071,28.377975,0.009661,60,28.383300,28.401230,28.363632,0.008503,60,28.383635,28.401382,28.360153,0.010087,60,1002.236667,1002.300000,1002.200000,0.048596,60,1002.236667,1002.300000,1002.200000,0.048596,60,24.420000,24.600000,24.400000,0.060506,60,54.321516,54.744915,53.871647,0.255316,60,351.935441,354.304565,349.754852,1.487435,60,350.513609,352.784149,348.200073,1.500373,60,3.827609,3.852403,3.802345,0.016384,60,0.574178,0.578654,0.569423,0.002699,60,3.762190,3.787516,3.738879,0.015901,60,1.149560,1.293045,0.999163,0.071381,60,-178.999620,-178.901978,-179.145493,0.050072,60,-0.111739,-0.001132,-0.186980,0.040279,60,7.227495,7.349129,7.125619,0.056227,60,179.372827,179.475449,179.191147,0.050729,60,0.015885,0.160679,-0.090211,0.048296,60,0.000000,22.783333,29.000000,15.000000,3.513131,60,2257.550000,2355.000000,2166.000000,46.713126,60,2.278333,2.900000,1.500000,0.351313,60,225.755648,4.631264,60,60,60,60,60,60,60,60,60,60,60,60,60,60,60,60,60,60,60,60,60,60,60,60,60,60,60,60,60,60,13.1291,13.20,13.08,26.47,28,25,27.96,6853918
2026-10-03 07:37:00,22.267897,22.331579,22.226292,0.022697,60,14.178378,14.250401,14.100863,0.027956,60,18.459271,18.518349,18.402380,0.026494,60,86.635000,86.900000,86.200000,0.174497,60,29.056496,29.109634,29.024185,0.017982,60,29.128549,29.155029,29.085602,0.015011,60,29.013816,29.061569,28.976120,0.016461,60,27.000000,27.000000,27.000000,0.000000,60,28.433034,28.452286,28.411148,0.009292,60,28.406138,28.422104,28.390060,0.008881,60,28.410089,28.429184,28.389389,0.010678,60,1002.291667,1002.300000,1002.200000,0.027872,60,1002.291667,1002.300000,1002.200000,0.027872,60,24.683333,24.800000,24.400000,0.165874,60,55.087657,55.648838,54.686836,0.285390,60,357.108930,360.475372,354.397980,1.771353,60,355.823887,359.231415,353.064331,1.812795,60,3.885597,3.922807,3.855463,0.019796,60,0.582277,0.588208,0.578040,0.003017,60,3.817494,3.853482,3.788514,0.018936,60,1.142647,1.253581,0.920440,0.068256,60,-178.991077,-178.863434,-179.146088,0.052998,60,-0.127182,-0.014301,-0.227379,0.041295,60,7.203005,7.357222,7.074553,0.061948,60,179.383945,179.516068,179.272598,0.054850,60,0.002413,0.147870,-0.103317,0.051712,60,0.000000,25.300000,30.000000,21.000000,2.352784,60,2192.733333,2304.000000,2119.000000,52.082355,60,2.530000,3.000000,2.100000,0.235278,60,219.269826,5.163200,60,60,60,60,60,60,60,60,60,60,60,60,60,60,60,60,60,60,60,60,60,60,60,60,60,60,60,60,60,60,13.1376,13.19,13.09,26.48,29,25,27.98,6853952
2026-10-03 07:38:00,22.263727,22.320898,22.212559,0.027594,60,14.180997,14.233616,14.117647,0.023548,60,18.462679,18.518349,18.403906,0.024848,60,86.093333,86.900000,85.500000,0.447920,60,29.087248,29.122986,29.053558,0.013758,60,29.160281,29.184402,29.114975,0.016910,60,29.045013,29.088272,29.005493,0.016474,60,27.000000,27.000000,27.000000,0.000000,60,28.448293,28.467239,28.429276,0.008744,60,28.422008,28.437424,28.403030,0.008310,60,28.427804,28.445206,28.408951,0.007948,60,1002.300000,1002.300000,1002.300000,0.000000,60,1002.300000,1002.300000,1002.300000,0.000000,60,24.491667,24.800000,24.300000,0.190709,60,55.954690,56.124237,55.674454,0.127752,60,362.925286,364.139587,360.542786,1.152442,60,361.711236,363.036560,359.407806,1.197739,60,3.949887,3.964359,3.924733,0.013079,60,0.591441,0.593233,0.588479,0.001350,60,3.879671,3.892652,3.854202,0.012320,60,1.145680,1.276036,0.971645,0.071867,60,-178.979396,-178.846909,-179.118347,0.052221,60,-0.120793,-0.001246,-0.187309,0.038878,60,7.215899,7.331932,7.036409,0.057391,60,179.387368,179.475327,179.258438,0.056677,60,0.012775,0.121239,-0.102790,0.051550,60,0.000000,22.483333,29.000000,19.000000,2.361353,60,2201.183333,2305.000000,2113.000000,46.225861,60,2.248333,2.900000,1.900000,0.236135,60,220.118382,4.582409,60,60,60,60,60,60,60,60,60,60,60,60,60,60,60,60,60,60,60,60,60,60,60,60,60,60,60,60,60,60,13.1460,13.20,13.09,26.55,28,25,27.99,6853986
2026-10-03 07:39:00,22.277332,22.336157,22.230869,0.020260,60,14.188271,14.251926,14.085603,0.034185,60,18.477989,18.536659,18.435949,0.026699,60,85.678333,85.900000,85.500000,0.134154,60,29.112883,29.152359,29.066910,0.016417,60,29.187162,29.211105,29.155029,0.015049,60,29.074209,29.117645,29.032196,0.016401,60,27.000000,27.000000,27.000000,0.000000,60,28.488083,28.517319,28.461533,0.013742,60,28.454286,28.480087,28.426743,0.013612,60,28.463085,28.497116,28.433304,0.014451,60,1002.300000,1002.300000,1002.300000,0.000000,60,1002.300000,1002.300000,1002.300000,0.000000,60,24.436667,24.600000,24.300000,0.127514,60,55.986883,56.108234,55.877972,0.053056,60,365.324583,366.763580,363.806854,0.967350,60,364.408644,365.989624,362.857513,1.049599,60,3.979342,3.996607,3.962404,0.011462,60,0.591781,0.593064,0.590630,0.000561,60,3.905320,3.920702,3.889095,0.010341,60,1.131310,1.252401,0.972622,0.058736,60,-178.986967,-178.847733,-179.106873,0.052872,60,-0.124126,-0.014342,-0.214077,0.038639,60,7.209882,7.364219,7.064027,0.059292,60,179.380032,179.475449,179.232513,0.048347,60,-0.000626,0.108050,-0.090142,0.049197,60,0.000000,16.216667,20.000000,10.000000,2.372810,60,2232.133333,2407.000000,2126.000000,58.453652,60,1.621667,2.000000,1.000000,0.237281,60,223.210401,5.792477,60,60,60,60,60,60,60,60,60,60,60,60,60,60,60,60,60,60,60,60,60,60,60,60,60,60,60,60,60,60,13.1534,13.21,13.10,26.39,28,25,27.99,6854020
2026-10-03 07:40:00,22.296584,22.357519,22.206455,0.029192,60,14.199130,14.254978,14.137484,0.024318,60,18.489688,18.541237,18.440529,0.021667,60,86.121667,86.700000,85.800000,0.197520,60,29.155207,29.208435,29.122986,0.018545,60,29.222454,29.253838,29.197754,0.015669,60,29.115598,29.144348,29.074921,0.019358,60,27.025000,27.100000,27.000000,0.043667,60,28.547315,28.584061,28.507217,0.019947,60,28.507154,28.542923,28.464279,0.019241,60,28.519728,28.560715,28.483170,0.021060,60,1002.300000,1002.300000,1002.300000,0.000000,60,1002.300000,1002.300000,1002.300000,0.000000,60,24.606667,24.800000,24.600000,0.036204,60,56.254381,56.521889,55.930332,0.186453,60,369.357828,371.508942,366.830750,1.731592,60,368.601611,370.825378,365.978363,1.787931,60,4.025130,4.049413,3.996484,0.019524,60,0.594609,0.597436,0.591184,0.001971,60,3.948435,3.971430,3.921420,0.018511,60,1.140707,1.279228,0.975236,0.060035,60,-179.010335,-178.846634,-179.145905,0.063898,60,-0.111271,-0.014014,-0.187721,0.039089,60,7.227117,7.400523,7.089598,0.070719,60,179.366452,179.488220,179.272446,0.052325,60,0.008605,0.120882,-0.103053,0.051014,60,0.000000,17.300000,23.000000,12.000000,2.257192,60,2175.016667,2372.000000,1992.000000,91.604065,60,1.730000,2.300000,1.200000,0.225719,60,217.516060,9.075167,60,60,60,60,60,60,60,60,60,60,60,60,60,60,60,60,60,60,60,60,60,60,60,60,60,60,60,60,60,60,13.1624,13.22,13.10,26.48,28,24,28.00,6854054
2026-10-03 07:41:00,22.300068,22.340734,22.240025,0.022591,60,14.203962,14.274815,14.123751,0.030898,60,18.495740,18.558022,18.443581,0.028580,60,87.048333,87.400000,86.300000,0.281336,60,29.203006,29.251167,29.165710,0.021306,60,29.268390,29.309914,29.227127,0.018867,60,29.163708,29.200424,29.117645,0.023530,60,27.100000,27.100000,27.100000,0.000001,60,28.614415,28.649490,28.577011,0.019177,60,28.573750,28.611038,28.540543,0.017140,60,28.586352,28.621262,28.550674,0.018667,60,1002.300000,1002.300000,1002.300000,0.000000,60,1002.300000,1002.300000,1002.300000,0.000000,60,24.780000,24.800000,24.600000,0.060506,60,56.428404,56.504971,56.307629,0.044800,60,370.801835,371.438110,370.286865,0.276913,60,370.291809,370.717346,369.961182,0.216883,60,4.043587,4.048234,4.039976,0.002368,60,0.596448,0.597257,0.595172,0.000474,60,3.963871,3.970673,3.958366,0.002960,60,1.129586,1.276435,0.999163,0.054407,60,-178.992934,-178.863968,-179.106247,0.052509,60,-0.116777,0.025612,-0.213368,0.039141,60,7.219490,7.345086,7.083717,0.056911,60,179.373862,179.488556,179.258606,0.049135,60,-0.001094,0.121120,-0.103580,0.051050,60,0.000000,20.050000,26.000000,14.000000,2.150483,60,2195.800000,2354.000000,2017.000000,73.892455,60,2.005000,2.600000,1.400000,0.215048,60,219.582586,7.321542,60,60,60,60,60,60,60,60,60,60,60,60,60,60,60,60,60,60,60,60,60,60,60,60,60,60,60,60,60,60,13.1707,13.22,13.12,26.38,28,25,28.00,6854087
2026-10-03 07:42:00,22.306757,22.375830,22.238499,0.029134,60,14.211032,14.256504,14.155794,0.025948,60,18.497876,18.562599,18.445107,0.026214,60,86.505000,87.000000,86.000000,0.220496,60,29.256595,29.293892,29.195084,0.020196,60,29.318325,29.365990,29.283211,0.019769,60,29.217559,29.272530,29.160370,0.023800,60,27.103333,27.200000,27.100000,0.018102,60,28.665209,28.695358,28.629501,0.015517,60,28.619731,28.655106,28.589615,0.015014,60,28.638663,28.666580,28.608231,0.014839,60,1002.300000,1002.300000,1002.300000,0.000000,60,1002.300000,1002.300000,1002.300000,0.000000,60,24.680000,24.800000,24.600000,0.098806,60,56.630397,56.889133,56.297802,0.153531,60,372.006368,373.855377,370.451538,0.995888,60,371.614379,373.486542,370.051880,1.000227,60,4.058029,4.078473,4.040967,0.010923,60,0.598583,0.601318,0.595068,0.001623,60,3.976748,3.996514,3.960127,0.010646,60,1.141366,1.278429,0.973275,0.062537,60,-178.999615,-178.846634,-179.119385,0.052483,60,-0.115228,-0.040678,-0.214077,0.045007,60,7.212885,7.390352,7.070640,0.057396,60,179.372902,179.488556,179.230179,0.047417,60,-0.002854,0.081561,-0.129189,0.044017,60,0.000000,18.466667,22.000000,16.000000,1.346265,60,2273.200000,2415.000000,2173.000000,42.869451,60,1.846667,2.200000,1.600000,0.134626,60,227.317603,4.248264,60,60,60,60,60,60,60,60,60,60,60,60,60,60,60,60,60,60,60,60,60,60,60,60,60,60,60,60,60,60,13.1773,13.22,13.12,26.30,29,25,28.00,6854121
2026-10-03 07:43:00,22.305155,22.348364,22.243076,0.025756,60,14.215712,14.259556,14.174106,0.021453,60,18.499046,18.545815,18.448158,0.023765,60,86.735000,87.200000,86.000000,0.341892,60,29.307421,29.349968,29.264519,0.019361,60,29.366079,29.408714,29.325935,0.019610,60,29.269190,29.312584,29.229797,0.022020,60,27.200000,27.200000,27.200000,0.000000,60,28.717465,28.756149,28.680618,0.018300,60,28.669770,28.705185,28.637863,0.018141,60,28.695652,28.738480,28.663284,0.018934,60,1002.300000,1002.300000,1002.300000,0.000000,60,1002.300000,1002.300000,1002.300000,0.000000,60,24.956667,25.000000,24.800000,0.083090,60,57.374274,57.812260,56.865803,0.326204,60,377.794246,381.489807,374.210968,2.276572,60,377.413525,380.933014,373.728912,2.221607,60,4.121356,4.159789,4.081120,0.024260,60,0.606446,0.611076,0.601072,0.003448,60,4.038620,4.078126,4.000315,0.024337,60,1.132398,1.289825,0.866624,0.068087,60,-178.990122,-178.858322,-179.118149,0.059152,60,-0.115742,-0.040914,-0.213811,0.045522,60,7.213117,7.351149,7.069909,0.064076,60,179.382138,179.514984,179.258942,0.059824,60,0.000951,0.146490,-0.089313,0.049366,60,0.000000,17.316667,22.000000,13.000000,2.541131,60,2177.450000,2419.000000,1943.000000,81.961840,60,1.731667,2.200000,1.300000,0.254113,60,217.754189,8.110831,60,60,60,60,60,60,60,60,60,60,60,60,60,60,60,60,60,60,60,60,60,60,60,60,60,60,60,60,60,60,13.1845,13.23,13.12,26.40,28,25,28.00,6854155
2026-10-03 07:44:00,22.317667,22.368200,22.258335,0.024282,60,14.216602,14.282445,14.160373,0.027848,60,18.510160,18.567179,18.434423,0.029288,60,87.010000,87.300000,86.700000,0.204774,60,29.364521,29.422066,29.307243,0.020890,60,29.423935,29.467461,29.382011,0.022424,60,29.324022,29.384682,29.285881,0.022765,60,27.236667,27.300000,27.200000,0.048596,60,28.792606,28.834213,28.744766,0.023167,60,28.735820,28.776474,28.688736,0.023431,60,28.763807,28.807724,28.721756,0.021855,60,1002.300000,1002.300000,1002.300000,0.000000,60,1002.300000,1002.300000,1002.300000,0.000000,60,25.000000,25.000000,25.000000,0.000000,60,58.235132,58.872585,57.792137,0.314644,60,384.548232,387.813538,381.700439,1.843573,60,384.066801,387.357727,381.118500,1.857321,60,4.194009,4.229946,4.161814,0.020282,60,0.615545,0.622283,0.610863,0.003326,60,4.110820,4.145727,4.080378,0.019708,60,1.118195,1.280429,0.970994,0.070075,60,-178.992502,-178.888412,-179.078293,0.047763,60,-0.092415,-0.014137,-0.187062,0.039986,60,7.210615,7.332986,7.060111,0.067094,60,179.377338,179.515732,179.231979,0.052382,60,-0.006619,0.121239,-0.103842,0.057010,60,0.000000,18.300000,26.000000,12.000000,3.552512,60,2068.466667,2380.000000,1939.000000,79.698259,60,1.830000,2.600000,1.200000,0.355251,60,206.812467,7.874990,60,60,60,60,60,60,60,60,60,60,60,60,60,60,60,60,60,60,60,60,60,60,60,60,60,60,60,60,60,60,13.1927,13.25,13.14,26.36,29,25,28.01,6854189
2026-10-03 07:45:00,22.323237,22.371252,22.279697,0.020460,60,14.227843,14.282445,14.181735,0.027331,60,18.516543,18.600748,18.435949,0.022916,60,86.866667,87.200000,86.300000,0.198867,60,29.429810,29.494164,29.376671,0.023158,60,29.477875,29.523537,29.440758,0.021603,60,29.383080,29.443428,29.341957,0.021594,60,27.300000,27.300000,27.300000,0.000001,60,28.867476,28.913956,28.820999,0.023439,60,28.805851,28.843063,28.767776,0.020628,60,28.829728,28.866501,28.784500,0.021267,60,1002.300000,1002.300000,1002.300000,0.000000,60,1002.300000,1002.300000,1002.300000,0.000000,60,24.983333,25.000000,24.800000,0.055744,60,58.903075,59.310486,58.705658,0.149321,60,389.399022,391.977173,387.845886,1.097995,60,388.923451,391.645905,387.398895,1.103884,60,4.247044,4.276773,4.230396,0.012054,60,0.622605,0.626912,0.620519,0.001578,60,4.162675,4.190236,4.146072,0.011738,60,1.121826,1.277232,0.973601,0.058985,60,-179.003785,-178.888153,-179.079376,0.049394,60,-0.108813,-0.014301,-0.213811,0.042771,60,7.210326,7.341049,7.006248,0.052322,60,179.384073,179.541443,179.273453,0.052789,60,-0.021762,0.082552,-0.234925,0.061114,60,0.000000,15.233333,19.000000,12.000000,1.759879,60,2096.400000,2313.000000,1942.000000,84.096635,60,1.523333,1.900000,1.200000,0.175988,60,209.616556,8.325258,60,60,60,60,60,60,60,60,60,60,60,60,60,60,60,60,60,60,60,60,60,60,60,60,60,60,60,60,60,60,13.2017,13.26,13.15,26.43,28,25,28.00,6854223
2026-10-03 07:46:00,22.321025,22.375830,22.267490,0.025610,60,14.227588,14.283971,14.149691,0.029709,60,18.517586,18.573282,18.440529,0.028917,60,86.340000,86.800000,86.000000,0.251908,60,29.500261,29.563591,29.438087,0.029597,60,29.545700,29.579613,29.496834,0.022622,60,29.451083,29.499504,29.398033,0.024357,60,27.301667,27.400000,27.300000,0.012910,60,28.947254,28.990829,28.896835,0.023267,60,28.879135,28.934158,28.841293,0.023498,60,28.902539,28.941086,28.847336,0.023232,60,1002.300000,1002.300000,1002.300000,0.000000,60,1002.300000,1002.300000,1002.300000,0.000000,60,24.975000,25.100000,24.800000,0.114426,60,59.763804,60.319359,59.306824,0.283667,60,395.357426,398.177795,391.966248,1.907058,60,394.931091,397.829193,391.624634,1.946785,60,4.312648,4.344295,4.276541,0.021259,60,0.631703,0.637576,0.626873,0.002998,60,4.226371,4.256521,4.190119,0.020386,60,1.107671,1.250437,0.933894,0.073713,60,-178.994193,-178.888412,-179.118774,0.049766,60,-0.096652,-0.000828,-0.213545,0.040367,60,7.185781,7.349129,6.994578,0.065466,60,179.379980,179.474365,179.272949,0.049131,60,-0.010101,0.055499,-0.103514,0.037016,60,0.000000,15.233333,19.000000,10.000000,2.493154,60,2213.083333,2358.000000,2041.000000,61.055765,60,1.523333,1.900000,1.000000,0.249315,60,221.311349,6.048525,60,60,60,60,60,60,60,60,60,60,60,60,60,60,60,60,60,60,60,60,60,60,60,60,60,60,60,60,60,60,13.2074,13.27,13.16,26.39,29,25,28.01,6854256
2026-10-03 07:47:00,22.313497,22.377356,22.256809,0.026007,60,14.224333,14.287023,14.183261,0.022593,60,18.523384,18.577860,18.426794,0.028127,60,86.041667,86.600000,85.600000,0.212564,60,29.576141,29.633018,29.534218,0.024716,60,29.607918,29.665062,29.566261,0.022212,60,29.521623,29.568932,29.486153,0.022584,60,27.360000,27.400000,27.300000,0.049403,60,29.012760,29.046951,28.978256,0.018969,60,28.942635,28.979050,28.900589,0.017083,60,28.972890,29.008713,28.937241,0.020592,60,1002.301667,1002.400000,1002.300000,0.012910,60,1002.301667,1002.400000,1002.300000,0.012910,60,24.975000,25.100000,24.800000,0.070410,60,60.708184,61.014053,60.284836,0.221710,60,400.310315,402.614685,398.123535,1.274023,60,400.014474,402.186218,397.878754,1.319384,60,4.368158,4.391873,4.344836,0.014408,60,0.641685,0.644919,0.637211,0.002343,60,4.279317,4.303951,4.255940,0.013619,60,1.129999,1.277232,0.997503,0.060110,60,-179.006062,-178.861282,-179.118347,0.052594,60,-0.094905,-0.014096,-0.214255,0.042551,60,7.207298,7.396452,7.093523,0.063474,60,179.379435,179.488556,179.258606,0.049667,60,-0.017110,0.147493,-0.129368,0.055665,60,0.000000,18.000000,25.000000,13.000000,3.008463,60,2244.283333,2425.000000,1916.000000,92.251699,60,1.800000,2.500000,1.300000,0.300846,60,224.436425,9.120216,60,60,60,60,60,60,60,60,60,60,60,60,60,60,60,60,60,60,60,60,60,60,60,60,60,60,60,60,60,60,13.2128,13.26,13.16,26.34,29,25,28.01,6854290
2026-10-03 07:48:00,22.328171,22.381933,22.275120,0.023950,60,14.232726,14.291600,14.169528,0.029137,60,18.523562,18.594645,18.461891,0.028353,60,86.333333,86.600000,85.900000,0.143405,60,29.634576,29.675743,29.576942,0.018967,60,29.667020,29.707787,29.622337,0.020771,60,29.584241,29.638359,29.542229,0.022907,60,27.401667,27.500000,27.400000,0.012910,60,29.064030,29.105911,29.031509,0.018439,60,28.991007,29.021194,28.958908,0.014831,60,29.026050,29.060562,28.988235,0.018445,60,1002.371667,1002.400000,1002.300000,0.045442,60,1002.371667,1002.400000,1002.300000,0.045442,60,25.005000,25.100000,25.000000,0.021978,60,61.526590,61.858063,61.003532,0.276365,60,405.507096,408.158478,402.592255,1.686857,60,405.150407,407.562378,402.308380,1.710687,60,4.424242,4.450581,4.393208,0.018681,60,0.650336,0.653840,0.644807,0.002921,60,4.334871,4.363214,4.303711,0.018033,60,1.110055,1.276435,0.932944,0.073349,60,-178.993283,-178.885513,-179.105194,0.051769,60,-0.102660,-0.040630,-0.213368,0.041834,60,7.198938,7.298867,7.080431,0.051345,60,179.372910,179.581696,179.258438,0.057697,60,-0.014687,0.120644,-0.129844,0.052528,60,0.000000,19.166667,25.000000,15.000000,2.756605,60,2096.300000,2213.000000,1880.000000,79.916970,60,1.916667,2.500000,1.500000,0.275660,60,209.643629,7.917977,60,60,60,60,60,60,60,60,60,60,60,60,60,60,60,60,60,60,60,60,60,60,60,60,60,60,60,60,60,60,13.2192,13.27,13.17,26.30,29,25,28.05,6854324
2026-10-03 07:49:00,22.328094,22.386511,22.276646,0.023003,60,14.232293,14.291600,14.155794,0.027797,60,18.531878,18.582438,18.467995,0.024199,60,86.638333,87.400000,85.900000,0.454018,60,29.693723,29.747841,29.633018,0.024354,60,29.726880,29.777222,29.678413,0.021694,60,29.643566,29.681084,29.598305,0.020386,60,27.498333,27.500000,27.400000,0.012910,60,29.128064,29.165115,29.086655,0.021248,60,29.039384,29.070541,29.003433,0.017268,60,29.085978,29.121323,29.051163,0.016999,60,1002.396667,1002.400000,1002.300000,0.018102,60,1002.396667,1002.400000,1002.300000,0.018102,60,25.163333,25.300000,25.000000,0.144933,60,61.095558,61.813473,60.299019,0.527251,60,403.819230,408.029785,400.283844,2.891970,60,403.649150,407.618134,400.288544,2.762516,60,4.407849,4.451190,4.371151,0.030167,60,0.645780,0.653368,0.637361,0.005573,60,4.316827,4.361838,4.279034,0.030915,60,1.104100,1.236261,0.895378,0.070626,60,-179.004044,-178.899643,-179.146484,0.052802,60,-0.084018,0.052090,-0.186980,0.043611,60,7.184736,7.318967,7.035296,0.064416,60,179.390939,179.514648,179.272095,0.050619,60,-0.012325,0.120882,-0.102987,0.050065,60,0.000000,18.450000,25.000000,11.000000,3.903171,60,2145.900000,2375.000000,1797.000000,148.203102,60,1.845000,2.500000,1.100000,0.390317,60,214.653556,14.690235,60,60,60,60,60,60,60,60,60,60,60,60,60,60,60,60,60,60,60,60,60,60,60,60,60,60,60,60,60,60,13.2230,13.28,13.19,26.20,28,24,28.07,6854358
2026-10-03 07:50:00,22.331426,22.372778,22.235447,0.024567,60,14.238321,14.309911,14.190890,0.025121,60,18.531650,18.585489,18.471046,0.025928,60,85.550000,86.700000,85.000000,0.403165,60,29.752785,29.817276,29.718468,0.020457,60,29.777621,29.819946,29.734489,0.018799,60,29.702134,29.737160,29.667732,0.019275,60,27.523333,27.600000,27.500000,0.042652,60,29.194735,29.230026,29.158188,0.018918,60,29.104269,29.143234,29.060928,0.019781,60,29.148599,29.182053,29.109451,0.019350,60,1002.400000,1002.400000,1002.400000,0.000000,60,1002.400000,1002.400000,1002.400000,0.000000,60,25.021667,25.300000,24.800000,0.076117,60,60.521100,60.687519,60.274082,0.117565,60,400.883168,402.724396,397.309937,1.528359,60,400.894028,402.660492,397.587982,1.454766,60,4.377763,4.397053,4.341660,0.015886,60,0.639708,0.641467,0.637097,0.001243,60,4.285441,4.305123,4.247243,0.016338,60,1.092541,1.238986,0.931994,0.070958,60,-179.015024,-178.900925,-179.144318,0.049553,60,-0.095283,-0.014137,-0.214077,0.041400,60,7.186973,7.305916,7.026643,0.060455,60,179.374004,179.488556,179.231445,0.056627,60,-0.020930,0.082001,-0.103185,0.042093,60,0.000000,19.533333,31.000000,10.000000,7.040962,60,2120.516667,2290.000000,1850.000000,88.990857,60,1.953333,3.100000,1.000000,0.704096,60,212.064134,8.811263,60,60,60,60,60,60,60,60,60,60,60,60,60,60,60,60,60,60,60,60,60,60,60,60,60,60,60,60,60,60,13.2301,13.28,13.17,26.36,28,25,28.09,6854392
2026-10-03 07:51:00,22.330689,22.394140,22.272068,0.029513,60,14.239109,14.329747,14.160373,0.028855,60,18.535820,18.587015,18.472572,0.027008,60,85.271667,85.800000,84.800000,0.204269,60,29.814739,29.846649,29.774551,0.019095,60,29.833743,29.862671,29.790573,0.017216,60,29.758526,29.809265,29.710457,0.019051,60,27.600000,27.600000,27.600000,0.000001,60,29.229006,29.247299,29.208755,0.008063,60,29.137330,29.154129,29.117081,0.007514,60,29.182205,29.201309,29.159958,0.009181,60,1002.400000,1002.400000,1002.400000,0.000000,60,1002.400000,1002.400000,1002.400000,0.000000,60,24.986667,25.100000,24.800000,0.059565,60,61.681162,63.861870,60.160442,1.298122,60,404.485294,417.771637,396.249847,7.741230,60,404.409165,417.538544,396.217163,7.635319,60,4.416148,4.559521,4.326692,0.083378,60,0.651970,0.675020,0.635896,0.013721,60,4.323948,4.465979,4.235910,0.082754,60,1.094219,1.236261,0.959185,0.066742,60,-179.002164,-178.901978,-179.118347,0.045178,60,-0.093094,-0.014219,-0.161251,0.039617,60,7.184080,7.312930,7.024692,0.063420,60,179.392224,179.475098,179.271927,0.044667,60,-0.016941,0.108399,-0.129248,0.058215,60,0.000000,27.350000,32.000000,18.000000,2.851256,60,2110.466667,2242.000000,1990.000000,55.123426,60,2.735000,3.200000,1.800000,0.285126,60,211.047949,5.463620,60,60,60,60,60,60,60,60,60,60,60,60,60,60,60,60,60,60,60,60,60,60,60,60,60,60,60,60,60,60,13.2337,13.30,13.19,26.19,29,25,28.15,6854425
2026-10-03 07:52:00,22.330205,22.395666,22.272068,0.027724,60,14.244806,14.297704,14.195468,0.023618,60,18.537041,18.622110,18.475624,0.028552,60,84.886667,85.200000,84.600000,0.225093,60,29.857063,29.886703,29.817276,0.015007,60,29.870726,29.902725,29.833298,0.015790,60,29.799919,29.822617,29.779892,0.013531,60,27.600000,27.600000,27.600000,0.000001,60,29.241691,29.255447,29.224655,0.007037,60,29.140972,29.158737,29.123001,0.007297,60,29.197325,29.211411,29.180038,0.006994,60,1002.400000,1002.400000,1002.400000,0.000000,60,1002.400000,1002.400000,1002.400000,0.000000,60,24.876667,25.000000,24.800000,0.098060,60,64.373688,64.619446,63.857525,0.202907,60,421.205181,423.066162,418.049561,1.179303,60,421.197026,423.115692,417.803436,1.233707,60,4.599472,4.620423,4.562414,0.013472,60,0.680430,0.683028,0.674974,0.002145,60,4.502683,4.522577,4.468950,0.012607,60,1.100966,1.278030,0.957251,0.064712,60,-179.003559,-178.899902,-179.105392,0.044786,60,-0.097118,-0.000564,-0.186651,0.043597,60,7.195445,7.355198,7.040321,0.062558,60,179.391356,179.541656,179.271591,0.052401,60,-0.030730,0.121837,-0.155802,0.052827,60,0.000000,23.216667,27.000000,19.000000,1.869394,60,2243.183333,2303.000000,2113.000000,39.791189,60,2.321667,2.700000,1.900000,0.186939,60,224.322265,3.943029,60,60,60,60,60,60,60,60,60,60,60,60,60,60,60,60,60,60,60,60,60,60,60,60,60,60,60,60,60,60,13.2385,13.30,13.19,26.31,28,25,28.25,6854459
2026-10-03 07:53:00,22.341929,22.412451,22.290379,0.027319,60,14.248747,14.297704,14.195468,0.026552,60,18.547977,18.608377,18.507668,0.027079,60,84.723333,84.900000,84.600000,0.112546,60,29.878693,29.902725,29.846649,0.015430,60,29.895204,29.918747,29.862671,0.012364,60,29.833431,29.865341,29.809265,0.014580,60,27.600000,27.600000,27.600000,0.000001,60,29.252934,29.276291,29.233505,0.008570,60,29.150128,29.169022,29.132095,0.009327,60,29.221999,29.244766,29.197006,0.011155,60,1002.406667,1002.500000,1002.400000,0.025155,60,1002.406667,1002.500000,1002.400000,0.025155,60,24.800000,24.800000,24.800000,0.000001,60,64.750242,65.096672,64.561584,0.112166,60,425.150288,427.963043,423.179047,1.167870,60,425.297702,428.084381,423.242004,1.171245,60,4.644251,4.674682,4.621803,0.012790,60,0.684410,0.688072,0.682416,0.001186,60,4.544856,4.574925,4.523784,0.012485,60,1.084908,1.212158,0.934529,0.068953,60,-179.012856,-178.928345,-179.118774,0.047546,60,-0.088235,-0.000753,-0.161327,0.036308,60,7.186979,7.318967,7.020793,0.058754,60,179.376890,179.514984,179.259125,0.053504,60,-0.022848,0.120644,-0.129725,0.051087,60,0.000000,19.633333,28.000000,14.000000,2.537626,60,2250.966667,2381.000000,2109.000000,70.858170,60,1.963333,2.800000,1.400000,0.253763,60,225.094647,7.024089,60,60,60,60,60,60,60,60,60,60,60,60,60,60,60,60,60,60,60,60,60,60,60,60,60,60,60,60,60,60,13.2451,13.31,13.20,26.33,28,25,28.27,6854493
2026-10-03 07:54:00,22.351848,22.398718,22.308689,0.023517,60,14.250680,14.316014,14.196994,0.027606,60,18.555504,18.640421,18.509193,0.028806,60,84.588333,84.800000,84.300000,0.150808,60,29.905618,29.945450,29.860001,0.015888,60,29.913940,29.945450,29.876022,0.013658,60,29.857241,29.878693,29.835968,0.014993,60,27.600000,27.600000,27.600000,0.000001,60,29.263305,29.277695,29.243057,0.007920,60,29.165600,29.180771,29.154007,0.006302,60,29.239408,29.252823,29.223160,0.006175,60,1002.408333,1002.500000,1002.400000,0.027872,60,1002.408333,1002.500000,1002.400000,0.027872,60,24.800000,24.800000,24.800000,0.000001,60,65.516180,65.853104,65.154984,0.118569,60,429.171870,429.768555,428.225922,0.374065,60,429.313186,430.002197,428.276947,0.383646,60,4.688100,4.695624,4.676784,0.004189,60,0.692506,0.696067,0.688688,0.001253,60,4.587847,4.594225,4.577735,0.003999,60,1.087018,1.279228,0.956608,0.074632,60,-179.003370,-178.899902,-179.118774,0.052028,60,-0.084960,0.025707,-0.160490,0.040430,60,7.191388,7.348044,7.050334,0.061720,60,179.379691,179.542679,179.258606,0.058832,60,-0.023215,0.108632,-0.195187,0.054768,60,0.000000,24.816667,35.000000,19.000000,2.867064,60,2257.766667,2390.000000,2157.000000,58.511006,60,2.481667,3.500000,1.900000,0.286706,60,225.771759,5.798655,60,60,60,60,60,60,60,60,60,60,60,60,60,60,60,60,60,60,60,60,60,60,60,60,60,60,60,60,60,60,13.2527,13.31,13.20,26.26,28,25,28.45,6854527
2026-10-03 07:55:00,22.359401,22.413977,22.293430,0.026861,60,14.256148,14.332799,14.181735,0.025414,60,18.550978,18.609903,18.493935,0.026820,60,84.018333,84.300000,83.800000,0.180856,60,29.916344,29.945450,29.886703,0.013781,60,29.934413,29.961472,29.918747,0.010411,60,29.877892,29.905396,29.849319,0.012450,60,27.518333,27.600000,27.500000,0.039020,60,29.254470,29.278854,29.234634,0.008702,60,29.159979,29.178696,29.144272,0.007525,60,29.233930,29.250534,29.218613,0.007354,60,1002.415000,1002.500000,1002.400000,0.036008,60,1002.415000,1002.500000,1002.400000,0.036008,60,24.656667,24.800000,24.600000,0.090884,60,65.297491,65.819946,64.952614,0.218529,60,426.899899,429.109619,425.076080,1.454710,60,427.197542,429.362427,425.543365,1.396338,60,4.664997,4.688638,4.646934,0.015248,60,0.690194,0.695717,0.686549,0.002310,60,4.563560,4.587182,4.544063,0.015551,60,1.080758,1.211391,0.930416,0.067740,60,-179.011824,-178.899902,-179.119797,0.050943,60,-0.080118,-0.000715,-0.187226,0.043382,60,7.178085,7.355198,7.076511,0.059175,60,179.385148,179.475449,179.273453,0.049208,60,-0.026936,0.081671,-0.155748,0.050458,60,0.000000,25.100000,35.000000,18.000000,3.834279,60,2549.800000,2697.000000,2343.000000,86.071078,60,2.510000,3.500000,1.800000,0.383428,60,255.000542,8.526446,60,60,60,60,60,60,60,60,60,60,60,60,60,60,60,60,60,60,60,60,60,60,60,60,60,60,60,60,60,60,13.2579,13.32,13.21,26.23,28,25,28.53,6854560
2026-10-03 07:56:00,22.365632,22.413977,22.322424,0.023536,60,14.259632,14.332799,14.164950,0.030611,60,18.564355,18.626688,18.512245,0.027878,60,84.498333,84.900000,83.900000,0.226612,60,29.915943,29.945450,29.886703,0.013012,60,29.932766,29.961472,29.902725,0.011336,60,29.883811,29.905396,29.865341,0.011813,60,27.501667,27.600000,27.500000,0.012910,60,29.230873,29.254593,29.210373,0.010313,60,29.145661,29.158615,29.131882,0.005912,60,29.228973,29.252609,29.216049,0.007103,60,1002.433333,1002.500000,1002.400000,0.047538,60,1002.433333,1002.500000,1002.400000,0.047538,60,24.780000,24.800000,24.400000,0.070830,60,65.088302,65.311844,64.738579,0.120853,60,426.277267,427.130280,425.164032,0.534696,60,426.861559,427.814636,425.604004,0.595919,60,4.661328,4.671736,4.647596,0.006507,60,0.687983,0.690346,0.684287,0.001277,60,4.556904,4.566022,4.545003,0.005716,60,1.075302,1.288621,0.891998,0.082707,60,-179.004264,-178.889465,-179.104568,0.051307,60,-0.092639,-0.014424,-0.186815,0.038561,60,7.186197,7.357223,7.010145,0.063712,60,179.391013,179.488327,179.257568,0.055318,60,-0.023532,0.108282,-0.129427,0.049887,60,0.000000,20.133333,27.000000,15.000000,3.264948,60,2419.050000,2646.000000,2259.000000,92.079079,60,2.013333,2.700000,1.500000,0.326495,60,241.893212,9.124990,60,60,60,60,60,60,60,60,60,60,60,60,60,60,60,60,60,60,60,60,60,60,60,60,60,60,60,60,60,60,13.2678,13.32,13.21,26.18,28,25,28.55,6854594
2026-10-03 07:57:00,22.385951,22.459755,22.322424,0.027364,60,14.274561,14.332799,14.229038,0.028917,60,18.573358,18.641947,18.512245,0.030309,60,84.318333,85.400000,83.700000,0.400632,60,29.909935,29.929428,29.886703,0.009650,60,29.933968,29.961472,29.902725,0.010741,60,29.887238,29.921417,29.865341,0.012279,60,27.505000,27.600000,27.500000,0.021978,60,29.231356,29.262283,29.210770,0.009797,60,29.150884,29.172226,29.123550,0.009713,60,29.243081,29.270523,29.226303,0.010527,60,1002.445000,1002.500000,1002.400000,0.050169,60,1002.445000,1002.500000,1002.400000,0.050169,60,24.730000,25.000000,24.400000,0.121153,60,63.938090,64.721886,62.728142,0.644405,60,421.495425,425.915192,416.750397,3.018573,60,422.120306,426.539917,417.270142,2.985039,60,4.609554,4.657816,4.556590,0.032597,60,0.675826,0.684110,0.663036,0.006811,60,4.505786,4.553033,4.455061,0.032269,60,1.092167,1.276036,0.930731,0.068298,60,-179.001372,-178.859665,-179.105392,0.049643,60,-0.086487,0.025612,-0.186980,0.048098,60,7.194134,7.429545,7.025564,0.060879,60,179.397782,179.487991,179.259125,0.057704,60,-0.020191,0.107934,-0.103382,0.050254,60,0.000000,15.783333,23.000000,10.000000,3.146651,60,2284.500000,2605.000000,1760.000000,227.558709,60,1.578333,2.300000,1.000000,0.314665,60,228.754131,22.602140,60,60,60,60,60,60,60,60,60,60,60,60,60,60,60,60,60,60,60,60,60,60,60,60,60,60,60,60,60,60,13.2779,13.33,13.21,26.20,28,25,28.65,6854628
2026-10-03 07:58:00,22.396760,22.444496,22.336157,0.026704,60,14.281758,14.364843,14.215304,0.028929,60,18.586277,18.641947,18.527504,0.026677,60,84.865000,85.400000,84.200000,0.371814,60,29.919459,29.945450,29.886703,0.014616,60,29.944204,29.977493,29.902725,0.014687,60,29.903348,29.934769,29.878693,0.013140,60,27.600000,27.600000,27.600000,0.000001,60,29.264832,29.295212,29.243210,0.010862,60,29.186657,29.208633,29.160965,0.011911,60,29.273990,29.297714,29.249252,0.011729,60,1002.485000,1002.500000,1002.400000,0.036008,60,1002.485000,1002.500000,1002.400000,0.036008,60,24.886667,25.000000,24.800000,0.099943,60,63.458887,64.010506,62.788513,0.463542,60,419.166486,421.617218,416.851746,1.844943,60,419.760536,422.151855,417.498749,1.809586,60,4.583785,4.609899,4.559086,0.019761,60,0.670760,0.676591,0.663675,0.004900,60,4.480890,4.507088,4.456145,0.019722,60,1.105211,1.251614,0.961773,0.067081,60,-179.003920,-178.887619,-179.172653,0.050655,60,-0.079199,0.025864,-0.187062,0.042215,60,7.192780,7.345087,7.043097,0.065620,60,179.389953,179.542786,179.258606,0.062537,60,-0.017542,0.081891,-0.155481,0.049217,60,0.000000,21.783333,33.000000,14.000000,4.426774,60,2170.816667,2409.000000,2017.000000,77.006822,60,2.178333,3.300000,1.400000,0.442677,60,217.056773,7.615001,60,60,60,60,60,60,60,60,60,60,60,60,60,60,60,60,60,60,60,60,60,60,60,60,60,60,60,60,60,60,13.2835,13.36,13.23,26.28,28,24,28.72,6854662
2026-10-03 07:59:00,22.406856,22.462807,22.339209,0.024754,60,14.284759,14.351110,14.215304,0.028854,60,18.590601,18.673990,18.512245,0.028275,60,84.768333,85.200000,84.400000,0.234695,60,29.941355,29.974823,29.916077,0.016383,60,29.969215,30.004196,29.932098,0.017142,60,29.925556,29.950790,29.892044,0.016108,60,27.600000,27.600000,27.600000,0.000001,60,29.300947,29.333572,29.272873,0.016264,60,29.216233,29.245560,29.194504,0.011680,60,29.300469,29.325485,29.277908,0.011301,60,1002.491667,1002.500000,1002.400000,0.027872,60,1002.491667,1002.500000,1002.400000,0.027872,60,24.833333,25.000000,24.800000,0.075165,60,64.148295,64.686897,63.558201,0.427256,60,423.589722,427.760193,418.897125,3.334049,60,424.036318,428.134155,419.412964,3.339788,60,4.630477,4.675225,4.579990,0.036470,60,0.678047,0.683740,0.671810,0.004516,60,4.528174,4.572756,4.478010,0.035641,60,1.100375,1.288221,0.920440,0.073517,60,-178.989139,-178.862366,-179.080002,0.048451,60,-0.085169,-0.001018,-0.161327,0.041394,60,7.203691,7.345223,7.056789,0.069406,60,179.391485,179.542679,179.258102,0.055051,60,-0.026544,0.082001,-0.156228,0.048557,60,0.000000,18.966667,25.000000,13.000000,3.025130,60,2112.533333,2276.000000,1920.000000,60.299666,60,1.896667,2.500000,1.300000,0.302513,60,211.252441,5.971551,60,60,60,60,60,60,60,60,60,60,60,60,60,60,60,60,60,60,60,60,60,60,60,60,60,60,60,60,60,60,13.2878,13.35,13.23,26.26,28,25,28.85,6854696
2026-10-03 08:00:00,22.418733,22.478065,22.313269,0.027905,60,14.291753,14.369421,14.232090,0.027808,60,18.588871,18.644999,18.513771,0.028606,60,84.745000,85.200000,84.000000,0.245243,60,29.975847,30.004196,29.945450,0.013854,60,29.995384,30.017548,29.961472,0.014395,60,29.954217,29.993515,29.921417,0.014676,60,27.603333,27.700000,27.600000,0.018102,60,29.350917,29.382187,29.323288,0.013317,60,29.249781,29.275558,29.228500,0.012547,60,29.338217,29.357803,29.314713,0.010956,60,1002.475000,1002.500000,1002.400000,0.043667,60,1002.475000,1002.500000,1002.400000,0.043667,60,24.813333,25.000000,24.600000,0.072408,60,64.577552,65.215584,63.257957,0.565889,60,426.175510,429.719849,417.584351,3.606690,60,426.933221,430.288605,418.821930,3.436233,60,4.662111,4.698751,4.573535,0.037524,60,0.682585,0.689329,0.668637,0.005981,60,4.555816,4.593705,4.463976,0.038556,60,1.085123,1.250437,0.891998,0.068525,60,-178.999449,-178.843887,-179.105392,0.056078,60,-0.084517,0.025517,-0.160642,0.039414,60,7.184064,7.308909,7.032499,0.060132,60,179.390964,179.488220,179.271255,0.048759,60,-0.026523,0.055603,-0.155802,0.050120,60,0.000000,20.916667,28.000000,16.000000,3.237972,60,2277.750000,2476.000000,2044.000000,81.571768,60,2.091667,2.800000,1.600000,0.323797,60,227.787780,8.071649,60,60,60,60,60,60,60,60,60,60,60,60,60,60,60,60,60,60,60,60,60,60,60,60,60,60,60,60,60,60,13.2935,13.35,13.23,26.31,28,24,28.88,6854729
2026-10-03 08:01:00,22.413774,22.478065,22.357519,0.024597,60,14.296457,14.366369,14.233616,0.030950,60,18.600010,18.663309,18.532082,0.032099,60,83.763333,84.400000,83.500000,0.252423,60,30.003573,30.030899,29.974823,0.016047,60,30.020307,30.046921,29.990845,0.015539,60,29.978561,30.006866,29.950790,0.014889,60,27.600000,27.600000,27.600000,0.000001,60,29.370471,29.397537,29.343582,0.011324,60,29.281664,29.309341,29.250290,0.014109,60,29.359253,29.380692,29.336472,0.010702,60,1002.433333,1002.500000,1002.400000,0.047538,60,1002.433333,1002.500000,1002.400000,0.047538,60,24.623333,24.800000,24.600000,0.064746,60,61.640383,63.164436,61.095455,0.513893,60,408.253161,416.919800,404.761597,3.061483,60,409.305586,418.085907,405.933136,3.089053,60,4.469617,4.565498,4.432790,0.033732,60,0.651539,0.667648,0.645779,0.005432,60,4.364226,4.456872,4.326901,0.032727,60,1.076195,1.185705,0.958217,0.061278,60,-178.996587,-178.859665,-179.078079,0.057021,60,-0.092398,0.025454,-0.160642,0.042755,60,7.177737,7.339149,6.981471,0.066963,60,179.385162,179.487411,179.272446,0.048654,60,-0.022892,0.054774,-0.155802,0.053467,60,0.000000,14.400000,17.000000,12.000000,1.669264,60,2248.716667,2372.000000,2143.000000,57.430899,60,1.440000,1.700000,1.200000,0.166926,60,224.870028,5.693372,60,60,60,60,60,60,60,60,60,60,60,60,60,60,60,60,60,60,60,60,60,60,60,60,60,60,60,60,60,60,13.2909,13.36,13.23,26.09,28,24,28.90,6854763
2026-10-03 08:02:00,22.420945,22.496376,22.359045,0.027153,60,14.295745,14.369421,14.218356,0.031992,60,18.614455,18.664835,18.550392,0.027189,60,83.911667,84.400000,83.400000,0.267500,60,30.035305,30.073624,30.004196,0.015374,60,30.054309,30.089645,30.017548,0.013900,60,30.009314,30.049591,29.964142,0.018219,60,27.678333,27.700000,27.600000,0.041545,60,29.419392,29.451096,29.384903,0.016262,60,29.321747,29.351669,29.289108,0.013988,60,29.405596,29.430344,29.376785,0.016363,60,1002.405000,1002.500000,1002.400000,0.021978,60,1002.405000,1002.500000,1002.400000,0.021978,60,24.736667,25.000000,24.600000,0.144933,60,61.867011,62.794449,61.524433,0.359398,60,410.786395,416.142334,408.231110,2.418505,60,411.845147,417.330750,409.168365,2.480804,60,4.497349,4.557252,4.468119,0.027090,60,0.653934,0.663737,0.650313,0.003799,60,4.391306,4.448562,4.363990,0.025854,60,1.067843,1.214462,0.917935,0.070953,60,-178.991089,-178.899643,-179.066254,0.048016,60,-0.080010,0.025927,-0.186323,0.044167,60,7.178170,7.318967,7.073933,0.064870,60,179.389524,179.488556,179.271255,0.045212,60,-0.031680,0.056330,-0.156015,0.048686,60,0.000000,14.300000,20.000000,9.000000,2.573002,60,2576.483333,2738.000000,2242.000000,94.039028,60,1.430000,2.000000,0.900000,0.257300,60,257.716398,9.274177,60,60,60,60,60,60,60,60,60,60,60,60,60,60,60,60,60,60,60,60,60,60,60,60,60,60,60,60,60,60,13.3024,13.36,13.25,26.27,28,24,28.94,6854797
2026-10-03 08:03:00,22.418834,22.485695,22.348364,0.024778,60,14.304316,14.355688,14.251926,0.028252,60,18.611480,18.681620,18.553444,0.029996,60,84.570000,85.100000,84.200000,0.216521,60,30.073446,30.116348,30.046921,0.015491,60,30.081902,30.102997,30.046921,0.013326,60,30.045185,30.092316,30.006866,0.018063,60,27.748333,27.800000,27.700000,0.050394,60,29.452013,29.477951,29.426346,0.012545,60,29.363964,29.394791,29.334427,0.012857,60,29.449033,29.485306,29.417770,0.015022,60,1002.400000,1002.400000,1002.400000,0.000000,60,1002.400000,1002.400000,1002.400000,0.000000,60,25.001667,25.100000,25.000000,0.012910,60,63.797314,64.382774,62.841560,0.488870,60,422.519225,426.813385,416.331451,3.295211,60,423.660398,427.449707,417.528839,3.264907,60,4.626372,4.667751,4.559415,0.035653,60,0.674338,0.680526,0.664235,0.005167,60,4.516730,4.562635,4.450583,0.035226,60,1.072983,1.238207,0.895070,0.069720,60,-179.006931,-178.888153,-179.185669,0.052503,60,-0.073820,0.025612,-0.187226,0.041819,60,7.178988,7.298867,7.056198,0.059241,60,179.389092,179.514984,179.258102,0.050707,60,-0.027930,0.121120,-0.155908,0.059425,60,0.000000,15.583333,20.000000,10.000000,2.219266,60,2436.066667,2670.000000,2014.000000,165.108271,60,1.558333,2.000000,1.000000,0.221927,60,243.746405,16.350926,60,60,60,60,60,60,60,60,60,60,60,60,60,60,60,60,60,60,60,60,60,60,60,60,60,60,60,60,60,60,13.3064,13.36,13.26,26.11,28,24,28.95,6854833
2026-10-03 08:04:00,22.431373,22.485695,22.362097,0.026663,60,14.303883,14.357214,14.254978,0.022691,60,18.613693,18.681620,18.553444,0.027326,60,85.238333,85.600000,84.700000,0.254513,60,30.103842,30.159073,30.060272,0.017859,60,30.122979,30.159073,30.089645,0.018027,60,30.084171,30.135040,30.036240,0.020965,60,27.873333,27.900000,27.800000,0.044595,60,29.487877,29.508102,29.463058,0.010932,60,29.408423,29.436478,29.371597,0.014210,60,29.494184,29.520279,29.472122,0.010827,60,1002.400000,1002.400000,1002.400000,0.000000,60,1002.400000,1002.400000,1002.400000,0.000000,60,25.211667,25.300000,25.000000,0.102662,60,64.953004,65.665367,64.214478,0.449149,60,429.641846,432.159058,426.215363,2.179728,60,430.716280,433.330414,427.307831,2.202658,60,4.703422,4.731968,4.666202,0.024053,60,0.686553,0.694083,0.678747,0.004748,60,4.592871,4.619780,4.556242,0.023301,60,1.068995,1.207950,0.958862,0.062007,60,-178.996822,-178.886826,-179.104141,0.048455,60,-0.074759,0.025612,-0.160490,0.046089,60,7.178341,7.288827,7.066729,0.053580,60,179.393066,179.554672,179.258102,0.060474,60,-0.041489,0.056122,-0.195539,0.053656,60,0.000000,23.766667,29.000000,16.000000,2.701956,60,2203.100000,2432.000000,1929.000000,101.661902,60,2.376667,2.900000,1.600000,0.270196,60,220.331210,10.060271,60,60,60,60,60,60,60,60,60,60,60,60,60,60,60,60,60,60,60,60,60,60,60,60,60,60,60,60,60,60,13.3173,13.38,13.27,26.21,28,24,28.96,6854866
2026-10-03 08:05:00,22.430915,22.487221,22.394140,0.023624,60,14.310775,14.373999,14.254978,0.027751,60,18.611429,18.669413,18.554970,0.025068,60,83.585000,84.600000,83.200000,0.374539,60,30.137310,30.172424,30.102997,0.016171,60,30.156447,30.188446,30.132370,0.013522,60,30.125383,30.148392,30.076294,0.016022,60,27.900000,27.900000,27.900000,0.000000,60,29.506711,29.527023,29.488022,0.009013,60,29.430239,29.446304,29.414291,0.008562,60,29.511436,29.529770,29.493301,0.008613,60,1002.400000,1002.400000,1002.400000,0.000000,60,1002.400000,1002.400000,1002.400000,0.000000,60,24.981667,25.100000,24.800000,0.083345,60,66.425185,66.903831,65.673141,0.440091,60,437.769006,442.261414,432.254089,3.397183,60,438.741820,443.280487,433.355469,3.401565,60,4.791061,4.840623,4.732242,0.037145,60,0.702114,0.707173,0.694165,0.004652,60,4.679751,4.727775,4.620796,0.036316,60,1.076523,1.237039,0.867226,0.076756,60,-179.007872,-178.859116,-179.144913,0.059653,60,-0.091539,-0.000866,-0.160414,0.033902,60,7.180946,7.302891,6.994578,0.067616,60,179.381453,179.556442,179.217575,0.055805,60,-0.022445,0.107354,-0.103053,0.042441,60,0.000000,18.600000,25.000000,10.000000,3.805438,60,2282.866667,2398.000000,2085.000000,65.361438,60,1.860000,2.500000,1.000000,0.380544,60,228.296406,6.474446,60,60,60,60,60,60,60,60,60,60,60,60,60,60,60,60,60,60,60,60,60,60,60,60,60,60,60,60,60,60,13.3218,13.37,13.26,26.13,28,24,28.98,6854900
2026-10-03 08:06:00,22.432898,22.473488,22.384985,0.021970,60,14.307673,14.375525,14.222935,0.032765,60,18.619186,18.704510,18.573282,0.024248,60,83.073333,83.500000,82.600000,0.271135,60,30.165126,30.201797,30.129700,0.017311,60,30.187645,30.215149,30.145721,0.015362,60,30.150439,30.175095,30.119019,0.014538,60,27.961667,28.000000,27.900000,0.049030,60,29.548241,29.573074,29.517258,0.014955,60,29.462770,29.492203,29.438766,0.013697,60,29.543738,29.570572,29.514420,0.014314,60,1002.400000,1002.400000,1002.400000,0.000000,60,1002.400000,1002.400000,1002.400000,0.000000,60,24.860000,25.000000,24.800000,0.092425,60,66.674870,67.009476,66.349083,0.182994,60,441.131818,442.144958,439.686096,0.812752,60,442.292182,443.244690,440.913452,0.735172,60,4.829831,4.840232,4.814775,0.008028,60,0.704753,0.708290,0.701310,0.001934,60,4.715699,4.726529,4.700244,0.008688,60,1.087269,1.212158,0.956608,0.059023,60,-179.010585,-178.887360,-179.119385,0.051067,60,-0.083386,-0.000866,-0.186980,0.041985,60,7.184950,7.355198,7.037245,0.069592,60,179.394383,179.488327,179.232513,0.055798,60,-0.030276,0.108399,-0.155802,0.055125,60,0.000000,18.516667,28.000000,11.000000,5.549444,60,2245.833333,2420.000000,1869.000000,129.737044,60,1.851667,2.800000,1.100000,0.554944,60,224.713721,12.809672,60,60,60,60,60,60,60,60,60,60,60,60,60,60,60,60,60,60,60,60,60,60,60,60,60,60,60,60,60,60,13.3315,13.39,13.28,26.04,28,24,29.00,6854934
2026-10-03 08:07:00,22.434653,22.505531,22.368200,0.029625,60,14.318685,14.392309,14.241245,0.029526,60,18.623865,18.687723,18.559547,0.029298,60,82.593333,82.800000,82.400000,0.113297,60,30.201308,30.228500,30.172424,0.013142,60,30.219866,30.244522,30.188446,0.013186,60,30.181325,30.204468,30.148392,0.014844,60,28.000000,28.000000,28.000000,0.000000,60,29.569822,29.584457,29.554581,0.006415,60,29.495221,29.515671,29.469925,0.010453,60,29.566798,29.586960,29.551254,0.007180,60,1002.400000,1002.400000,1002.400000,0.000000,60,1002.400000,1002.400000,1002.400000,0.000000,60,24.886667,25.000000,24.600000,0.124147,60,68.330205,69.337990,67.040794,0.714009,60,449.993210,455.431732,441.902222,4.002230,60,451.236550,456.562805,443.335144,4.052840,60,4.927503,4.985666,4.841220,0.044257,60,0.722250,0.732903,0.708621,0.007547,60,4.810427,4.868565,4.723935,0.042784,60,1.072270,1.255948,0.914816,0.066359,60,-179.005648,-178.899643,-179.118774,0.050606,60,-0.073589,0.052014,-0.213545,0.047849,60,7.164624,7.345087,7.043099,0.067203,60,179.373563,179.488220,179.230728,0.053630,60,-0.031239,0.082221,-0.155908,0.055002,60,0.000000,22.383333,28.000000,17.000000,3.242157,60,2410.400000,2562.000000,2269.000000,67.906516,60,2.238333,2.800000,1.700000,0.324216,60,241.032653,6.728908,60,60,60,60,60,60,60,60,60,60,60,60,60,60,60,60,60,60,60,60,60,60,60,60,60,60,60,60,60,60,13.3398,13.39,13.28,26.18,28,24,29.00,6854968
2026-10-03 08:08:00,22.435416,22.508583,22.386511,0.028125,60,14.317820,14.378576,14.259556,0.030009,60,18.623534,18.687723,18.559547,0.024289,60,82.498333,83.300000,81.900000,0.345671,60,30.219510,30.244522,30.185776,0.011371,60,30.248665,30.271233,30.215149,0.013345,60,30.208384,30.247192,30.175095,0.015013,60,28.058333,28.100000,28.000000,0.049717,60,29.572862,29.587814,29.553604,0.008475,60,29.507246,29.521042,29.492722,0.006606,60,29.572728,29.586258,29.555679,0.006732,60,1002.400000,1002.400000,1002.400000,0.000000,60,1002.400000,1002.400000,1002.400000,0.000000,60,24.898333,25.100000,24.800000,0.108130,60,69.720706,70.307083,69.333183,0.273429,60,457.879220,461.755676,455.729431,1.869714,60,459.165653,463.225769,456.837646,1.936963,60,5.014089,5.058425,4.988667,0.021152,60,0.736948,0.743146,0.732852,0.002890,60,4.894729,4.936168,4.871747,0.019987,60,1.067682,1.209477,0.957573,0.060542,60,-179.011793,-178.899902,-179.145493,0.053016,60,-0.078034,0.025675,-0.147422,0.037838,60,7.180423,7.302891,7.056789,0.059063,60,179.386946,179.487885,179.296814,0.047636,60,-0.036956,0.041801,-0.155588,0.042306,60,0.000000,20.133333,27.000000,13.000000,2.819224,60,2421.466667,2619.000000,2263.000000,87.551915,60,2.013333,2.700000,1.300000,0.281922,60,242.140785,8.678163,60,60,60,60,60,60,60,60,60,60,60,60,60,60,60,60,60,60,60,60,60,60,60,60,60,60,60,60,60,60,13.3398,13.39,13.28,26.07,28,25,29.00,6855002
2026-10-03 08:09:00,22.444190,22.494850,22.386511,0.026916,60,14.315175,14.378576,14.242771,0.030526,60,18.630859,18.673990,18.559547,0.026311,60,82.980000,83.400000,82.500000,0.310167,60,30.233263,30.271233,30.215149,0.013671,60,30.267983,30.300606,30.228500,0.014462,60,30.225474,30.247192,30.204468,0.011681,60,28.133333,28.200000,28.100000,0.047538,60,29.592322,29.625229,29.571121,0.013393,60,29.524961,29.548508,29.503860,0.010587,60,29.598912,29.629715,29.574142,0.015492,60,1002.400000,1002.400000,1002.400000,0.000000,60,1002.400000,1002.400000,1002.400000,0.000000,60,25.033333,25.300000,25.000000,0.057244,60,70.440985,70.626984,70.276207,0.086350,60,463.528975,465.399323,462.102905,0.676864,60,465.028584,466.853394,463.482117,0.680389,60,5.078112,5.098039,5.061224,0.007430,60,0.744561,0.746527,0.742819,0.000913,60,4.955125,4.975119,4.939880,0.007236,60,1.067062,1.234707,0.891079,0.073399,60,-179.011081,-178.897812,-179.119385,0.050096,60,-0.074116,0.025612,-0.213811,0.046987,60,7.190245,7.341049,7.069909,0.060146,60,179.373216,179.487991,179.219040,0.052677,60,-0.039062,0.081122,-0.156068,0.054010,60,0.000000,16.633333,23.000000,12.000000,2.846149,60,2377.816667,2522.000000,2214.000000,65.289834,60,1.663333,2.300000,1.200000,0.284615,60,237.784680,6.470722,60,60,60,60,60,60,60,60,60,60,60,60,60,60,60,60,60,60,60,60,60,60,60,60,60,60,60,60,60,60,13.3442,13.41,13.28,26.03,28,24,29.00,6855035
2026-10-03 08:10:00,22.462806,22.523842,22.403296,0.027111,60,14.330358,14.378576,14.259556,0.027734,60,18.642100,18.692303,18.577860,0.027162,60,82.491667,83.300000,81.900000,0.464791,60,30.261706,30.300606,30.228500,0.017429,60,30.296912,30.340660,30.271233,0.015344,60,30.250311,30.287254,30.217819,0.014868,60,28.230000,28.300000,28.200000,0.046212,60,29.650592,29.701126,29.607651,0.025687,60,29.585940,29.630020,29.551315,0.023821,60,29.660699,29.711380,29.602249,0.026376,60,1002.405000,1002.500000,1002.400000,0.021978,60,1002.405000,1002.500000,1002.400000,0.021978,60,25.070000,25.300000,25.000000,0.096199,60,70.926493,71.642494,70.323540,0.449419,60,469.920446,474.944794,465.565826,3.212914,60,471.446959,476.411133,467.250671,3.194086,60,5.148201,5.202410,5.102377,0.034879,60,0.749693,0.757261,0.743320,0.004750,60,5.023449,5.077160,4.976898,0.034346,60,1.073612,1.235872,0.931994,0.067042,60,-179.016800,-178.901199,-179.106247,0.046802,60,-0.076471,-0.001056,-0.160642,0.032386,60,7.171963,7.305916,7.056789,0.057414,60,179.381119,179.474487,179.230545,0.049425,60,-0.029493,0.081671,-0.168838,0.056635,60,0.000000,10.683333,14.000000,7.000000,2.135191,60,2269.916667,2619.000000,1978.000000,182.550136,60,1.068333,1.400000,0.700000,0.213519,60,226.932060,18.140005,60,60,60,60,60,60,60,60,60,60,60,60,60,60,60,60,60,60,60,60,60,60,60,60,60,60,60,60,60,60,13.3467,13.41,13.30,26.10,28,24,29.00,6855069
2026-10-03 08:11:00,22.469825,22.526894,22.421606,0.023430,60,14.339030,14.398413,14.277866,0.022788,60,18.653747,18.727398,18.580912,0.030203,60,82.193333,82.600000,81.800000,0.309108,60,30.312756,30.370033,30.271233,0.023987,60,30.343642,30.399406,30.300606,0.024246,60,30.305368,30.359352,30.260551,0.021655,60,28.391667,28.500000,28.300000,0.069603,60,29.758944,29.817642,29.693344,0.036104,60,29.678318,29.727036,29.629440,0.027820,60,29.752835,29.808426,29.699234,0.030877,60,1002.436667,1002.500000,1002.400000,0.048596,60,1002.436667,1002.500000,1002.400000,0.048596,60,25.103333,25.300000,25.100000,0.025820,60,71.773133,72.193802,71.626251,0.110746,60,476.144599,478.685455,475.050446,0.833539,60,477.668145,480.371582,476.561188,0.876262,60,5.216136,5.245658,5.204048,0.009569,60,0.758642,0.763088,0.757089,0.001171,60,5.089986,5.117147,5.078289,0.008911,60,1.077976,1.212158,0.916374,0.061826,60,-179.023407,-178.846909,-179.118347,0.046421,60,-0.070784,-0.000866,-0.147568,0.032486,60,7.185797,7.302891,7.056789,0.058127,60,179.377328,179.488327,179.231628,0.050470,60,-0.043474,0.055292,-0.169240,0.048033,60,0.000000,9.450000,19.000000,5.000000,3.920502,60,2131.433333,2420.000000,1566.000000,153.961845,60,0.945000,1.900000,0.500000,0.392050,60,213.393116,15.033681,60,60,60,60,60,60,60,60,60,60,60,60,60,60,60,60,60,60,60,60,60,60,60,60,60,60,60,60,60,60,13.3523,13.41,13.30,26.12,29,24,29.00,6855103
2026-10-03 08:12:00,22.470105,22.531471,22.412451,0.025406,60,14.341472,14.401464,14.247349,0.030497,60,18.653416,18.728924,18.582438,0.028494,60,81.288333,81.800000,80.700000,0.325780,60,30.391040,30.439461,30.327309,0.026845,60,30.411957,30.468834,30.370033,0.024001,60,30.376798,30.415428,30.329979,0.022033,60,28.500000,28.500000,28.500000,0.000000,60,29.854191,29.893997,29.817642,0.021717,60,29.766853,29.807144,29.726639,0.022487,60,29.838537,29.873764,29.794937,0.020845,60,1002.475000,1002.500000,1002.400000,0.043667,60,1002.475000,1002.500000,1002.400000,0.043667,60,25.000000,25.100000,24.800000,0.078113,60,73.534790,74.446632,72.250290,0.607887,60,485.616626,490.895599,478.960724,3.339380,60,487.374457,492.660675,480.410980,3.431400,60,5.322129,5.379855,5.246088,0.037471,60,0.777263,0.786901,0.763686,0.006425,60,5.191242,5.247674,5.120090,0.035698,60,1.060163,1.183445,0.916374,0.066537,60,-179.008505,-178.862366,-179.105194,0.054128,60,-0.072726,0.052367,-0.160262,0.046252,60,7.179149,7.312928,7.016898,0.065990,60,179.394883,179.582352,179.257065,0.062986,60,-0.048807,0.055499,-0.195319,0.049236,60,0.000000,16.566667,24.000000,12.000000,2.936426,60,2509.816667,2731.000000,2271.000000,123.165934,60,1.656667,2.400000,1.200000,0.293643,60,251.005884,12.206746,60,60,60,60,60,60,60,60,60,60,60,60,60,60,60,60,60,60,60,60,60,60,60,60,60,60,60,60,60,60,13.3647,13.43,13.31,26.08,28,25,29.01,6855137
2026-10-03 08:13:00,22.456576,22.494850,22.384985,0.023980,60,14.334427,14.387732,14.268711,0.030131,60,18.649093,18.686197,18.587015,0.024557,60,80.751667,81.700000,80.300000,0.388169,60,30.460244,30.514229,30.412758,0.022460,60,30.481429,30.527580,30.426109,0.022282,60,30.439861,30.484856,30.399406,0.019738,60,28.525000,28.600000,28.500000,0.043667,60,29.909593,29.935806,29.879715,0.013240,60,29.830641,29.862259,29.801956,0.016598,60,29.903161,29.930588,29.866257,0.017753,60,1002.483333,1002.500000,1002.400000,0.037582,60,1002.483333,1002.500000,1002.400000,0.037582,60,24.943333,25.300000,24.800000,0.135755,60,75.069667,75.472885,74.500145,0.285304,60,493.627515,495.337463,490.955627,1.307184,60,495.681848,497.428192,492.914917,1.347826,60,5.412846,5.431916,5.382631,0.014718,60,0.793486,0.797748,0.787466,0.003016,60,5.276878,5.295157,5.248315,0.013974,60,1.072145,1.236261,0.891691,0.070293,60,-179.011834,-178.885513,-179.117737,0.051679,60,-0.066293,0.052241,-0.186815,0.046883,60,7.176517,7.337966,7.031401,0.060586,60,179.379549,179.487885,179.271088,0.043571,60,-0.038277,0.081342,-0.155908,0.050041,60,0.000000,17.200000,25.000000,10.000000,3.134283,60,2533.400000,2793.000000,2341.000000,90.604224,60,1.720000,2.500000,1.000000,0.313428,60,253.301893,8.962483,60,60,60,60,60,60,60,60,60,60,60,60,60,60,60,60,60,60,60,60,60,60,60,60,60,60,60,60,60,60,13.3809,13.47,13.33,26.01,28,24,29.00,6855170
2026-10-03 08:14:00,22.455914,22.496376,22.403296,0.020425,60,14.330892,14.389257,14.251926,0.029486,60,18.646118,18.718243,18.573282,0.031819,60,80.385000,80.600000,80.300000,0.107080,60,30.518724,30.556953,30.482185,0.019601,60,30.539508,30.583656,30.495537,0.020710,60,30.498430,30.543602,30.458153,0.020314,60,28.500000,28.500000,28.500000,0.000000,60,29.934472,29.964005,29.917648,0.008933,60,29.870983,29.894760,29.848434,0.010369,60,29.936625,29.961044,29.901413,0.011591,60,1002.498333,1002.500000,1002.400000,0.012910,60,1002.498333,1002.500000,1002.400000,0.012910,60,24.800000,24.800000,24.800000,0.000001,60,76.092536,76.738106,75.426697,0.379559,60,498.471464,501.770630,495.282745,2.142465,60,500.528571,503.662109,497.515442,2.066516,60,5.465772,5.499990,5.432868,0.022566,60,0.804298,0.811122,0.797260,0.004012,60,5.328660,5.363928,5.294572,0.022903,60,1.061758,1.237817,0.929470,0.072444,60,-179.012536,-178.887360,-179.104568,0.050464,60,-0.055687,0.052090,-0.120964,0.043351,60,7.176561,7.314940,7.009122,0.060302,60,179.375953,179.487991,179.270248,0.051012,60,-0.035381,0.081561,-0.168989,0.049530,60,0.000000,16.433333,20.000000,9.000000,2.651298,60,2451.783333,2767.000000,2286.000000,104.904814,60,1.643333,2.000000,0.900000,0.265130,60,245.117824,10.368639,60,60,60,60,60,60,60,60,60,60,60,60,60,60,60,60,60,60,60,60,60,60,60,60,60,60,60,60,60,60,13.4067,13.47,13.35,25.97,28,24,29.00,6855204
2026-10-03 08:15:00,22.464434,22.542152,22.407873,0.026813,60,14.335368,14.392309,14.270237,0.026180,60,18.653060,18.738079,18.576334,0.029896,60,80.976667,81.500000,80.400000,0.355760,60,30.561003,30.613029,30.527580,0.017872,60,30.586104,30.626381,30.554283,0.018424,60,30.547919,30.599678,30.516899,0.017727,60,28.545000,28.600000,28.500000,0.050169,60,29.973561,30.003494,29.942795,0.016267,60,29.906968,29.939682,29.878494,0.015643,60,29.982385,30.014664,29.950729,0.017636,60,1002.500000,1002.500000,1002.500000,0.000000,60,1002.500000,1002.500000,1002.500000,0.000000,60,25.036667,25.100000,24.800000,0.097366,60,77.111762,77.389580,76.763718,0.208093,60,505.591020,508.332733,501.735626,2.210507,60,507.615041,510.258820,503.656555,2.247615,60,5.543156,5.572026,5.499930,0.024544,60,0.815071,0.818008,0.811392,0.002200,60,5.404768,5.434077,5.363554,0.023630,60,1.060526,1.244962,0.957573,0.069407,60,-179.013574,-178.862366,-179.117737,0.057501,60,-0.055664,-0.000942,-0.120765,0.032953,60,7.173025,7.286821,7.004301,0.057600,60,179.380668,179.514984,179.232864,0.056477,60,-0.051878,0.054981,-0.155908,0.048691,60,0.000000,14.033333,17.000000,8.000000,2.530939,60,2562.800000,2721.000000,2366.000000,79.379970,60,1.403333,1.700000,0.800000,0.253094,60,256.297648,7.861591,60,60,60,60,60,60,60,60,60,60,60,60,60,60,60,60,60,60,60,60,60,60,60,60,60,60,60,60,60,60,13.4220,13.49,13.38,25.88,28,24,29.00,6855238
2026-10-03 08:16:00,22.474480,22.517738,22.421606,0.025253,60,14.347244,14.410621,14.256504,0.031137,60,18.654993,18.710613,18.609903,0.028720,60,81.780000,82.400000,81.000000,0.420975,60,30.611783,30.655754,30.570305,0.019000,60,30.638219,30.682457,30.597008,0.021550,60,30.605820,30.655754,30.572975,0.019295,60,28.675000,28.800000,28.600000,0.057120,60,30.050278,30.111801,29.992996,0.033248,60,29.971895,30.023544,29.922379,0.026199,60,30.058246,30.111526,30.006516,0.029244,60,1002.500000,1002.500000,1002.500000,0.000000,60,1002.500000,1002.500000,1002.500000,0.000000,60,25.310000,25.500000,25.100000,0.170443,60,77.383350,77.647057,77.208023,0.100370,60,510.122220,513.154175,508.303772,1.374770,60,512.038957,515.040955,510.277435,1.352812,60,5.591465,5.624248,5.572229,0.014773,60,0.817942,0.820729,0.816089,0.001061,60,5.453206,5.485618,5.433767,0.014696,60,1.050634,1.249652,0.851387,0.072284,60,-179.032701,-178.901978,-179.144913,0.055264,60,-0.047693,0.065619,-0.160262,0.045634,60,7.174750,7.341049,7.021678,0.071606,60,179.376335,179.516068,179.257751,0.052685,60,-0.057838,0.042404,-0.195363,0.044894,60,0.000000,9.350000,21.000000,1.000000,5.014640,60,2347.333333,2973.000000,1794.000000,347.557368,60,0.935000,2.100000,0.100000,0.501464,60,234.911141,35.077731,60,60,60,60,60,60,60,60,60,60,60,60,60,60,60,60,60,60,60,60,60,60,60,60,60,60,60,60,60,60,13.4352,13.49,13.38,25.88,28,24,29.03,6855272
2026-10-03 08:17:00,22.477557,22.522316,22.409399,0.025342,60,14.349330,14.410621,14.306859,0.026890,60,18.666717,18.728924,18.614481,0.025203,60,80.593333,81.600000,79.600000,0.692543,60,30.683570,30.738533,30.626381,0.026740,60,30.707291,30.765244,30.669106,0.024456,60,30.672265,30.725182,30.629051,0.026446,60,28.825000,28.900000,28.800000,0.043667,60,30.150372,30.212814,30.095657,0.030575,60,30.066312,30.104385,30.009323,0.024456,60,30.136620,30.178818,30.092300,0.024470,60,1002.500000,1002.500000,1002.500000,0.000000,60,1002.500000,1002.500000,1002.500000,0.000000,60,25.165000,25.300000,25.000000,0.120486,60,78.067708,78.294876,77.613670,0.222399,60,513.786906,514.430969,513.207031,0.297101,60,515.591550,516.087280,514.950256,0.259061,60,5.630260,5.635673,5.623257,0.002829,60,0.825176,0.827577,0.820376,0.002351,60,5.492382,5.499267,5.486183,0.003176,60,1.041635,1.184198,0.891998,0.061914,60,-179.027762,-178.903778,-179.144501,0.052365,60,-0.058526,0.052216,-0.186160,0.039964,60,7.167251,7.318967,7.009122,0.064819,60,179.379142,179.487885,179.257065,0.061483,60,-0.051036,0.055499,-0.195451,0.055761,60,0.000000,13.116667,20.000000,8.000000,2.604375,60,1920.600000,2083.000000,1459.000000,152.898571,60,1.311667,2.000000,0.800000,0.260437,60,192.324961,15.060070,60,60,60,60,60,60,60,60,60,60,60,60,60,60,60,60,60,60,60,60,60,60,60,60,60,60,60,60,60,60,13.4770,13.53,13.43,25.83,28,24,29.01,6855306
2026-10-03 08:18:00,22.482440,22.537575,22.403296,0.027780,60,14.347804,14.430457,14.245823,0.028237,60,18.666361,18.715191,18.617533,0.019464,60,80.015000,80.900000,78.900000,0.312901,60,30.773520,30.823990,30.725182,0.027554,60,30.774589,30.821320,30.725182,0.023720,60,30.746726,30.797287,30.698479,0.024917,60,28.901667,29.000000,28.900000,0.012910,60,30.264563,30.320755,30.202805,0.030344,60,30.138043,30.186020,30.097580,0.022527,60,30.219023,30.258743,30.177353,0.022163,60,1002.500000,1002.500000,1002.500000,0.000000,60,1002.500000,1002.500000,1002.500000,0.000000,60,25.151667,25.500000,25.000000,0.098276,60,78.213654,78.395248,78.032356,0.081203,60,513.925869,514.986938,512.850830,0.617013,60,515.777731,516.942200,514.775452,0.563919,60,5.632293,5.645009,5.621347,0.006158,60,0.826718,0.828638,0.824802,0.000858,60,5.493867,5.505210,5.482375,0.006596,60,1.042325,1.181567,0.917310,0.061631,60,-179.020816,-178.845535,-179.118149,0.058477,60,-0.050757,0.065398,-0.120765,0.034481,60,7.151442,7.296858,7.030547,0.060554,60,179.391970,179.514435,179.270584,0.051904,60,-0.042945,0.055292,-0.156228,0.052640,60,0.000000,15.183333,21.000000,11.000000,2.095125,60,1505.716667,1769.000000,1318.000000,112.399875,60,1.518333,2.100000,1.100000,0.209512,60,150.542830,11.132610,60,60,60,60,60,60,60,60,60,60,60,60,60,60,60,60,60,60,60,60,60,60,60,60,60,60,60,60,60,60,13.5120,13.58,13.44,25.71,28,24,29.06,6855339
2026-10-03 08:19:00,22.476946,22.519264,22.394140,0.028139,60,14.357214,14.415198,14.297704,0.027991,60,18.669184,18.722820,18.622110,0.021561,60,79.913333,80.500000,79.000000,0.446252,60,30.865557,30.909439,30.794617,0.028180,60,30.844017,30.893417,30.807968,0.022613,60,30.820251,30.866714,30.767914,0.026609,60,29.005000,29.100000,28.900000,0.034074,60,30.357336,30.397812,30.311478,0.022076,60,30.201807,30.234634,30.159653,0.018020,60,30.291761,30.318680,30.250565,0.017494,60,1002.515000,1002.600000,1002.500000,0.036008,60,1002.515000,1002.600000,1002.500000,0.036008,60,25.161667,25.500000,25.000000,0.127680,60,78.779026,79.250015,78.327339,0.263743,60,515.437832,517.037476,512.965515,1.516549,60,517.382747,519.068481,514.344299,1.528071,60,5.649820,5.668228,5.616640,0.016686,60,0.832694,0.837673,0.827920,0.002788,60,5.510030,5.527131,5.483601,0.016212,60,1.031770,1.234707,0.917310,0.066806,60,-179.026526,-178.859116,-179.117737,0.049979,60,-0.058972,0.025612,-0.120300,0.035961,60,7.153937,7.296858,7.037245,0.063750,60,179.384807,179.488922,179.298111,0.051070,60,-0.060946,0.121478,-0.195187,0.053550,60,0.000000,19.916667,29.000000,11.000000,4.055930,60,1894.316667,2174.000000,1400.000000,230.663266,60,1.991667,2.900000,1.100000,0.405593,60,189.976364,22.864320,60,60,60,60,60,60,60,60,60,60,60,60,60,60,60,60,60,60,60,60,60,60,60,60,60,60,60,60,60,60,13.5730,13.65,13.49,25.62,27,24,29.06,6855373
2026-10-03 08:20:00,22.469927,22.522316,22.400244,0.025531,60,14.357493,14.438087,14.316014,0.026231,60,18.664428,18.724346,18.609903,0.024012,60,79.490000,80.000000,79.100000,0.244048,60,30.946378,30.992218,30.909439,0.024553,60,30.904989,30.949493,30.877396,0.019247,60,30.887543,30.936142,30.840012,0.023725,60,29.100000,29.100000,29.100000,0.000001,60,30.408369,30.435074,30.383987,0.013161,60,30.238204,30.252396,30.216049,0.008524,60,30.321990,30.341629,30.302994,0.009590,60,1002.580000,1002.600000,1002.500000,0.040338,60,1002.580000,1002.600000,1002.500000,0.040338,60,25.270000,25.300000,25.100000,0.072017,60,79.946523,80.764244,79.262360,0.464883,60,519.944403,524.549561,516.900696,2.179965,60,521.763438,526.404724,518.655090,2.170107,60,5.697657,5.748340,5.663713,0.023698,60,0.845035,0.853678,0.837803,0.004914,60,5.558205,5.607435,5.525668,0.023304,60,1.040866,1.236261,0.889550,0.082186,60,-179.018255,-178.899902,-179.116501,0.052328,60,-0.050134,0.065575,-0.159884,0.048651,60,7.147729,7.296858,6.999420,0.057028,60,179.393145,179.582901,179.230011,0.066280,60,-0.062461,0.107934,-0.195539,0.056229,60,0.000000,23.850000,30.000000,17.000000,3.363941,60,1944.266667,2148.000000,1810.000000,71.432525,60,2.385000,3.000000,1.700000,0.336394,60,194.416987,7.075216,60,60,60,60,60,60,60,60,60,60,60,60,60,60,60,60,60,60,60,60,60,60,60,60,60,60,60,60,60,60,13.6432,13.71,13.58,25.54,28,24,29.14,6855407
2026-10-03 08:21:00,22.468986,22.540627,22.413977,0.025879,60,14.355561,14.406042,14.287023,0.029197,60,18.668065,18.759441,18.596170,0.026861,60,79.363333,80.000000,78.000000,0.578123,60,31.017942,31.066986,30.965515,0.024709,60,30.952164,30.976196,30.920120,0.016563,60,30.937522,30.978867,30.896088,0.016978,60,29.203333,29.300000,29.100000,0.031712,60,30.466875,30.502762,30.423599,0.019065,60,30.263902,30.287979,30.230820,0.014389,60,30.357005,30.380173,30.338547,0.010428,60,1002.600000,1002.600000,1002.600000,0.000039,60,1002.600000,1002.600000,1002.600000,0.000039,60,25.290000,25.500000,25.100000,0.100338,60,81.168386,81.715958,80.769958,0.254037,60,528.953562,531.554382,524.808350,2.003631,60,530.825392,533.476257,526.538147,2.110389,60,5.796613,5.825561,5.749797,0.023045,60,0.857950,0.863738,0.853738,0.002685,60,5.654513,5.682316,5.610201,0.021419,60,1.024027,1.171166,0.864223,0.067520,60,-179.016228,-178.856689,-179.144318,0.058337,60,-0.052394,0.025707,-0.160111,0.043865,60,7.148816,7.283788,7.037244,0.054126,60,179.391108,179.515198,179.270584,0.057105,60,-0.063917,0.042404,-0.261356,0.054312,60,0.000000,19.816667,26.000000,12.000000,3.377351,60,1951.483333,2218.000000,1800.000000,73.368698,60,1.981667,2.600000,1.200000,0.337735,60,195.142176,7.257075,60,60,60,60,60,60,60,60,60,60,60,60,60,60,60,60,60,60,60,60,60,60,60,60,60,60,60,60,60,60,13.7001,13.76,13.63,25.41,27,24,29.14,6855441
2026-10-03 08:22:00,22.470436,22.528419,22.421606,0.025822,60,14.363012,14.424354,14.287023,0.031263,60,18.667150,18.727398,18.596170,0.030027,60,77.980000,78.900000,76.700000,0.683163,60,31.082340,31.136414,31.034943,0.025464,60,30.999873,31.032272,30.962845,0.019925,60,30.979712,31.021591,30.936142,0.017818,60,29.333333,29.400000,29.300000,0.047538,60,30.519682,30.546402,30.486496,0.012938,60,30.302897,30.330887,30.277939,0.011812,60,30.393444,30.412857,30.372330,0.008812,60,1002.600000,1002.600000,1002.600000,0.000039,60,1002.600000,1002.600000,1002.600000,0.000039,60,25.116667,25.300000,24.800000,0.131699,60,82.125284,82.594490,81.649643,0.279122,60,534.379532,536.586060,531.521362,1.518342,60,536.302524,538.560730,533.470520,1.558784,60,5.856424,5.881083,5.825498,0.017022,60,0.868064,0.873024,0.863037,0.002950,60,5.712517,5.736105,5.681963,0.016231,60,1.041442,1.211008,0.927270,0.060062,60,-179.015102,-178.926819,-179.171494,0.052250,60,-0.046354,0.052292,-0.120831,0.040951,60,7.150120,7.301885,7.038635,0.061390,60,179.384967,179.488220,179.257751,0.051403,60,-0.061828,0.080465,-0.208387,0.049451,60,0.000000,19.666667,28.000000,13.000000,3.317476,60,1858.800000,2138.000000,1564.000000,142.629638,60,1.966667,2.800000,1.300000,0.331748,60,185.883124,14.136739,60,60,60,60,60,60,60,60,60,60,60,60,60,60,60,60,60,60,60,60,60,60,60,60,60,60,60,60,60,60,13.7293,13.80,13.63,25.35,28,24,29.23,6855475
2026-10-03 08:23:00,22.473640,22.532997,22.426184,0.027105,60,14.366903,14.424354,14.305333,0.027819,60,18.677297,18.731976,18.617533,0.024833,60,77.378333,77.800000,76.800000,0.271900,60,31.142733,31.192490,31.109711,0.023128,60,31.041173,31.077667,31.005569,0.018015,60,31.020167,31.048294,30.978867,0.016726,60,29.411667,29.500000,29.400000,0.032373,60,30.583160,30.625198,30.531754,0.024634,60,30.340325,30.374832,30.313217,0.017021,60,30.438712,30.481064,30.401199,0.019452,60,1002.603333,1002.700000,1002.600000,0.018102,60,1002.603333,1002.700000,1002.600000,0.018102,60,25.083333,25.300000,25.000000,0.074029,60,82.868077,83.564041,82.535492,0.297599,60,539.609385,543.561401,536.441040,2.212575,60,541.528279,545.405945,538.469604,2.234003,60,5.913489,5.955833,5.880088,0.024395,60,0.875916,0.883272,0.872400,0.003146,60,5.768424,5.810671,5.734555,0.023652,60,1.016114,1.141053,0.888026,0.056899,60,-179.038297,-178.926056,-179.144318,0.053794,60,-0.034814,0.052039,-0.120831,0.033921,60,7.139295,7.275769,7.020795,0.056572,60,179.384444,179.515198,179.256699,0.052789,60,-0.077245,0.014970,-0.169089,0.045466,60,0.000000,14.183333,20.000000,11.000000,1.935324,60,1786.100000,2056.000000,1535.000000,129.792886,60,1.418333,2.000000,1.100000,0.193532,60,178.580178,12.859013,60,60,60,60,60,60,60,60,60,60,60,60,60,60,60,60,60,60,60,60,60,60,60,60,60,60,60,60,60,60,13.7396,13.81,13.64,25.36,27,24,29.32,6855508
2026-10-03 08:24:00,22.482669,22.551308,22.426184,0.027534,60,14.374253,14.457923,14.323644,0.029440,60,18.685537,18.731976,18.619059,0.027197,60,77.236667,77.900000,76.600000,0.419025,60,31.209045,31.248566,31.165787,0.023490,60,31.091152,31.133743,31.064316,0.019177,60,31.068811,31.107040,31.021591,0.021890,60,29.528333,29.600000,29.500000,0.045442,60,30.661278,30.701035,30.619644,0.021864,60,30.399296,30.435196,30.366348,0.018710,60,30.504569,30.539719,30.476151,0.018482,60,1002.640000,1002.700000,1002.600000,0.049403,60,1002.640000,1002.700000,1002.600000,0.049403,60,25.148333,25.300000,25.000000,0.089237,60,83.996480,84.476646,83.628983,0.246534,60,547.531981,550.944580,543.749634,1.895474,60,549.465037,553.093445,545.614929,1.911923,60,6.000158,6.039780,5.958115,0.020878,60,0.887843,0.892918,0.883958,0.002606,60,5.853117,5.889597,5.812683,0.020263,60,1.022080,1.167069,0.824807,0.064876,60,-179.022139,-178.900925,-179.145493,0.050075,60,-0.047927,0.025612,-0.120300,0.037432,60,7.150047,7.259646,7.044482,0.054149,60,179.408704,179.541962,179.272446,0.054668,60,-0.063307,0.041801,-0.168939,0.045640,60,0.000000,15.933333,22.000000,10.000000,3.209449,60,1872.833333,2012.000000,1617.000000,98.960901,60,1.593333,2.200000,1.000000,0.320945,60,187.333279,9.795384,60,60,60,60,60,60,60,60,60,60,60,60,60,60,60,60,60,60,60,60,60,60,60,60,60,60,60,60,60,60,13.7442,13.82,13.63,25.30,27,24,29.37,6855542
2026-10-03 08:25:00,22.486585,22.526894,22.430761,0.024761,60,14.375906,14.428931,14.293126,0.027672,60,18.687444,18.733501,18.635843,0.026437,60,76.651667,77.100000,75.800000,0.335216,60,31.276387,31.320671,31.221863,0.023236,60,31.142555,31.189819,31.107040,0.018411,60,31.126845,31.165787,31.080338,0.020953,60,29.636667,29.700000,29.600000,0.048596,60,30.727433,30.763596,30.685226,0.020301,60,30.459109,30.489700,30.433823,0.014763,60,30.559159,30.585648,30.527023,0.015927,60,1002.696667,1002.700000,1002.600000,0.018102,60,1002.696667,1002.700000,1002.600000,0.018102,60,25.151667,25.300000,25.000000,0.101667,60,84.988815,85.525780,84.490601,0.308691,60,552.474797,555.152954,551.029602,1.257012,60,554.458867,556.997009,553.067566,1.177030,60,6.054691,6.082407,6.039497,0.012853,60,0.898332,0.904007,0.893066,0.003263,60,5.905955,5.934585,5.890506,0.013437,60,1.007629,1.127673,0.850202,0.062136,60,-179.021611,-178.884186,-179.117325,0.052779,60,-0.035924,0.065332,-0.120831,0.039645,60,7.154477,7.292840,7.043099,0.060749,60,179.390653,179.514435,179.270584,0.056212,60,-0.070418,0.042002,-0.195319,0.049836,60,0.000000,17.050000,23.000000,13.000000,2.360875,60,1967.300000,2128.000000,1818.000000,80.499142,60,1.705000,2.300000,1.300000,0.236087,60,196.733770,7.978197,60,60,60,60,60,60,60,60,60,60,60,60,60,60,60,60,60,60,60,60,60,60,60,60,60,60,60,60,60,60,13.7616,13.85,13.62,25.30,27,23,29.57,6855576
2026-10-03 08:26:00,22.486661,22.528419,22.423132,0.025997,60,14.381094,14.462501,14.311437,0.031548,60,18.698024,18.768597,18.640421,0.025762,60,76.098333,76.700000,75.700000,0.221315,60,31.350489,31.419472,31.291298,0.027842,60,31.193825,31.232544,31.149765,0.018673,60,31.184612,31.221863,31.149765,0.022197,60,29.765000,29.900000,29.700000,0.057711,60,30.812250,30.879562,30.752457,0.033814,60,30.509016,30.547897,30.475632,0.020912,60,30.624890,30.682755,30.577408,0.031539,60,1002.700000,1002.700000,1002.700000,0.000041,60,1002.700000,1002.700000,1002.700000,0.000041,60,25.135000,25.300000,25.000000,0.097120,60,85.582023,85.699791,85.420128,0.054330,60,557.328890,559.752502,555.286438,1.403592,60,559.331387,561.575806,557.149292,1.441428,60,6.107899,6.132408,6.084070,0.015740,60,0.904602,0.905847,0.902891,0.000574,60,5.957846,5.983754,5.936012,0.015004,60,1.013112,1.128760,0.890161,0.052481,60,-179.034411,-178.925034,-179.173035,0.053028,60,-0.043442,0.025675,-0.146841,0.038606,60,7.144411,7.249653,7.009122,0.053430,60,179.399691,179.514435,179.271255,0.052582,60,-0.077694,0.041600,-0.169240,0.049653,60,0.000000,7.366667,11.000000,5.000000,1.775222,60,1982.750000,2300.000000,1661.000000,150.867281,60,0.736667,1.100000,0.500000,0.177522,60,198.243729,14.949013,60,60,60,60,60,60,60,60,60,60,60,60,60,60,60,60,60,60,60,60,60,60,60,60,60,60,60,60,60,60,13.8329,13.97,13.59,25.17,27,23,29.63,6855610
2026-10-03 08:27:00,22.495232,22.549782,22.427710,0.027791,60,14.396455,14.465552,14.329747,0.027819,60,18.710740,18.774700,18.646524,0.024865,60,75.743333,76.500000,74.700000,0.603764,60,31.439321,31.504921,31.390099,0.028942,60,31.254845,31.318001,31.205841,0.026935,60,31.259651,31.304649,31.205841,0.027069,60,29.956667,30.000000,29.900000,0.049972,60,30.929582,30.986252,30.863205,0.035304,60,30.599765,30.644943,30.542587,0.029966,60,30.740284,30.788681,30.676926,0.032919,60,1002.700000,1002.700000,1002.700000,0.000041,60,1002.700000,1002.700000,1002.700000,0.000041,60,25.256667,25.500000,25.100000,0.152234,60,86.073139,86.824837,85.563965,0.396779,60,561.734786,565.526794,559.380127,1.865625,60,563.887466,567.637085,560.999756,1.875413,60,6.157651,6.198597,6.126117,0.020480,60,0.909793,0.917738,0.904411,0.004194,60,6.004945,6.045481,5.979774,0.019943,60,0.999960,1.106984,0.812230,0.059528,60,-179.045049,-178.926819,-179.186020,0.058589,60,-0.035272,0.052039,-0.120964,0.038287,60,7.139562,7.289812,7.000410,0.061282,60,179.388536,179.554169,179.257568,0.058302,60,-0.074136,0.042303,-0.195231,0.051529,60,0.000000,11.233333,23.000000,2.000000,6.306754,60,2083.083333,2485.000000,1688.000000,172.166877,60,1.123333,2.300000,0.200000,0.630675,60,208.307198,17.038470,60,60,60,60,60,60,60,60,60,60,60,60,60,60,60,60,60,60,60,60,60,60,60,60,60,60,60,60,60,60,14.1502,14.39,13.92,24.60,26,23,29.76,6855644
2026-10-03 08:28:00,22.493248,22.555885,22.449074,0.026919,60,14.391089,14.499123,14.332799,0.028868,60,18.694692,18.742657,18.649576,0.023468,60,75.058333,75.300000,74.600000,0.142961,60,31.539056,31.590370,31.475548,0.029642,60,31.331130,31.374077,31.288628,0.024813,60,31.352581,31.403450,31.291298,0.026863,60,30.005000,30.100000,30.000000,0.021978,60,31.015374,31.061752,30.974808,0.024550,60,30.679114,30.709244,30.641373,0.017860,60,30.821012,30.872849,30.780502,0.024074,60,1002.700000,1002.700000,1002.700000,0.000041,60,1002.700000,1002.700000,1002.700000,0.000041,60,25.096667,25.100000,25.000000,0.018102,60,86.953507,87.211281,86.670708,0.146146,60,564.339804,566.174805,562.045288,1.524192,60,566.471594,568.436890,564.134094,1.552612,60,6.185870,6.207331,6.160344,0.016955,60,0.919099,0.921823,0.916109,0.001545,60,6.032792,6.052408,6.008264,0.016294,60,1.000332,1.104121,0.864223,0.049540,60,-179.033909,-178.886307,-179.145493,0.054787,60,-0.038563,0.052115,-0.186651,0.046116,60,7.134303,7.256575,7.016898,0.054703,60,179.388317,179.514328,179.257751,0.057813,60,-0.080979,0.016005,-0.195670,0.043907,60,0.000000,15.716667,20.000000,9.000000,3.020224,60,1941.633333,2222.000000,1761.000000,105.949135,60,1.571667,2.000000,0.900000,0.302022,60,194.116168,10.487540,60,60,60,60,60,60,60,60,60,60,60,60,60,60,60,60,60,60,60,60,60,60,60,60,60,60,60,60,60,60,14.4004,14.46,14.34,24.07,26,22,29.82,6855677
2026-10-03 08:29:00,22.490934,22.545204,22.426184,0.026274,60,14.378958,14.439612,14.319066,0.030829,60,18.698812,18.782330,18.651102,0.025718,60,74.480000,75.000000,73.900000,0.330280,60,31.623971,31.675819,31.577019,0.024361,60,31.395573,31.456856,31.358055,0.019539,60,31.425747,31.459526,31.374077,0.020418,60,30.001667,30.100000,29.900000,0.065073,60,31.067091,31.082657,31.055099,0.005822,60,30.725504,30.746292,30.696793,0.010195,60,30.864809,30.876785,30.851822,0.006270,60,1002.700000,1002.700000,1002.700000,0.000041,60,1002.700000,1002.700000,1002.700000,0.000041,60,25.046667,25.100000,25.000000,0.050310,60,86.596000,87.021255,86.132660,0.313785,60,558.810048,563.520325,554.805542,3.078256,60,561.012366,565.576721,556.821472,3.126057,60,6.126255,6.176098,6.080491,0.034137,60,0.915320,0.919815,0.910422,0.003317,60,5.973679,6.024032,5.930871,0.032907,60,0.998573,1.106626,0.888635,0.047988,60,-179.036986,-178.954254,-179.172073,0.057508,60,-0.040338,0.052241,-0.120632,0.046347,60,7.127143,7.250570,7.019210,0.049537,60,179.385229,179.542175,179.258102,0.059978,60,-0.081659,0.042102,-0.169340,0.041729,60,0.000000,23.733333,31.000000,15.000000,3.531297,60,2084.966667,2165.000000,1920.000000,60.918942,60,2.373333,3.100000,1.500000,0.353130,60,208.506094,6.036770,60,60,60,60,60,60,60,60,60,60,60,60,60,60,60,60,60,60,60,60,60,60,60,60,60,60,60,60,60,60,14.3926,14.46,14.33,24.21,26,22,29.90,6855711
2026-10-03 08:30:00,22.488263,22.546730,22.426184,0.029234,60,14.394395,14.456397,14.320592,0.028528,60,18.693726,18.751812,18.637369,0.026755,60,75.293333,75.900000,74.500000,0.337923,60,31.685477,31.731895,31.646446,0.018455,60,31.446353,31.499580,31.400780,0.018938,60,31.473990,31.515602,31.430153,0.018781,60,29.948333,30.000000,29.900000,0.050394,60,31.092998,31.114120,31.057846,0.012001,60,30.740295,30.761703,30.721176,0.009676,60,30.878542,30.896774,30.862930,0.008669,60,1002.700000,1002.700000,1002.700000,0.000041,60,1002.700000,1002.700000,1002.700000,0.000041,60,25.211667,25.300000,25.000000,0.107501,60,85.543759,86.135857,84.850067,0.307565,60,551.896836,554.596558,546.501587,1.998780,60,554.179817,556.715515,549.085388,1.769080,60,6.051644,6.079333,5.996012,0.019318,60,0.904198,0.910456,0.896865,0.003251,60,5.899777,5.928637,5.842102,0.021367,60,0.996496,1.130939,0.860936,0.058118,60,-179.031410,-178.953247,-179.143295,0.049868,60,-0.044162,0.052216,-0.160870,0.045941,60,7.125562,7.208482,6.939816,0.051098,60,179.376668,179.487061,179.270248,0.056527,60,-0.087933,0.041200,-0.168989,0.042573,60,0.000000,18.183333,27.000000,7.000000,5.961719,60,2123.200000,2322.000000,1847.000000,142.395106,60,1.818333,2.700000,0.700000,0.596172,60,212.368599,14.123426,60,60,60,60,60,60,60,60,60,60,60,60,60,60,60,60,60,60,60,60,60,60,60,60,60,60,60,60,60,60,14.3938,14.46,14.33,24.12,26,22,29.94,6855745
2026-10-03 08:31:00,22.494926,22.565042,22.430761,0.030545,60,14.387274,14.457923,14.323644,0.028768,60,18.698406,18.754864,18.623636,0.027484,60,74.905000,75.300000,74.500000,0.189043,60,31.725487,31.745247,31.689171,0.012035,60,31.485027,31.528954,31.456856,0.015581,60,31.513065,31.544975,31.472878,0.015896,60,29.835000,29.900000,29.800000,0.048099,60,31.097664,31.119186,31.082718,0.008121,60,30.756161,30.778580,30.734573,0.009575,60,30.894019,30.909836,30.872177,0.010078,60,1002.700000,1002.700000,1002.700000,0.000041,60,1002.700000,1002.700000,1002.700000,0.000041,60,25.005000,25.100000,24.800000,0.050169,60,85.096148,85.739571,84.522614,0.424228,60,548.858924,554.046021,544.264160,3.529089,60,550.228692,556.572998,487.259705,8.978634,60,6.008497,6.077777,5.320876,0.098047,60,0.899466,0.906267,0.893404,0.004484,60,5.867302,5.922752,5.818183,0.037726,60,0.990569,1.078004,0.861234,0.053250,60,-179.025225,-178.899643,-179.141281,0.055280,60,-0.047398,0.065443,-0.186980,0.047878,60,7.116155,7.246572,6.979072,0.051163,60,179.381102,179.513977,179.216660,0.067192,60,-0.090701,0.001534,-0.195539,0.042744,60,0.000000,13.750000,25.000000,8.000000,4.767919,60,2331.600000,2424.000000,2206.000000,43.101064,60,1.375000,2.500000,0.800000,0.476792,60,233.162089,4.272191,60,60,60,60,60,60,60,60,60,60,60,60,60,60,60,60,60,60,60,60,60,60,60,60,60,60,60,60,60,60,14.3925,14.45,14.33,24.19,26,22,29.98,6855779
2026-10-03 08:32:00,22.500699,22.568094,22.430761,0.028317,60,14.395819,14.457923,14.306859,0.029910,60,18.711325,18.770123,18.658731,0.024520,60,75.120000,75.700000,74.700000,0.295618,60,31.748409,31.774628,31.718544,0.013181,60,31.509549,31.542305,31.472878,0.015064,60,31.538344,31.574348,31.515602,0.012994,60,29.763333,29.800000,29.700000,0.048596,60,31.105107,31.121262,31.090805,0.007165,60,30.780453,30.800888,30.761093,0.008807,60,30.925615,30.943436,30.907028,0.009313,60,1002.700000,1002.700000,1002.700000,0.000041,60,1002.700000,1002.700000,1002.700000,0.000041,60,24.983333,25.000000,24.800000,0.055744,60,86.355268,86.915390,85.749405,0.403895,60,556.392183,559.208923,554.142395,1.802669,60,559.112190,561.880066,556.747375,1.813434,60,6.105505,6.135730,6.079681,0.019803,60,0.912775,0.918696,0.906371,0.004269,60,5.947832,5.977943,5.923782,0.019271,60,0.972235,1.236261,0.782251,0.082548,60,-179.047366,-178.924011,-179.217209,0.069157,60,-0.072238,0.065729,-0.267893,0.062207,60,7.095788,7.204204,6.912068,0.055664,60,179.377581,179.540329,179.110825,0.077026,60,-0.080572,0.055499,-0.261214,0.073269,60,0.000000,17.566667,23.000000,11.000000,2.612659,60,2586.633333,2858.000000,2344.000000,153.580318,60,1.756667,2.300000,1.100000,0.261266,60,258.656499,15.247805,60,60,60,60,60,60,60,60,60,60,60,60,60,60,60,60,60,60,60,60,60,60,60,60,60,60,60,60,60,60,14.3942,14.46,14.33,24.23,26,22,29.98,6855812
2026-10-03 08:33:00,22.505048,22.568094,22.459755,0.025873,60,14.403677,14.460975,14.338902,0.029032,60,18.710638,18.773174,18.658731,0.025549,60,75.585000,76.200000,75.000000,0.291009,60,31.758826,31.787979,31.731895,0.012845,60,31.534294,31.555656,31.499580,0.013818,60,31.565492,31.587700,31.544975,0.012433,60,29.568333,29.700000,29.500000,0.053652,60,31.080874,31.112686,31.037552,0.019699,60,30.787429,30.799942,30.771774,0.006949,60,30.933973,30.950790,30.913498,0.009109,60,1002.700000,1002.700000,1002.700000,0.000041,60,1002.700000,1002.700000,1002.700000,0.000041,60,24.905000,25.100000,24.800000,0.103211,60,87.469611,87.884018,86.925446,0.268415,60,560.500371,562.517761,556.518433,1.604261,60,563.444194,565.661987,559.511292,1.614915,60,6.152811,6.177029,6.109863,0.017635,60,0.924554,0.928934,0.918802,0.002837,60,5.991749,6.013315,5.949182,0.017150,60,0.996245,1.145083,0.820181,0.067444,60,-179.028123,-178.858322,-179.171494,0.058503,60,-0.064550,-0.000715,-0.214344,0.042257,60,7.127141,7.250570,7.034742,0.056012,60,179.394338,179.595398,179.149078,0.090077,60,-0.094519,0.121598,-0.300691,0.073958,60,0.000000,20.766667,28.000000,14.000000,3.980319,60,2568.066667,2779.000000,2392.000000,134.503842,60,2.076667,2.800000,1.400000,0.398032,60,256.762770,13.349402,60,60,60,60,60,60,60,60,60,60,60,60,60,60,60,60,60,60,60,60,60,60,60,60,60,60,60,60,60,60,14.3900,14.46,14.31,24.13,26,23,30.00,6855848
2026-10-03 08:34:00,22.518959,22.568094,22.476540,0.025019,60,14.404720,14.444190,14.341954,0.026536,60,18.718726,18.756390,18.677042,0.024214,60,75.841667,77.200000,75.200000,0.606823,60,31.733899,31.774628,31.702522,0.016149,60,31.542038,31.571678,31.512932,0.012189,60,31.578087,31.617073,31.560997,0.011924,60,29.366667,29.500000,29.300000,0.057244,60,31.009258,31.044418,30.970627,0.020998,60,30.760808,30.783951,30.737167,0.011506,60,30.900945,30.931656,30.876022,0.013039,60,1002.700000,1002.700000,1002.700000,0.000041,60,1002.700000,1002.700000,1002.700000,0.000041,60,24.673333,25.000000,24.400000,0.198184,60,86.569140,87.096954,85.383545,0.361235,60,552.818301,556.192749,546.408875,2.109214,60,555.814841,559.173096,549.476379,2.051487,60,6.069498,6.106170,6.000282,0.022402,60,0.915036,0.920615,0.902504,0.003818,60,5.909627,5.945700,5.841110,0.022547,60,0.994308,1.129849,0.850794,0.056985,60,-179.013643,-178.886047,-179.144913,0.056751,60,-0.048752,0.025707,-0.146986,0.043777,60,7.127341,7.246571,7.027508,0.044788,60,179.381099,179.541443,179.258438,0.067954,60,-0.091085,0.042303,-0.235338,0.061542,60,0.000000,18.400000,24.000000,10.000000,3.932481,60,2514.666667,2704.000000,2308.000000,80.927812,60,1.840000,2.400000,1.000000,0.393248,60,251.454067,8.015114,60,60,60,60,60,60,60,60,60,60,60,60,60,60,60,60,60,60,60,60,60,60,60,60,60,60,60,60,60,60,14.3855,14.47,14.30,24.10,26,23,29.99,6855882
2026-10-03 08:35:00,22.545052,22.609293,22.487221,0.026913,60,14.416088,14.508278,14.360266,0.026840,60,18.729992,18.823530,18.677042,0.030745,60,77.716667,78.400000,76.800000,0.549010,60,31.702967,31.731895,31.675819,0.013855,60,31.536297,31.571678,31.512932,0.012741,60,31.569408,31.603722,31.544975,0.011035,60,29.366667,29.400000,29.300000,0.047538,60,30.982147,30.998032,30.969254,0.006150,60,30.744983,30.770340,30.727829,0.007913,60,30.904139,30.921646,30.886093,0.008409,60,1002.700000,1002.700000,1002.700000,0.000041,60,1002.700000,1002.700000,1002.700000,0.000041,60,25.041667,25.100000,24.800000,0.074314,60,83.866415,85.272415,83.114937,0.556117,60,538.160736,545.641846,534.044006,2.982705,60,541.131615,548.727295,536.821167,3.042017,60,5.909157,5.992102,5.862087,0.033219,60,0.886468,0.901329,0.878525,0.005878,60,5.752938,5.832911,5.708930,0.031885,60,1.000529,1.130576,0.891079,0.053698,60,-179.030535,-178.952759,-179.143707,0.045325,60,-0.037921,0.052216,-0.120632,0.035711,60,7.138248,7.257647,7.031401,0.053490,60,179.392676,179.514099,179.256363,0.059867,60,-0.096130,0.002988,-0.195714,0.048054,60,0.000000,14.100000,24.000000,8.000000,3.373375,60,2362.966667,2647.000000,1991.000000,201.385032,60,1.410000,2.400000,0.800000,0.337338,60,236.269101,20.044472,60,60,60,60,60,60,60,60,60,60,60,60,60,60,60,60,60,60,60,60,60,60,60,60,60,60,60,60,60,60,14.3648,14.44,14.28,24.25,26,23,30.00,6855916
2026-10-03 08:36:00,22.564508,22.624552,22.504005,0.026453,60,14.425498,14.493019,14.325170,0.030361,60,18.732052,18.773174,18.677042,0.024502,60,77.645000,78.200000,77.000000,0.236804,60,31.687257,31.718544,31.662468,0.012708,60,31.536964,31.555656,31.512932,0.011477,60,31.572301,31.603722,31.544975,0.013848,60,29.400000,29.400000,29.400000,0.000000,60,30.982150,30.995956,30.962448,0.007024,60,30.758416,30.772598,30.736801,0.007407,60,30.908322,30.924057,30.889694,0.006712,60,1002.700000,1002.700000,1002.700000,0.000041,60,1002.700000,1002.700000,1002.700000,0.000041,60,25.098333,25.300000,25.000000,0.124181,60,85.626785,87.616249,84.252335,1.024065,60,547.359258,558.562744,540.708130,5.559691,60,549.936323,561.053040,543.677795,5.443184,60,6.005305,6.126699,5.936962,0.059440,60,0.905075,0.926104,0.890547,0.010824,60,5.851270,5.971035,5.780169,0.059433,60,0.989014,1.105909,0.888635,0.052866,60,-179.024876,-178.898849,-179.170914,0.058252,60,-0.042817,0.025675,-0.120765,0.038418,60,7.129688,7.234599,6.975656,0.051402,60,179.392475,179.621765,179.229660,0.063767,60,-0.089480,0.015252,-0.235097,0.050652,60,0.000000,9.533333,20.000000,3.000000,4.432035,60,2066.733333,2285.000000,1776.000000,149.145915,60,0.953333,2.000000,0.300000,0.443204,60,206.745217,14.801643,60,60,60,60,60,60,60,60,60,60,60,60,60,60,60,60,60,60,60,60,60,60,60,60,60,60,60,60,60,60,14.3865,14.47,14.30,24.14,26,23,30.00,6855949
2026-10-03 08:37:00,22.571425,22.638285,22.504005,0.027346,60,14.424888,14.476234,14.341954,0.027081,60,18.746751,18.791485,18.690777,0.022342,60,77.110169,77.800000,76.400000,0.390709,59,31.686990,31.718544,31.662468,0.010888,60,31.535985,31.555656,31.512932,0.012222,60,31.576930,31.603722,31.544975,0.013310,60,29.400000,29.400000,29.400000,0.000000,59,30.991744,31.005966,30.971848,0.008060,60,30.754404,30.769882,30.735672,0.007478,60,30.901703,30.917282,30.882584,0.007659,60,1002.700000,1002.700000,1002.700000,0.000041,59,1002.700000,1002.700000,1002.700000,0.000041,59,25.033898,25.300000,24.800000,0.133404,59,88.217321,88.932228,87.690796,0.291170,60,561.484440,564.116516,558.965576,1.398870,60,564.029919,566.761414,561.441895,1.366136,60,6.159207,6.189034,6.130946,0.014918,60,0.932457,0.940014,0.926892,0.003078,60,6.002268,6.030405,5.975342,0.014954,60,1.004459,1.168928,0.887112,0.061433,60,-179.029639,-178.899109,-179.211365,0.061957,60,-0.050765,0.052090,-0.146986,0.044261,60,7.139647,7.252570,7.040584,0.051737,60,179.372880,179.556244,178.692017,0.124914,60,-0.079842,0.186781,-0.419509,0.093067,60,0.000000,5.316667,19.000000,0.000000,4.127180,60,2078.733333,3585.000000,341.000000,577.423291,60,0.531667,1.900000,0.000000,0.412718,60,198.831757,50.580535,60,60,60,60,60,60,60,60,60,60,60,60,60,60,60,60,60,60,60,60,60,60,59,59,59,59,59,59,60,60,14.3847,14.47,14.30,24.10,26,22,30.01,6855983
2026-10-03 08:38:00,22.579029,22.638285,22.517738,0.027715,60,14.430635,14.508278,14.375525,0.030759,60,18.752702,18.806744,18.677042,0.027301,60,77.256667,78.100000,76.300000,0.576185,60,31.691441,31.718544,31.662468,0.010588,60,31.535941,31.571678,31.512932,0.013211,60,31.574526,31.603722,31.544975,0.012475,60,29.461667,29.500000,29.400000,0.049030,60,31.003754,31.026871,30.979385,0.008776,60,30.739754,30.757248,30.721542,0.007703,60,30.887774,30.904037,30.870560,0.008240,60,1002.700000,1002.700000,1002.700000,0.000041,60,1002.700000,1002.700000,1002.700000,0.000041,60,25.131667,25.300000,25.000000,0.126881,60,87.865750,88.959663,87.125984,0.621594,60,557.568311,564.408508,553.828186,3.707352,60,560.275895,567.116821,556.623901,3.667452,60,6.118213,6.192915,6.078333,0.040049,60,0.928741,0.940304,0.920922,0.006570,60,5.960405,6.033527,5.920424,0.039632,60,1.001048,1.145450,0.849019,0.063429,60,-179.018725,-178.898849,-179.144501,0.050509,60,-0.046351,0.052166,-0.147933,0.044944,60,7.128237,7.202525,7.009122,0.044991,60,179.393926,179.486954,179.270752,0.049774,60,-0.086435,0.014970,-0.208754,0.047653,60,0.000000,3.750000,10.000000,1.000000,2.055377,60,2614.550000,3446.000000,1564.000000,616.268718,60,0.375000,1.000000,0.100000,0.205538,60,263.141460,65.651648,60,60,60,60,60,60,60,60,60,60,60,60,60,60,60,60,60,60,60,60,60,60,60,60,60,60,60,60,60,60,14.3600,14.45,14.28,24.32,26,23,30.00,6856017
2026-10-03 08:39:00,22.584980,22.656595,22.504005,0.030967,60,14.435340,14.493019,14.341954,0.030062,60,18.758017,18.823530,18.709087,0.027053,60,77.286667,78.100000,76.200000,0.611047,60,31.697226,31.731895,31.662468,0.015371,60,31.527574,31.555656,31.499580,0.011504,60,31.568563,31.603722,31.544975,0.012243,60,29.563333,29.600000,29.500000,0.048596,60,31.013766,31.038162,30.987442,0.012531,60,30.727871,30.741104,30.712265,0.007168,60,30.882092,30.897537,30.862106,0.008619,60,1002.700000,1002.700000,1002.700000,0.000041,60,1002.700000,1002.700000,1002.700000,0.000041,60,25.241667,25.500000,25.000000,0.164977,60,87.719248,88.510330,87.240318,0.359976,60,557.714838,563.765015,554.580933,2.700160,60,560.436397,566.141541,557.588989,2.605764,60,6.119965,6.182266,6.088872,0.028455,60,0.927192,0.935554,0.922130,0.003805,60,5.961971,6.026648,5.928470,0.028865,60,0.999145,1.130576,0.861830,0.057845,60,-179.034714,-178.923004,-179.187546,0.058330,60,-0.033679,0.052292,-0.146551,0.046043,60,7.131129,7.285795,6.998466,0.059811,60,179.381591,179.515732,179.190567,0.063992,60,-0.090700,0.016005,-0.235097,0.060716,60,0.000000,2.033333,5.000000,0.000000,1.288366,60,1833.750000,3558.000000,14.000000,1160.021210,60,0.203333,0.500000,0.000000,0.128837,60,294.514798,92.010836,60,60,60,60,60,60,60,60,60,60,60,60,60,60,60,60,60,60,60,60,60,60,60,60,60,60,60,60,60,60,14.3415,14.40,14.26,24.10,26,23,30.02,6856051
2026-10-03 08:40:00,22.595840,22.670328,22.536049,0.029804,60,14.442613,14.508278,14.392309,0.027935,60,18.771979,18.823530,18.709087,0.026096,60,76.110000,77.900000,74.900000,0.858003,60,31.707462,31.731895,31.675819,0.014854,60,31.527485,31.555656,31.512932,0.011814,60,31.568207,31.603722,31.544975,0.011854,60,29.715000,29.800000,29.600000,0.054695,60,31.052386,31.077927,31.029068,0.012777,60,30.750600,30.777542,30.728134,0.011553,60,30.904462,30.936539,30.882614,0.012433,60,1002.700000,1002.700000,1002.700000,0.000041,60,1002.700000,1002.700000,1002.700000,0.000041,60,25.111667,25.500000,24.800000,0.163740,60,88.938466,89.358459,88.431450,0.281157,60,566.775700,569.755981,563.364014,1.993941,60,569.591050,572.497620,565.996094,1.991837,60,6.219934,6.251674,6.180677,0.021751,60,0.940080,0.944519,0.934720,0.002972,60,6.058832,6.090691,6.022361,0.021315,60,0.993454,1.182317,0.715712,0.076937,60,-179.025284,-178.866623,-179.170914,0.053975,60,-0.043170,0.052241,-0.120433,0.046087,60,7.134608,7.267768,7.001358,0.057772,60,179.365941,179.515198,179.162415,0.066876,60,-0.083687,0.187591,-0.234786,0.081467,60,0.000000,1.233333,5.000000,0.000000,0.980603,60,2109.216667,3529.000000,9.000000,1067.950534,60,0.123333,0.500000,0.000000,0.098060,60,287.140305,88.652520,60,60,60,60,60,60,60,60,60,60,60,60,60,60,60,60,60,60,60,60,60,60,60,60,60,60,60,60,60,60,14.3332,14.40,14.24,24.17,26,22,30.02,6856084
2026-10-03 08:41:00,22.609166,22.673380,22.568094,0.022070,60,14.451158,14.493019,14.393835,0.025176,60,18.779354,18.838789,18.722820,0.024752,60,74.691667,75.500000,74.100000,0.388518,60,31.736881,31.774628,31.702522,0.015576,60,31.539768,31.555656,31.512932,0.011064,60,31.581870,31.617073,31.544975,0.013971,60,29.800000,29.800000,29.800000,0.000002,60,31.099379,31.133408,31.064865,0.018279,60,30.773941,30.795517,30.750534,0.011644,60,30.938021,30.962997,30.910080,0.014820,60,1002.700000,1002.700000,1002.700000,0.000041,60,1002.700000,1002.700000,1002.700000,0.000041,60,24.925000,25.100000,24.800000,0.105163,60,90.229603,91.265320,88.476723,1.004155,60,573.658791,580.013062,563.220154,6.484654,60,576.488835,583.150574,565.962280,6.623289,60,6.295258,6.368004,6.180308,0.072326,60,0.953727,0.964674,0.935199,0.010614,60,6.132412,6.200339,6.020823,0.069321,60,0.999719,1.167812,0.785052,0.071388,60,-179.035782,-178.898849,-179.173035,0.044891,60,-0.037947,0.052367,-0.121097,0.041995,60,7.130377,7.267768,6.969852,0.066090,60,179.388847,179.583084,179.271927,0.059209,60,-0.090605,0.014876,-0.208550,0.053828,60,0.000000,2.333333,6.000000,0.000000,1.361289,60,2022.900000,3516.000000,1048.000000,524.919968,60,0.233333,0.600000,0.000000,0.136129,60,192.033907,47.635215,60,60,60,60,60,60,60,60,60,60,60,60,60,60,60,60,60,60,60,60,60,60,60,60,60,60,60,60,60,60,14.3306,14.40,14.25,24.26,26,23,30.03,6856118
2026-10-03 08:42:00,22.611226,22.661173,22.554359,0.024924,60,14.463925,14.526588,14.410621,0.027102,60,18.783042,18.825056,18.724346,0.025061,60,74.470000,75.100000,74.000000,0.238143,60,31.773203,31.801331,31.731895,0.016214,60,31.554677,31.601051,31.512932,0.016269,60,31.613246,31.659798,31.574348,0.021500,60,29.796667,29.800000,29.700000,0.018102,60,31.157456,31.185532,31.118912,0.015551,60,30.811348,30.831100,30.782883,0.012438,60,30.997739,31.025375,30.959213,0.018051,60,1002.700000,1002.700000,1002.700000,0.000041,60,1002.700000,1002.700000,1002.700000,0.000041,60,24.823333,25.000000,24.800000,0.064746,60,90.252369,91.103424,88.848305,0.556935,60,573.397948,579.643188,562.936707,4.294868,60,576.656129,582.446350,566.503784,4.162599,60,6.297085,6.360314,6.186222,0.045456,60,0.953968,0.962963,0.939127,0.005887,60,6.129624,6.196386,6.017793,0.045912,60,0.997042,1.103050,0.862428,0.050623,60,-179.030586,-178.926056,-179.144501,0.050921,60,-0.045437,0.065575,-0.147422,0.049831,60,7.130445,7.265656,6.962125,0.058978,60,179.392578,179.515198,179.297775,0.056242,60,-0.092634,0.002715,-0.208876,0.045359,60,0.000000,5.250000,11.000000,0.000000,3.127922,60,2052.800000,2431.000000,1346.000000,213.521308,60,0.525000,1.100000,0.000000,0.312792,60,205.909440,20.827156,60,60,60,60,60,60,60,60,60,60,60,60,60,60,60,60,60,60,60,60,60,60,60,60,60,60,60,60,60,60,14.3235,14.42,14.24,24.36,26,23,30.10,6856152
2026-10-03 08:43:00,22.605071,22.661173,22.540627,0.027253,60,14.462170,14.526588,14.410621,0.025710,60,18.792146,18.843367,18.727398,0.025765,60,74.818333,75.100000,74.600000,0.155674,60,31.803600,31.844055,31.774628,0.014657,60,31.578354,31.601051,31.555656,0.013151,60,31.648493,31.686501,31.617073,0.016812,60,29.645000,29.700000,29.600000,0.050169,60,31.165706,31.183151,31.150711,0.008216,60,30.822933,30.841232,30.807480,0.007525,60,31.019391,31.038254,31.000473,0.009439,60,1002.678333,1002.700000,1002.600000,0.041545,60,1002.678333,1002.700000,1002.600000,0.041545,60,24.770000,24.800000,24.600000,0.072017,60,90.263372,92.704086,88.268860,1.668909,60,570.662293,585.163574,558.625671,9.697738,60,573.808583,588.233337,562.069092,9.578278,60,6.265990,6.423508,6.137794,0.104595,60,0.954084,0.979882,0.933002,0.017640,60,6.100380,6.255398,5.971708,0.103669,60,0.988334,1.104836,0.862428,0.052112,60,-179.020693,-178.925034,-179.186020,0.055895,60,-0.049829,0.052039,-0.186323,0.045502,60,7.124269,7.234599,6.911378,0.058156,60,179.396790,179.541336,179.271088,0.052320,60,-0.087840,0.042303,-0.168989,0.044365,60,0.000000,6.333333,9.000000,3.000000,1.271149,60,2106.666667,2422.000000,1870.000000,147.535996,60,0.633333,0.900000,0.300000,0.127115,60,210.618111,14.617232,60,60,60,60,60,60,60,60,60,60,60,60,60,60,60,60,60,60,60,60,60,60,60,60,60,60,60,60,60,60,14.3278,14.40,14.23,24.32,27,22,30.15,6856186
2026-10-03 08:44:00,22.614506,22.664225,22.569620,0.023915,60,14.462832,14.511330,14.412147,0.026197,60,18.791638,18.843367,18.727398,0.029370,60,75.970000,77.300000,75.000000,0.675554,60,31.825363,31.844055,31.787979,0.012291,60,31.591171,31.614403,31.571678,0.012195,60,31.672170,31.715874,31.643776,0.017087,60,29.600000,29.600000,29.600000,0.000002,60,31.188330,31.225021,31.163498,0.016560,60,30.838005,30.862656,30.817184,0.011268,60,31.056511,31.092758,31.019730,0.017648,60,1002.696667,1002.700000,1002.600000,0.018102,60,1002.696667,1002.700000,1002.600000,0.018102,60,25.031667,25.300000,24.800000,0.150132,60,91.459243,92.692192,90.275414,0.738477,60,579.230684,585.083679,572.704346,3.808780,60,582.467243,588.316467,575.921204,3.819542,60,6.360542,6.424416,6.289060,0.041709,60,0.966724,0.979756,0.954211,0.007806,60,6.191976,6.254544,6.122209,0.040716,60,0.988048,1.130939,0.887721,0.054450,60,-179.024016,-178.926300,-179.144501,0.050756,60,-0.035217,0.052292,-0.120433,0.041029,60,7.115056,7.259778,6.982943,0.058213,60,179.392929,179.487640,179.257751,0.051043,60,-0.087392,0.015440,-0.234925,0.056163,60,0.000000,4.516667,14.000000,0.000000,2.982955,60,2183.533333,2592.000000,1539.000000,278.837324,60,0.451667,1.400000,0.000000,0.298296,60,218.788990,27.741214,60,60,60,60,60,60,60,60,60,60,60,60,60,60,60,60,60,60,60,60,60,60,60,60,60,60,60,60,60,60,14.3249,14.41,14.23,24.30,26,23,30.31,6856220
2026-10-03 08:45:00,22.626942,22.677958,22.574198,0.022614,60,14.465934,14.512856,14.380102,0.025392,60,18.802726,18.861677,18.745708,0.029282,60,76.915000,77.500000,75.500000,0.434849,60,31.854069,31.886780,31.817352,0.017799,60,31.612712,31.643776,31.571678,0.013992,60,31.708486,31.742577,31.673149,0.017544,60,29.688333,29.800000,29.600000,0.041545,60,31.259636,31.303848,31.210800,0.024105,60,30.885155,30.919876,30.844894,0.019700,60,31.121290,31.156601,31.086655,0.018374,60,1002.680000,1002.700000,1002.600000,0.040338,60,1002.680000,1002.700000,1002.600000,0.040338,60,25.241667,25.300000,25.000000,0.094406,60,86.984258,90.266495,84.657532,1.921013,60,553.155668,572.500244,539.317017,11.587790,60,556.479281,575.562927,542.491333,11.614792,60,6.076754,6.285147,5.924006,0.126834,60,0.919424,0.954117,0.894830,0.020305,60,5.913234,6.120028,5.765299,0.123873,60,0.992150,1.126949,0.848428,0.053893,60,-179.022632,-178.925034,-179.118149,0.047808,60,-0.043694,0.065398,-0.120964,0.039637,60,7.122425,7.250569,6.988756,0.052180,60,179.381316,179.514099,179.271255,0.051648,60,-0.112990,0.055603,-0.261440,0.059965,60,0.000000,2.450000,7.000000,0.000000,1.711625,60,2048.916667,2695.000000,1628.000000,237.295731,60,0.245000,0.700000,0.000000,0.171163,60,204.598562,23.483872,60,60,60,60,60,60,60,60,60,60,60,60,60,60,60,60,60,60,60,60,60,60,60,60,60,60,60,60,60,60,14.3166,14.40,14.21,24.34,26,23,30.29,6856253
2026-10-03 08:46:00,22.627832,22.682535,22.558937,0.029783,60,14.476946,14.544900,14.415198,0.027376,60,18.799802,18.850996,18.719769,0.027348,60,75.523333,75.900000,75.100000,0.225017,60,31.908676,31.942856,31.873428,0.019317,60,31.649829,31.686501,31.614403,0.016193,60,31.761185,31.798660,31.715874,0.021166,60,29.776667,29.800000,29.700000,0.042652,60,31.325081,31.343735,31.286728,0.011975,60,30.932107,30.955948,30.908157,0.011903,60,31.183453,31.200699,31.152328,0.011297,60,1002.691667,1002.700000,1002.600000,0.027872,60,1002.691667,1002.700000,1002.600000,0.027872,60,25.046667,25.100000,24.800000,0.067565,60,84.240378,85.145958,83.586906,0.547125,60,534.234144,539.949951,528.112915,4.305534,60,537.852259,543.315796,531.930481,4.146477,60,5.873347,5.933008,5.808681,0.045280,60,0.890421,0.899993,0.883514,0.005783,60,5.710963,5.772064,5.645527,0.046026,60,0.986041,1.076250,0.809077,0.063109,60,-179.032870,-178.888931,-179.171494,0.061544,60,-0.049892,0.065221,-0.147349,0.047107,60,7.114728,7.250570,6.965987,0.065297,60,179.370648,179.595490,179.122650,0.080031,60,-0.090598,0.147242,-0.234786,0.073895,60,0.000000,4.383333,17.000000,0.000000,3.906065,60,1981.850000,2682.000000,261.000000,579.064231,60,0.438333,1.700000,0.000000,0.390607,60,206.836211,55.530221,60,60,60,60,60,60,60,60,60,60,60,60,60,60,60,60,60,60,60,60,60,60,60,60,60,60,60,60,60,60,14.3186,14.41,14.23,24.28,26,23,30.48,6856287
2026-10-03 08:47:00,22.623280,22.714581,22.563517,0.026471,60,14.464052,14.529640,14.396887,0.026712,60,18.800030,18.866255,18.750286,0.028492,60,76.198333,77.100000,75.800000,0.329093,60,31.944903,31.972229,31.900131,0.014719,60,31.678445,31.713203,31.643776,0.016618,60,31.802577,31.828033,31.771957,0.014371,60,29.675000,29.700000,29.600000,0.043667,60,31.312603,31.343796,31.277542,0.015026,60,30.945208,30.959518,30.926926,0.006921,60,31.186865,31.211655,31.161514,0.009520,60,1002.700000,1002.700000,1002.700000,0.000041,60,1002.700000,1002.700000,1002.700000,0.000041,60,25.060000,25.300000,25.000000,0.074105,60,83.858115,84.204079,83.391167,0.229890,60,527.999246,530.128235,524.357788,1.895270,60,531.920851,533.901184,528.200867,1.836582,60,5.808576,5.830201,5.767953,0.020055,60,0.886380,0.890037,0.881445,0.002430,60,5.644312,5.667071,5.605385,0.020260,60,0.978576,1.129123,0.806795,0.062195,60,-179.026971,-178.899643,-179.116699,0.047875,60,-0.047018,0.065376,-0.147131,0.046696,60,7.109537,7.275769,7.001358,0.056595,60,179.377692,179.541138,179.214661,0.058645,60,-0.084885,0.016005,-0.261271,0.055885,60,0.000000,4.083333,14.000000,1.000000,2.109636,60,1813.766667,2586.000000,306.000000,500.610352,60,0.408333,1.400000,0.100000,0.210964,60,188.201663,46.933753,60,60,60,60,60,60,60,60,60,60,60,60,60,60,60,60,60,60,60,60,60,60,60,60,60,60,60,60,60,60,14.3243,14.40,14.24,24.35,26,23,30.71,6856321
2026-10-03 08:48:00,22.624933,22.702374,22.563517,0.030419,60,14.465197,14.547952,14.383154,0.029882,60,18.794791,18.850996,18.736553,0.025720,60,75.705000,76.700000,75.300000,0.303329,60,31.950555,31.972229,31.929504,0.012312,60,31.693977,31.726555,31.670479,0.013154,60,31.816418,31.854736,31.798660,0.013354,60,29.560000,29.600000,29.500000,0.049403,60,31.264916,31.293259,31.240067,0.016442,60,30.918777,30.944199,30.888199,0.012882,60,31.152065,31.186935,31.113937,0.016848,60,1002.700000,1002.700000,1002.700000,0.000041,60,1002.700000,1002.700000,1002.700000,0.000041,60,24.933333,25.100000,24.600000,0.111487,60,83.895204,85.409393,83.248711,0.568555,60,525.883232,534.107971,523.188843,2.644998,60,529.413047,537.513306,526.965759,2.528440,60,5.781190,5.869646,5.754466,0.027611,60,0.886772,0.902777,0.879939,0.006010,60,5.621692,5.709614,5.592888,0.028275,60,0.990014,1.182317,0.753247,0.070416,60,-179.023418,-178.859116,-179.172470,0.056022,60,-0.056484,0.025675,-0.147714,0.036830,60,7.094337,7.265655,6.969409,0.055823,60,179.381343,179.554962,179.269730,0.060948,60,-0.104732,0.055188,-0.208223,0.054466,60,0.000000,3.216667,7.000000,1.000000,1.222552,60,765.483333,3596.000000,0.000000,1072.098694,60,0.321667,0.700000,0.100000,0.122255,60,31.280308,39.944011,60,60,60,60,60,60,60,60,60,60,60,60,60,60,60,60,60,60,60,60,60,60,60,60,60,60,60,60,60,60,14.3290,14.42,14.25,24.29,26,23,30.77,6856355
2026-10-03 08:49:00,22.632003,22.684061,22.578775,0.023386,60,14.468783,14.531166,14.416724,0.026663,60,18.799369,18.850996,18.750286,0.026908,60,75.673333,76.800000,74.100000,0.801242,60,31.942366,31.972229,31.916153,0.011977,60,31.688281,31.713203,31.657127,0.014306,60,31.812190,31.841385,31.771957,0.014968,60,29.566667,29.600000,29.500000,0.047538,60,31.239581,31.254684,31.223953,0.006456,60,30.884493,30.905685,30.862991,0.010093,60,31.118512,31.135208,31.096268,0.009223,60,1002.701667,1002.800000,1002.700000,0.012910,60,1002.701667,1002.800000,1002.700000,0.012910,60,24.920000,25.100000,24.400000,0.195544,60,88.494330,90.820099,85.529892,1.437615,60,553.524943,568.362244,535.091003,9.110335,60,556.666541,571.586487,538.364685,9.091997,60,6.078799,6.241724,5.878942,0.099285,60,0.935385,0.959968,0.904051,0.015196,60,5.917181,6.075792,5.720122,0.097389,60,0.987330,1.101980,0.850202,0.057612,60,-179.022862,-178.883926,-179.142090,0.053093,60,-0.050695,0.065443,-0.120831,0.048137,60,7.109661,7.192275,6.977594,0.048407,60,179.387590,179.515305,179.255661,0.059848,60,-0.106095,0.002806,-0.261271,0.051120,60,0.000000,1.783333,5.000000,0.000000,1.136329,60,1093.933333,3579.000000,0.000000,1218.645940,60,0.178333,0.500000,0.000000,0.113633,60,30.592730,47.628612,60,60,60,60,60,60,60,60,60,60,60,60,60,60,60,60,60,60,60,60,60,60,60,60,60,60,60,60,60,60,14.3330,14.42,14.25,24.28,26,23,30.90,6856389
2026-10-03 08:50:00,22.651840,22.714581,22.609293,0.026304,60,14.480634,14.547952,14.430457,0.024674,60,18.807965,18.883039,18.733501,0.032129,60,74.210000,74.900000,74.000000,0.212092,60,31.943390,31.972229,31.916153,0.014077,60,31.677199,31.713203,31.657127,0.010777,60,31.802265,31.841385,31.771957,0.015975,60,29.600000,29.600000,29.600000,0.000002,60,31.277786,31.329117,31.232773,0.025052,60,30.882002,30.899338,30.864456,0.008301,60,31.136539,31.179489,31.102036,0.019226,60,1002.708333,1002.800000,1002.700000,0.027872,60,1002.708333,1002.800000,1002.700000,0.027872,60,24.610000,24.800000,24.600000,0.043957,60,91.733091,92.801048,90.876808,0.482891,60,575.750272,583.190063,568.684082,3.790264,60,579.008082,586.356812,572.029358,3.792988,60,6.322768,6.403017,6.246561,0.041419,60,0.969619,0.980907,0.960568,0.005104,60,6.154770,6.234302,6.079233,0.040518,60,1.000545,1.140322,0.863624,0.058122,60,-179.023343,-178.858322,-179.170914,0.059574,60,-0.040542,0.025864,-0.107853,0.037002,60,7.111793,7.241673,6.990696,0.061750,60,179.378203,179.555359,179.270248,0.060610,60,-0.086964,0.041801,-0.234613,0.056479,60,0.000000,1.566667,6.000000,0.000000,1.788539,60,2125.800000,3577.000000,43.000000,912.880258,60,0.156667,0.600000,0.000000,0.178854,60,238.969411,76.957509,60,60,60,60,60,60,60,60,60,60,60,60,60,60,60,60,60,60,60,60,60,60,60,60,60,60,60,60,60,60,14.3240,14.41,14.24,24.21,26,23,30.96,6856422
2026-10-03 08:51:00,22.663462,22.748150,22.623026,0.027330,60,14.495104,14.579995,14.415198,0.035052,60,18.822741,18.901350,18.768597,0.027441,60,75.578333,76.700000,74.900000,0.582249,60,31.974632,32.017624,31.942856,0.017928,60,31.683563,31.713203,31.643776,0.016355,60,31.822114,31.854736,31.785309,0.013984,60,29.720000,29.800000,29.600000,0.054617,60,31.371581,31.429367,31.324692,0.029044,60,30.933085,30.973740,30.890396,0.022951,60,31.218479,31.261917,31.176437,0.025995,60,1002.713333,1002.800000,1002.700000,0.034280,60,1002.713333,1002.800000,1002.700000,0.034280,60,24.986667,25.100000,24.800000,0.103280,60,93.729974,94.143997,92.869644,0.378875,60,590.490677,593.453918,584.088013,2.925686,60,593.807531,596.985413,587.143799,3.039729,60,6.484378,6.519081,6.411610,0.033194,60,0.990726,0.995102,0.981632,0.004005,60,6.312345,6.344022,6.243901,0.031276,60,0.991797,1.103050,0.889245,0.054692,60,-179.035368,-178.927063,-179.143890,0.045726,60,-0.032368,0.052216,-0.120765,0.039509,60,7.115375,7.246571,6.990696,0.059099,60,179.393182,179.554565,179.257751,0.059342,60,-0.096157,0.001806,-0.195670,0.046919,60,0.000000,2.050000,10.000000,0.000000,2.212637,60,1931.266667,3450.000000,672.000000,439.871509,60,0.205000,1.000000,0.000000,0.221264,60,190.737991,41.118254,60,60,60,60,60,60,60,60,60,60,60,60,60,60,60,60,60,60,60,60,60,60,60,60,60,60,60,60,60,60,14.3217,14.40,14.24,24.23,26,23,30.97,6856456
2026-10-03 08:52:00,22.667201,22.719158,22.613871,0.024502,60,14.498639,14.566262,14.433509,0.029193,60,18.836576,18.902876,18.754864,0.031281,60,74.886667,75.300000,74.500000,0.237549,60,32.032310,32.087051,31.985580,0.021422,60,31.718990,31.755936,31.686501,0.017273,60,31.872538,31.910812,31.828033,0.020810,60,29.866667,29.900000,29.800000,0.047538,60,31.472922,31.535538,31.416611,0.033201,60,31.006417,31.045822,30.965805,0.022876,60,31.307078,31.354172,31.254013,0.026858,60,1002.708333,1002.800000,1002.700000,0.027872,60,1002.708333,1002.800000,1002.700000,0.027872,60,24.958333,25.100000,24.800000,0.101333,60,95.159992,97.797195,93.709076,1.338615,60,598.680036,614.942444,590.495422,7.879138,60,601.920037,618.052917,593.996277,7.713280,60,6.572967,6.749138,6.486439,0.084229,60,1.005841,1.033716,0.990505,0.014149,60,6.399889,6.573734,6.312396,0.084228,60,0.980928,1.129123,0.848428,0.059103,60,-179.049179,-178.925034,-179.184128,0.066342,60,-0.043413,0.052367,-0.159884,0.044741,60,7.116544,7.218427,6.997013,0.047103,60,179.381074,179.486954,179.218124,0.057048,60,-0.111125,-0.024271,-0.300992,0.052931,60,0.000000,1.583333,6.000000,0.000000,1.344060,60,1569.433333,2422.000000,55.000000,527.658029,60,0.158333,0.600000,0.000000,0.134406,60,165.668225,48.972867,60,60,60,60,60,60,60,60,60,60,60,60,60,60,60,60,60,60,60,60,60,60,60,60,60,60,60,60,60,60,14.3232,14.41,14.24,24.32,26,23,31.00,6856490
2026-10-03 08:53:00,22.667073,22.710003,22.604715,0.024802,60,14.502708,14.552529,14.451819,0.025612,60,18.834007,18.924238,18.742657,0.029672,60,74.121667,75.000000,73.400000,0.404254,60,32.103874,32.156479,32.057678,0.024287,60,31.769375,31.812012,31.726555,0.018832,60,31.939651,31.982910,31.897461,0.021964,60,29.900000,29.900000,29.900000,0.000000,60,31.560809,31.604416,31.526260,0.019772,60,31.076844,31.108505,31.044724,0.014521,60,31.387250,31.420334,31.346756,0.018776,60,1002.701667,1002.800000,1002.700000,0.012910,60,1002.701667,1002.800000,1002.700000,0.012910,60,24.815000,25.100000,24.600000,0.147090,60,97.792926,98.864830,97.046707,0.446774,60,613.396427,618.049316,608.996704,2.969469,60,616.969928,621.402588,612.573242,2.961126,60,6.737312,6.785717,6.689300,0.032336,60,1.033671,1.045001,1.025784,0.004722,60,6.557208,6.606947,6.510174,0.031744,60,0.967401,1.064587,0.849314,0.048839,60,-179.044292,-178.927567,-179.143890,0.051510,60,-0.029716,0.052166,-0.160642,0.043863,60,7.121772,7.230615,6.984879,0.056248,60,179.380992,179.486481,179.269897,0.046624,60,-0.097916,0.014876,-0.234821,0.055292,60,0.000000,4.100000,9.000000,2.000000,1.386374,60,2057.600000,2442.000000,1395.000000,199.728901,60,0.410000,0.900000,0.200000,0.138637,60,206.176289,19.605095,60,60,60,60,60,60,60,60,60,60,60,60,60,60,60,60,60,60,60,60,60,60,60,60,60,60,60,60,60,60,14.3069,14.40,14.21,24.35,26,23,31.00,6856524
2026-10-03 08:54:00,22.653442,22.728313,22.606241,0.026073,60,14.495740,14.570840,14.416724,0.032358,60,18.829099,18.893721,18.774700,0.027819,60,73.800000,74.800000,73.200000,0.521406,60,32.170364,32.215225,32.129776,0.019671,60,31.812012,31.854736,31.755936,0.018277,60,31.996751,32.041656,31.940186,0.021796,60,29.831667,29.900000,29.800000,0.046910,60,31.606948,31.635788,31.582321,0.014744,60,31.112809,31.134079,31.092209,0.010784,60,31.432355,31.458267,31.398300,0.012361,60,1002.710000,1002.800000,1002.700000,0.030253,60,1002.710000,1002.800000,1002.700000,0.030253,60,24.696667,25.000000,24.600000,0.135255,60,99.403205,100.292854,98.908958,0.390890,60,620.604141,624.910706,618.353577,1.971459,60,624.238356,628.858337,621.969849,1.970907,60,6.816683,6.867133,6.791911,0.021522,60,1.050692,1.060095,1.045468,0.004132,60,6.634258,6.680295,6.610199,0.021075,60,0.974192,1.127673,0.849314,0.054738,60,-179.024216,-178.955246,-179.116699,0.044386,60,-0.035192,0.052166,-0.120300,0.035966,60,7.114253,7.286822,6.984879,0.063461,60,179.385554,179.514099,179.256363,0.051408,60,-0.100160,0.015440,-0.169490,0.050338,60,0.000000,3.816667,11.000000,1.000000,2.295845,60,1967.966667,2478.000000,1360.000000,299.647079,60,0.381667,1.100000,0.100000,0.229584,60,197.276232,29.773708,60,60,60,60,60,60,60,60,60,60,60,60,60,60,60,60,60,60,60,60,60,60,60,60,60,60,60,60,60,60,14.2970,14.41,14.21,24.40,27,23,31.00,6856558
2026-10-03 08:55:00,22.658783,22.702374,22.595560,0.026870,60,14.501386,14.570840,14.438087,0.028570,60,18.829888,18.896772,18.764019,0.024500,60,72.793333,73.600000,72.600000,0.223126,60,32.228489,32.271309,32.172501,0.019055,60,31.847304,31.894791,31.798660,0.018004,60,32.049578,32.097733,31.996262,0.021060,60,29.800000,29.800000,29.800000,0.000002,60,31.667029,31.712479,31.622726,0.025497,60,31.140902,31.172348,31.110458,0.012894,60,31.486575,31.531021,31.449570,0.023397,60,1002.703333,1002.800000,1002.700000,0.018102,60,1002.703333,1002.800000,1002.700000,0.018102,60,24.413333,24.600000,24.400000,0.050310,60,98.807478,100.277763,97.892090,0.703862,60,617.347766,624.917236,612.441956,3.829519,60,621.325385,628.786255,616.722046,3.828785,60,6.784873,6.866346,6.734605,0.041810,60,1.044395,1.059936,1.034719,0.007440,60,6.599447,6.680365,6.547004,0.040938,60,0.971800,1.104836,0.822490,0.057977,60,-179.036055,-178.927063,-179.117325,0.042817,60,-0.034817,0.065487,-0.120300,0.044444,60,7.113051,7.188663,7.014954,0.046467,60,179.385004,179.514435,179.296967,0.051121,60,-0.111067,0.002715,-0.208632,0.050309,60,0.000000,4.083333,8.000000,2.000000,1.834617,60,2268.866667,2589.000000,1741.000000,203.624402,60,0.408333,0.800000,0.200000,0.183462,60,226.996951,20.175512,60,60,60,60,60,60,60,60,60,60,60,60,60,60,60,60,60,60,60,60,60,60,60,60,60,60,60,60,60,60,14.2944,14.39,14.21,24.47,26,23,31.01,6856591
2026-10-03 08:56:00,22.667175,22.734417,22.601664,0.025808,60,14.504463,14.572366,14.439612,0.029469,60,18.842782,18.898298,18.782330,0.024014,60,73.233333,73.800000,72.600000,0.358276,60,32.291469,32.327385,32.241928,0.023948,60,31.886157,31.910812,31.838715,0.017454,60,32.109793,32.167160,32.068359,0.022831,60,29.898333,29.900000,29.800000,0.012910,60,31.761269,31.818161,31.707748,0.032083,60,31.197660,31.239243,31.159470,0.020464,60,31.574646,31.625809,31.519669,0.030466,60,1002.700000,1002.700000,1002.700000,0.000041,60,1002.700000,1002.700000,1002.700000,0.000041,60,24.570000,24.800000,24.400000,0.141780,60,98.026588,98.713913,97.177498,0.495267,60,614.067875,618.223999,608.985413,2.904956,60,618.235381,622.435669,613.294250,2.934322,60,6.751130,6.796998,6.697173,0.032043,60,1.036141,1.043406,1.027166,0.005235,60,6.564385,6.608814,6.510054,0.031054,60,0.964806,1.060079,0.862726,0.052932,60,-179.031880,-178.928070,-179.117111,0.045329,60,-0.040043,0.065443,-0.146986,0.045629,60,7.116548,7.249653,6.969852,0.058243,60,179.371274,179.447128,179.230728,0.044749,60,-0.106793,-0.024101,-0.195801,0.041583,60,0.000000,1.750000,4.000000,0.000000,1.283863,60,1934.500000,2579.000000,39.000000,552.904549,60,0.175000,0.400000,0.000000,0.128386,60,208.167978,44.399827,60,60,60,60,60,60,60,60,60,60,60,60,60,60,60,60,60,60,60,60,60,60,60,60,60,60,60,60,60,60,14.2939,14.39,14.20,24.34,26,23,31.00,6856625
2026-10-03 08:57:00,22.670837,22.769512,22.618448,0.029561,60,14.509473,14.572366,14.457923,0.027928,60,18.838738,18.887617,18.786907,0.026129,60,73.750000,75.000000,72.900000,0.694653,60,32.375851,32.426186,32.314034,0.028242,60,31.936759,31.980240,31.894791,0.020277,60,32.187944,32.236588,32.137787,0.027812,60,29.995000,30.100000,29.900000,0.050169,60,31.874430,31.919632,31.814468,0.030398,60,31.268378,31.305405,31.229141,0.020762,60,31.671089,31.712906,31.615768,0.024871,60,1002.700000,1002.700000,1002.700000,0.000041,60,1002.700000,1002.700000,1002.700000,0.000041,60,24.860000,25.100000,24.600000,0.168945,60,100.910909,103.398155,98.745239,1.487069,60,630.728302,643.817383,618.160156,8.291873,60,634.728142,647.780151,622.636841,8.170526,60,6.931231,7.073759,6.799194,0.089222,60,1.066628,1.092918,1.043737,0.015718,60,6.742485,6.882407,6.608132,0.088640,60,0.958791,1.079058,0.823068,0.061453,60,-179.036513,-178.900421,-179.171097,0.054317,60,-0.028769,0.065553,-0.120101,0.042071,60,7.107634,7.218427,6.889070,0.060805,60,179.375312,179.474365,179.269730,0.049122,60,-0.111611,0.002078,-0.234648,0.053870,60,0.000000,1.483333,4.000000,0.000000,0.853540,60,2166.083333,3582.000000,14.000000,1330.240634,60,0.148333,0.400000,0.000000,0.085354,60,341.385686,65.953306,60,60,60,60,60,60,60,60,60,60,60,60,60,60,60,60,60,60,60,60,60,60,60,60,60,60,60,60,60,60,14.2918,14.39,14.20,24.32,26,23,31.03,6856659
2026-10-03 08:58:00,22.659495,22.702374,22.595560,0.024605,60,14.503217,14.575418,14.442664,0.031484,60,18.834694,18.892195,18.791485,0.025499,60,74.008333,74.600000,72.900000,0.570546,60,32.472827,32.527657,32.410164,0.029964,60,31.990921,32.025635,31.950867,0.020037,60,32.269127,32.308693,32.223236,0.021553,60,30.153333,30.200000,30.100000,0.050310,60,31.968387,32.018692,31.908096,0.034429,60,31.321696,31.356949,31.292191,0.017385,60,31.743945,31.787460,31.697952,0.023633,60,1002.700000,1002.700000,1002.700000,0.000041,60,1002.700000,1002.700000,1002.700000,0.000041,60,25.003333,25.100000,24.600000,0.178474,60,104.943202,106.215782,103.463554,0.815554,60,653.417255,660.655701,644.266296,5.167864,60,657.173920,664.588684,648.184265,5.182673,60,7.176339,7.257308,7.078172,0.056595,60,1.109250,1.122701,1.093610,0.008620,60,6.985030,7.062409,6.887207,0.055245,60,0.957121,1.179693,0.808220,0.077642,60,-179.039395,-178.952759,-179.145493,0.047458,60,-0.018990,0.091949,-0.120632,0.044419,60,7.110574,7.243666,6.980085,0.053804,60,179.386186,179.555161,179.296814,0.048752,60,-0.114551,0.001987,-0.195670,0.047288,60,0.000000,4.150000,19.000000,0.000000,5.210241,60,1942.950000,3595.000000,22.000000,1221.940141,60,0.415000,1.900000,0.000000,0.521024,60,322.926826,92.700245,60,60,60,60,60,60,60,60,60,60,60,60,60,60,60,60,60,60,60,60,60,60,60,60,60,60,60,60,60,60,14.1280,14.26,13.97,92.04,117,24,31.08,6856693
2026-10-03 08:59:00,22.652526,22.706951,22.600138,0.023940,60,14.499657,14.576943,14.447242,0.025244,60,18.826276,18.907454,18.759441,0.027994,60,72.938333,74.400000,72.200000,0.622486,60,32.555027,32.610435,32.511635,0.024999,60,32.048644,32.095062,32.012283,0.018105,60,32.329076,32.364769,32.292671,0.019142,60,30.281667,30.300000,30.200000,0.039020,60,32.020378,32.059433,31.998093,0.014671,60,31.354595,31.371231,31.336624,0.008374,60,31.770184,31.798203,31.754410,0.009685,60,1002.700000,1002.700000,1002.700000,0.000041,60,1002.700000,1002.700000,1002.700000,0.000041,60,24.925000,25.100000,24.600000,0.132288,60,107.718780,109.022896,106.288727,0.883429,60,667.099603,674.081177,660.808350,4.212477,60,670.977736,678.038452,664.837402,4.203064,60,7.327077,7.404180,7.260025,0.045897,60,1.138587,1.152372,1.123472,0.009338,60,7.131294,7.205928,7.064041,0.045031,60,0.956981,1.128035,0.814245,0.069843,60,-179.051250,-178.924271,-179.185089,0.053809,60,-0.018193,0.091996,-0.107472,0.040301,60,7.110978,7.230615,6.973270,0.063180,60,179.390970,179.554169,179.270752,0.060756,60,-0.110253,0.002715,-0.208713,0.054409,60,0.000000,5.850000,17.000000,0.000000,4.594857,60,2142.400000,3483.000000,160.000000,641.047506,60,0.585000,1.700000,0.000000,0.459486,60,221.574659,58.179890,60,60,60,60,60,60,60,60,60,60,60,60,60,60,60,60,60,60,60,60,60,60,60,60,60,60,60,60,60,60,14.1170,14.25,13.97,97.97,118,81,31.61,6856727
2026-10-03 09:00:00,22.648839,22.711529,22.574198,0.025375,60,14.500394,14.579995,14.447242,0.028543,60,18.830828,18.912031,18.747234,0.028093,60,72.940000,73.700000,71.900000,0.462565,60,32.618580,32.669182,32.570381,0.022033,60,32.083491,32.124435,32.052338,0.014015,60,32.372468,32.404823,32.335396,0.017480,60,30.358333,30.400000,30.300000,0.049717,60,32.067327,32.088425,32.040756,0.010784,60,31.370381,31.387711,31.349045,0.010826,60,31.797754,31.818710,31.783920,0.007812,60,1002.700000,1002.700000,1002.700000,0.000041,60,1002.700000,1002.700000,1002.700000,0.000041,60,25.005000,25.100000,24.800000,0.098161,60,110.104436,111.169853,109.070244,0.607255,60,681.005768,686.986694,674.088074,3.765811,60,684.957907,690.953796,678.291199,3.750136,60,7.479740,7.545216,7.406940,0.040952,60,1.163804,1.175065,1.152872,0.006419,60,7.279951,7.343887,7.206001,0.040257,60,0.951713,1.128760,0.807364,0.061253,60,-179.043719,-178.926056,-179.169937,0.051648,60,-0.014654,0.092091,-0.121298,0.044590,60,7.109691,7.273767,6.993609,0.055710,60,179.372341,179.554855,179.258102,0.058848,60,-0.109803,0.041801,-0.208550,0.051249,60,0.000000,3.283333,11.000000,0.000000,2.307627,60,2018.800000,3587.000000,14.000000,1131.882095,60,0.328333,1.100000,0.000000,0.230763,60,274.895761,77.712556,60,60,60,60,60,60,60,60,60,60,60,60,60,60,60,60,60,60,60,60,60,60,60,60,60,60,60,60,60,60,14.1311,14.24,14.02,84.31,88,82,31.99,6856761
2026-10-03 09:01:00,22.660563,22.728313,22.604715,0.027959,60,14.511838,14.566262,14.448768,0.028998,60,18.835330,18.912031,18.779278,0.028212,60,72.853333,74.000000,71.800000,0.641362,60,32.673543,32.738609,32.626457,0.022243,60,32.111663,32.137787,32.081711,0.014807,60,32.412345,32.447548,32.378120,0.017358,60,30.518333,30.700000,30.400000,0.081286,60,32.131035,32.198715,32.075363,0.033595,60,31.395572,31.427383,31.366104,0.015280,60,31.842330,31.897141,31.788315,0.028845,60,1002.700000,1002.700000,1002.700000,0.000041,60,1002.700000,1002.700000,1002.700000,0.000041,60,25.151667,25.600000,24.800000,0.233247,60,111.463929,111.748390,111.107430,0.207204,60,689.603825,690.763977,687.199097,0.958163,60,693.716177,694.842773,691.316345,0.932811,60,7.575381,7.587683,7.549174,0.010186,60,1.178174,1.181180,1.174406,0.002190,60,7.371865,7.384266,7.346158,0.010243,60,0.938743,1.060771,0.811368,0.055270,60,-179.052412,-178.924271,-179.169937,0.049192,60,-0.012637,0.091965,-0.080887,0.035948,60,7.093421,7.240582,6.943668,0.062791,60,179.383158,179.473907,179.228577,0.059451,60,-0.125210,0.002260,-0.300804,0.051348,60,0.000000,5.516667,14.000000,1.000000,3.191576,60,1956.433333,3149.000000,1402.000000,315.763179,60,0.551667,1.400000,0.100000,0.319158,60,192.703953,29.415464,60,60,60,60,60,60,60,60,60,60,60,60,60,60,60,60,60,60,60,60,60,60,60,60,60,60,60,60,60,60,14.1192,14.24,14.01,83.65,86,81,32.02,6856794
2026-10-03 09:02:00,22.668497,22.732891,22.551308,0.028901,60,14.520765,14.566262,14.448768,0.023074,60,18.854149,18.901350,18.782330,0.031215,60,73.093333,74.000000,72.000000,0.551690,60,32.746980,32.794693,32.682533,0.028316,60,32.154966,32.223236,32.124435,0.020930,60,32.467041,32.506294,32.420845,0.024406,60,30.750000,30.800000,30.600000,0.053678,60,32.257179,32.327377,32.193802,0.039852,60,31.476986,31.538315,31.426743,0.033470,60,31.949196,32.012283,31.886246,0.036548,60,1002.700000,1002.700000,1002.700000,0.000041,60,1002.700000,1002.700000,1002.700000,0.000041,60,25.455000,25.600000,25.300000,0.098161,60,110.990113,111.442429,110.634094,0.235362,60,691.365103,694.404480,690.566772,0.866024,60,695.534323,698.434753,694.727478,0.903684,60,7.595235,7.626908,7.586424,0.009868,60,1.173165,1.177946,1.169402,0.002488,60,7.390693,7.423183,7.382158,0.009258,60,0.932053,1.101980,0.783650,0.068042,60,-179.067244,-178.953506,-179.170914,0.050643,60,-0.003071,0.065575,-0.054302,0.035661,60,7.125543,7.247655,7.009122,0.055055,60,179.378939,179.541138,179.188690,0.067292,60,-0.124842,0.002260,-0.235338,0.049652,60,0.000000,3.816667,10.000000,0.000000,2.382789,60,2019.833333,2804.000000,442.000000,477.455231,60,0.381667,1.000000,0.000000,0.238279,60,205.392531,45.844653,60,60,60,60,60,60,60,60,60,60,60,60,60,60,60,60,60,60,60,60,60,60,60,60,60,60,60,60,60,60,14.1173,14.24,14.01,83.79,87,82,32.14,6856828
2026-10-03 09:03:00,22.667404,22.737469,22.613871,0.028675,60,14.520841,14.618143,14.470131,0.028096,60,18.854709,18.934919,18.786907,0.027281,60,69.958333,72.400000,69.000000,0.852969,60,32.837195,32.893494,32.794693,0.026399,60,32.222213,32.263298,32.180511,0.023228,60,32.547461,32.618446,32.492943,0.028115,60,30.800000,30.800000,30.800000,0.000001,60,32.359861,32.399796,32.320389,0.022902,60,31.579484,31.615219,31.525558,0.022108,60,32.042026,32.086868,31.999741,0.022169,60,1002.700000,1002.700000,1002.700000,0.000041,60,1002.700000,1002.700000,1002.700000,0.000041,60,24.800000,25.300000,24.600000,0.213922,60,112.362008,112.996666,111.494110,0.455995,60,696.031769,697.522400,693.840759,0.851667,60,700.338470,701.739502,698.369751,0.800284,60,7.647696,7.662996,7.626198,0.008739,60,1.187666,1.194375,1.178493,0.004820,60,7.440579,7.456514,7.417158,0.009104,60,0.941387,1.103764,0.754063,0.076662,60,-179.069930,-178.898849,-179.183746,0.057926,60,-0.016992,0.065398,-0.106841,0.038817,60,7.118804,7.233709,6.988756,0.053279,60,179.379028,179.703201,178.759460,0.140479,60,-0.141147,0.253433,-0.933571,0.165029,60,0.000000,11.216667,29.000000,0.000000,7.874205,60,1936.950000,3568.000000,132.000000,585.347859,60,1.121667,2.900000,0.000000,0.787421,60,201.896326,49.328526,60,60,60,60,60,60,60,60,60,60,60,60,60,60,60,60,60,60,60,60,60,60,60,60,60,60,60,60,60,60,14.1208,14.24,14.02,83.62,85,82,32.48,6856864
2026-10-03 09:04:00,22.653696,22.728313,22.577250,0.028361,60,14.521274,14.621195,14.456397,0.031251,60,18.844384,18.907454,18.773174,0.029135,60,70.228333,71.200000,69.200000,0.517193,60,32.924246,32.965591,32.880142,0.020861,60,32.284882,32.319374,32.236588,0.019403,60,32.621784,32.661171,32.578392,0.021908,60,30.731667,30.800000,30.600000,0.067627,60,32.393055,32.414108,32.370071,0.010351,60,31.613481,31.630814,31.598648,0.006538,60,32.083570,32.100082,32.073593,0.005435,60,1002.700000,1002.700000,1002.700000,0.000041,60,1002.700000,1002.700000,1002.700000,0.000041,60,24.748333,25.100000,24.600000,0.177068,60,113.405632,114.409615,112.976318,0.462433,60,696.318579,701.484070,693.963867,2.285881,60,700.774877,705.649048,698.651917,2.148341,60,7.652462,7.705688,7.629279,0.023460,60,1.198697,1.209310,1.194160,0.004888,60,7.443645,7.498864,7.418473,0.024436,60,0.929634,1.101980,0.701512,0.089443,60,-179.032785,-178.923508,-179.169540,0.055682,60,-0.011985,0.092091,-0.107535,0.042073,60,7.099341,7.236591,6.971786,0.062342,60,179.396299,179.541031,179.230011,0.064250,60,-0.115306,0.080684,-0.300955,0.070674,60,0.000000,26.500000,35.000000,20.000000,3.820107,60,2179.250000,2332.000000,2097.000000,47.794271,60,2.650000,3.500000,2.000000,0.382011,60,217.920574,4.736292,60,60,60,60,60,60,60,60,60,60,60,60,60,60,60,60,60,60,60,60,60,60,60,60,60,60,60,60,60,60,14.1199,14.26,14.01,83.78,86,81,32.90,6856898
2026-10-03 09:05:00,22.647720,22.729839,22.590982,0.029861,60,14.511304,14.572366,14.439612,0.029008,60,18.840950,18.910505,18.793011,0.026022,60,69.741667,70.400000,69.300000,0.364199,60,32.967550,33.008316,32.938889,0.016238,60,32.318039,32.362099,32.263298,0.016332,60,32.660281,32.690544,32.618446,0.011765,60,30.600000,30.600000,30.600000,0.000002,60,32.367058,32.382339,32.349594,0.008123,60,31.598622,31.619431,31.577408,0.008881,60,32.067074,32.101791,32.048203,0.009750,60,1002.700000,1002.700000,1002.700000,0.000041,60,1002.700000,1002.700000,1002.700000,0.000041,60,24.410000,24.600000,24.300000,0.110008,60,115.237746,115.610802,114.443451,0.364334,60,705.747040,708.264465,701.627686,2.073377,60,709.904459,712.157288,705.726196,1.979710,60,7.752157,7.776757,7.706530,0.021618,60,1.218063,1.222006,1.209667,0.003851,60,7.544436,7.571347,7.500400,0.022164,60,0.937672,1.099136,0.807649,0.066838,60,-179.037598,-178.898849,-179.185272,0.055969,60,-0.015733,0.091949,-0.120035,0.036354,60,7.087522,7.220674,6.926729,0.065753,60,179.386516,179.554565,179.230011,0.064170,60,-0.133333,0.080684,-0.366822,0.074136,60,0.000000,20.966667,27.000000,13.000000,3.961538,60,2036.266667,2295.000000,1829.000000,136.934584,60,2.096667,2.700000,1.300000,0.396154,60,203.587540,13.579756,60,60,60,60,60,60,60,60,60,60,60,60,60,60,60,60,60,60,60,60,60,60,60,60,60,60,60,60,60,60,14.0696,14.20,13.95,106.95,113,87,32.99,6856931
2026-10-03 09:06:00,22.669209,22.716106,22.592508,0.026456,60,14.517306,14.589150,14.424354,0.032945,60,18.853285,18.928816,18.796062,0.025659,60,69.153333,69.500000,68.600000,0.204580,60,32.995677,33.024338,32.952240,0.015429,60,32.333927,32.362099,32.292671,0.014563,60,32.681777,32.703896,32.661171,0.013819,60,30.593333,30.600000,30.500000,0.025155,60,32.378659,32.418961,32.355820,0.015329,60,31.584976,31.603928,31.566208,0.007192,60,32.071084,32.091995,32.046921,0.011541,60,1002.700000,1002.700000,1002.700000,0.000041,60,1002.700000,1002.700000,1002.700000,0.000041,60,24.290000,24.300000,24.100000,0.043957,60,115.620595,115.848839,115.418030,0.109118,60,708.527207,709.326538,707.611877,0.418886,60,712.842485,713.630676,711.846313,0.481509,60,7.784240,7.792847,7.773362,0.005258,60,1.222110,1.224522,1.219969,0.001153,60,7.574156,7.582701,7.564371,0.004478,60,0.935012,1.072756,0.808791,0.051358,60,-179.039483,-178.925034,-179.117325,0.053881,60,-0.025234,0.065443,-0.107156,0.038102,60,7.074853,7.182362,6.973272,0.053505,60,179.374151,179.513214,179.215759,0.057931,60,-0.120617,0.002078,-0.261299,0.050004,60,0.000000,12.700000,20.000000,3.000000,3.632714,60,2218.366667,2961.000000,1963.000000,197.658923,60,1.270000,2.000000,0.300000,0.363271,60,221.128104,19.139784,60,60,60,60,60,60,60,60,60,60,60,60,60,60,60,60,60,60,60,60,60,60,60,60,60,60,60,60,60,60,14.0633,14.20,13.97,109.56,113,91,33.02,6856965
2026-10-03 09:07:00,22.684901,22.748150,22.610819,0.025880,60,14.527988,14.590676,14.474709,0.027858,60,18.864729,18.928816,18.811321,0.027604,60,70.113333,71.300000,69.100000,0.763459,60,33.023181,33.064392,32.994965,0.017979,60,32.349103,32.391472,32.319374,0.014932,60,32.710304,32.746620,32.674522,0.015948,60,30.600000,30.600000,30.600000,0.000002,60,32.450542,32.476944,32.408157,0.018274,60,31.613407,31.643814,31.586349,0.016053,60,32.136204,32.170578,32.090378,0.023444,60,1002.700000,1002.700000,1002.700000,0.000041,60,1002.700000,1002.700000,1002.700000,0.000041,60,24.521667,24.800000,24.300000,0.212405,60,115.756994,116.408157,115.286316,0.368725,60,711.178578,713.676392,708.942322,1.627923,60,715.948835,718.365723,713.532654,1.689012,60,7.818161,7.844553,7.791776,0.018444,60,1.223551,1.230434,1.218576,0.003897,60,7.602499,7.629200,7.578593,0.017402,60,0.938971,1.128760,0.715975,0.081151,60,-179.044007,-178.928848,-179.184128,0.052922,60,-0.022784,0.052367,-0.108043,0.041106,60,7.107057,7.273767,6.950562,0.058169,60,179.373550,179.622009,179.108322,0.085880,60,-0.118025,0.082441,-0.445921,0.087243,60,0.000000,14.566667,26.000000,0.000000,7.207263,60,2169.633333,2453.000000,1634.000000,149.934784,60,1.456667,2.600000,0.000000,0.720726,60,217.101630,14.745117,60,60,60,60,60,60,60,60,60,60,60,60,60,60,60,60,60,60,60,60,60,60,60,60,60,60,60,60,60,60,14.0625,14.18,13.95,110.30,114,93,33.19,6856999
2026-10-03 09:08:00,22.690700,22.769512,22.627604,0.026538,60,14.533506,14.590676,14.476234,0.028236,60,18.868569,18.930342,18.811321,0.027500,60,70.908333,71.900000,70.000000,0.513971,60,33.062834,33.093765,33.024338,0.015487,60,32.374560,32.404823,32.348747,0.012742,60,32.750139,32.802704,32.703896,0.018030,60,30.583333,30.600000,30.500000,0.037582,60,32.491380,32.519547,32.471603,0.011520,60,31.652055,31.674973,31.629990,0.011221,60,32.183741,32.208237,32.162643,0.012722,60,1002.700000,1002.700000,1002.700000,0.000041,60,1002.700000,1002.700000,1002.700000,0.000041,60,24.703333,25.000000,24.400000,0.154005,60,116.570284,116.903915,116.334984,0.162713,60,714.836815,716.710449,713.677734,0.760710,60,719.507866,721.553833,718.254578,0.839553,60,7.857026,7.879368,7.843340,0.009168,60,1.232148,1.235674,1.229661,0.001720,60,7.641605,7.661634,7.629215,0.008132,60,0.937155,1.128760,0.712299,0.089467,60,-179.038454,-178.897552,-179.211716,0.068768,60,-0.018613,0.065443,-0.120831,0.042210,60,7.113269,7.253648,6.969409,0.063982,60,179.368434,179.594772,179.108322,0.101392,60,-0.126306,0.145617,-0.340442,0.099873,60,0.000000,17.650000,22.000000,13.000000,2.246089,60,2295.716667,2616.000000,2099.000000,144.338948,60,1.765000,2.200000,1.300000,0.224609,60,229.496516,14.314754,60,60,60,60,60,60,60,60,60,60,60,60,60,60,60,60,60,60,60,60,60,60,60,60,60,60,60,60,60,60,14.0552,14.19,13.96,107.90,115,95,33.70,6857033
2026-10-03 09:09:00,22.692353,22.738995,22.632181,0.023521,60,14.539177,14.608988,14.493019,0.027053,60,18.875207,18.948654,18.815901,0.025671,60,70.575000,71.200000,70.100000,0.341792,60,33.096080,33.123138,33.064392,0.014005,60,32.399216,32.431526,32.362099,0.014465,60,32.786949,32.829407,32.759979,0.015490,60,30.486667,30.500000,30.400000,0.034280,60,32.498106,32.512833,32.477005,0.006873,60,31.676697,31.691208,31.657974,0.007488,60,32.214444,32.228928,32.198257,0.008297,60,1002.700000,1002.700000,1002.700000,0.000041,60,1002.700000,1002.700000,1002.700000,0.000041,60,24.600000,24.800000,24.400000,0.142615,60,117.353241,117.591515,116.910080,0.229333,60,718.026347,719.176086,716.488098,0.808799,60,723.029643,724.207031,721.430115,0.724000,60,7.895484,7.908341,7.878017,0.007906,60,1.240424,1.242942,1.235739,0.002424,60,7.675701,7.687992,7.659257,0.008646,60,0.936093,1.285020,0.636656,0.132386,60,-179.043312,-178.923508,-179.186600,0.060879,60,-0.011946,0.092123,-0.120632,0.041869,60,7.099219,7.224404,6.989740,0.057524,60,179.372749,179.650665,179.158859,0.109453,60,-0.135180,0.107470,-0.591131,0.125378,60,0.000000,17.866667,26.000000,10.000000,3.855292,60,2277.783333,2488.000000,2018.000000,138.025433,60,1.786667,2.600000,1.000000,0.385529,60,227.779559,13.695790,60,60,60,60,60,60,60,60,60,60,60,60,60,60,60,60,60,60,60,60,60,60,60,60,60,60,60,60,60,60,14.0139,14.14,13.90,109.78,115,92,33.98,6857067
2026-10-03 09:10:00,22.703263,22.769512,22.600138,0.030337,60,14.538821,14.593728,14.476234,0.025374,60,18.887007,18.951706,18.850996,0.025347,60,71.193333,71.700000,70.300000,0.360727,60,33.114994,33.149841,33.093765,0.014270,60,32.420133,32.447548,32.391472,0.013246,60,32.818726,32.858780,32.773331,0.017319,60,30.401667,30.500000,30.400000,0.012910,60,32.501262,32.519241,32.481277,0.007187,60,31.687072,31.698990,31.669052,0.006437,60,32.239024,32.261154,32.222305,0.008894,60,1002.700000,1002.700000,1002.700000,0.000041,60,1002.700000,1002.700000,1002.700000,0.000041,60,24.643333,25.000000,24.400000,0.133234,60,117.385354,117.870705,115.804474,0.520167,60,716.677144,720.033997,706.026306,3.864080,60,721.736659,725.239685,711.148743,3.781802,60,7.881364,7.919617,7.765744,0.041297,60,1.240763,1.245893,1.224053,0.005498,60,7.661278,7.697163,7.547421,0.041307,60,0.933346,1.246523,0.704377,0.086467,60,-179.031831,-178.886047,-179.170120,0.056375,60,-0.022350,0.092123,-0.107536,0.037458,60,7.101067,7.198235,6.987291,0.050358,60,179.389257,179.553864,179.160431,0.079300,60,-0.125915,0.081891,-0.300936,0.070862,60,0.000000,18.666667,24.000000,13.000000,2.879893,60,2228.233333,2387.000000,2084.000000,55.474033,60,1.866667,2.400000,1.300000,0.287989,60,222.817931,5.494619,60,60,60,60,60,60,60,60,60,60,60,60,60,60,60,60,60,60,60,60,60,60,60,60,60,60,60,60,60,60,14.0153,14.15,13.90,110.88,114,97,34.00,6857101
2026-10-03 09:11:00,22.714835,22.803082,22.664225,0.026175,60,14.536965,14.576943,14.493019,0.023961,60,18.883268,18.966965,18.818953,0.033937,60,69.953333,71.000000,69.200000,0.490751,60,33.128167,33.163193,33.107117,0.013661,60,32.434241,32.460899,32.404823,0.014202,60,32.846185,32.885483,32.816055,0.014660,60,30.308333,30.400000,30.300000,0.027872,60,32.497686,32.515945,32.474991,0.009149,60,31.687518,31.709549,31.677048,0.006562,60,32.240056,32.261795,32.221725,0.009050,60,1002.700000,1002.700000,1002.700000,0.000041,60,1002.700000,1002.700000,1002.700000,0.000041,60,24.230000,24.600000,23.900000,0.211772,60,113.598486,117.133942,110.685532,2.139961,60,693.682099,714.339355,677.159180,12.138975,60,698.422261,718.661621,681.903992,12.040987,60,7.626771,7.847785,7.446392,0.131488,60,1.200736,1.238106,1.169946,0.022619,60,7.415461,7.636287,7.238831,0.129766,60,0.938383,1.164103,0.752975,0.079105,60,-179.032640,-178.863159,-179.141678,0.058928,60,-0.022785,0.065663,-0.120300,0.041409,60,7.089822,7.188307,6.954413,0.060725,60,179.381154,179.595932,179.186417,0.082662,60,-0.123954,0.054464,-0.261214,0.070930,60,0.000000,14.850000,24.000000,7.000000,4.874093,60,2172.683333,2227.000000,2022.000000,40.908120,60,1.485000,2.400000,0.700000,0.487409,60,217.273447,4.052504,60,60,60,60,60,60,60,60,60,60,60,60,60,60,60,60,60,60,60,60,60,60,60,60,60,60,60,60,60,60,14.0205,14.14,13.88,108.24,114,95,34.03,6857135
2026-10-03 09:12:00,22.732433,22.774090,22.693218,0.020467,60,14.547061,14.608988,14.476234,0.027855,60,18.891813,18.953232,18.818953,0.028845,60,70.541667,71.500000,69.200000,0.821592,60,33.152957,33.179214,33.123138,0.013000,60,32.442074,32.476921,32.418175,0.013205,60,32.867859,32.914856,32.829407,0.015486,60,30.296667,30.300000,30.200000,0.018102,60,32.550168,32.600510,32.518204,0.021973,60,31.695421,31.720139,31.677597,0.009943,60,32.279267,32.323990,32.239212,0.020653,60,1002.700000,1002.700000,1002.700000,0.000041,60,1002.700000,1002.700000,1002.700000,0.000041,60,24.381667,24.600000,23.900000,0.288474,60,118.118598,118.456551,117.235474,0.253448,60,718.853961,722.424805,646.343628,9.653452,60,724.991143,727.421936,719.156250,1.758019,60,7.916903,7.943448,7.853186,0.019198,60,1.248514,1.252086,1.239179,0.002679,60,7.684549,7.722721,6.909413,0.103195,60,0.942596,1.291836,0.751889,0.098611,60,-179.028559,-178.703491,-179.215256,0.076928,60,-0.038891,0.091902,-0.263431,0.058796,60,7.095025,7.312928,6.965987,0.069549,60,173.382915,179.946823,-179.774704,46.365586,60,-0.147099,0.389970,-1.047424,0.186383,60,0.000000,11.300000,19.000000,5.000000,2.781903,60,2521.550000,3076.000000,2171.000000,251.951060,60,1.130000,1.900000,0.500000,0.278190,60,251.585354,25.002427,60,60,60,60,60,60,60,60,60,60,60,60,60,60,60,60,60,60,60,60,60,60,60,60,60,60,60,60,60,60,14.0189,14.17,13.91,109.81,114,91,34.18,6857169
2026-10-03 09:13:00,22.736197,22.803082,22.682535,0.029345,60,14.551639,14.612040,14.494545,0.026837,60,18.901706,18.956284,18.852522,0.026660,60,71.473333,72.200000,70.900000,0.427792,60,33.178369,33.205917,33.149841,0.013788,60,32.461300,32.492943,32.431526,0.015358,60,32.903062,32.928207,32.858780,0.016905,60,30.300000,30.300000,30.300000,0.000001,60,32.591993,32.605728,32.573990,0.006540,60,31.724074,31.741776,31.698959,0.010212,60,32.335105,32.361618,32.300400,0.012695,60,1002.695000,1002.700000,1002.600000,0.021978,60,1002.695000,1002.700000,1002.600000,0.021978,60,24.676667,24.800000,24.600000,0.098060,60,117.225303,118.322090,114.828751,0.989712,60,714.712680,722.707458,699.155701,6.998336,60,720.222758,727.924988,705.011108,6.842602,60,7.864833,7.948941,7.698721,0.074721,60,1.239071,1.250664,1.213740,0.010461,60,7.640278,7.725743,7.473974,0.074812,60,0.936420,1.071363,0.782811,0.069627,60,-179.069836,-178.923508,-179.213928,0.054675,60,-0.012257,0.066014,-0.120300,0.044205,60,7.123453,7.259646,7.001358,0.062940,60,179.376104,179.580963,179.222763,0.062594,60,-0.142118,0.041300,-0.340573,0.061716,60,0.000000,17.133333,27.000000,8.000000,4.545315,60,2615.383333,2854.000000,2285.000000,114.319815,60,1.713333,2.700000,0.800000,0.454531,60,261.538319,11.308458,60,60,60,60,60,60,60,60,60,60,60,60,60,60,60,60,60,60,60,60,60,60,60,60,60,60,60,60,60,60,14.0148,14.14,13.90,110.80,114,92,34.53,6857203
2026-10-03 09:14:00,22.740063,22.806133,22.665751,0.026055,60,14.557819,14.612040,14.494545,0.027790,60,18.905775,18.956284,18.838789,0.025462,60,70.491667,71.800000,69.600000,0.700192,60,33.194213,33.219269,33.163193,0.014502,60,32.474696,32.506294,32.431526,0.014701,60,32.936396,32.986954,32.898834,0.016780,60,30.300000,30.300000,30.300000,0.000001,60,32.581913,32.597641,32.555069,0.007432,60,31.734112,31.753006,31.712692,0.009428,60,32.358369,32.382004,32.335648,0.008602,60,1002.700000,1002.700000,1002.700000,0.000041,60,1002.700000,1002.700000,1002.700000,0.000041,60,24.450000,24.800000,24.300000,0.156768,60,111.791853,114.653831,109.627045,1.507509,60,682.439258,698.395508,670.119568,8.311600,60,688.079534,704.334717,675.735840,8.416908,60,7.513829,7.691336,7.379035,0.091913,60,1.181640,1.211891,1.158758,0.015934,60,7.295275,7.465847,7.163578,0.088851,60,0.916968,1.032652,0.782251,0.061989,60,-179.047621,-178.897812,-179.171677,0.061689,60,-0.012363,0.065553,-0.120035,0.035771,60,7.098806,7.236591,6.969852,0.058340,60,179.389183,179.540329,179.297775,0.049977,60,-0.130552,-0.024101,-0.261214,0.056033,60,0.000000,12.050000,16.000000,7.000000,1.899375,60,2615.800000,2977.000000,2293.000000,153.010778,60,1.205000,1.600000,0.700000,0.189938,60,261.558467,15.133117,60,60,60,60,60,60,60,60,60,60,60,60,60,60,60,60,60,60,60,60,60,60,60,60,60,60,60,60,60,60,14.0240,14.17,13.92,108.44,116,94,34.86,6857237
2026-10-03 09:15:00,22.750668,22.821394,22.697796,0.029343,60,14.566949,14.645609,14.511330,0.026946,60,18.912260,18.989853,18.855574,0.029950,60,69.943333,70.600000,69.200000,0.350480,60,33.205339,33.235291,33.179214,0.011862,60,32.492854,32.519646,32.460899,0.012212,60,32.966348,33.000305,32.928207,0.016210,60,30.281667,30.300000,30.200000,0.039020,60,32.587727,32.605392,32.559464,0.008766,60,31.751967,31.764328,31.737534,0.006531,60,32.382845,32.396194,32.368576,0.007394,60,1002.691667,1002.700000,1002.600000,0.027872,60,1002.691667,1002.700000,1002.600000,0.027872,60,24.225000,24.400000,23.900000,0.145701,60,112.462914,113.762711,110.682335,0.745469,60,685.028527,691.947632,676.379517,3.895403,60,690.535106,697.554199,681.574707,4.013998,60,7.540643,7.617292,7.442796,0.043833,60,1.188733,1.202472,1.169912,0.007880,60,7.322955,7.396920,7.230496,0.041642,60,0.940032,1.073454,0.809649,0.056003,60,-179.046171,-178.952271,-179.184509,0.047507,60,-0.023183,0.065443,-0.120234,0.042281,60,7.093981,7.282815,6.954413,0.062434,60,179.391359,179.487061,179.258606,0.053599,60,-0.144192,-0.050619,-0.274687,0.052460,60,0.000000,15.900000,23.000000,9.000000,3.462633,60,2551.650000,2874.000000,2239.000000,171.703215,60,1.590000,2.300000,0.900000,0.346263,60,255.090257,17.028293,60,60,60,60,60,60,60,60,60,60,60,60,60,60,60,60,60,60,60,60,60,60,60,60,60,60,60,60,60,60,14.0160,14.15,13.91,109.67,114,93,35.00,6857271
2026-10-03 09:16:00,22.766130,22.819868,22.714581,0.024996,60,14.560388,14.627298,14.497597,0.024780,60,18.916660,18.976120,18.860151,0.028803,60,68.893333,70.000000,68.100000,0.486728,60,33.212059,33.262001,33.192566,0.015896,60,32.500509,32.519646,32.476921,0.012034,60,32.990336,33.016327,32.960251,0.013597,60,30.200000,30.200000,30.200000,0.000000,60,32.575237,32.589401,32.558487,0.006997,60,31.753907,31.769730,31.732407,0.007555,60,32.391511,32.408859,32.369370,0.009601,60,1002.700000,1002.700000,1002.700000,0.000041,60,1002.700000,1002.700000,1002.700000,0.000041,60,23.856667,24.100000,23.600000,0.112546,60,114.085409,115.307343,112.943398,0.837609,60,693.642187,701.150879,687.414612,4.962000,60,699.082614,706.556702,693.004578,4.920435,60,7.633982,7.715599,7.567610,0.053731,60,1.205883,1.218799,1.193812,0.008854,60,7.415035,7.495303,7.348462,0.053044,60,0.933176,1.098073,0.822200,0.052557,60,-179.042304,-178.951523,-179.143707,0.045533,60,-0.013032,0.065575,-0.080603,0.033899,60,7.082109,7.208482,6.956341,0.061653,60,179.382718,179.541138,179.257217,0.056678,60,-0.126386,-0.050619,-0.208754,0.044393,60,0.000000,13.350000,18.000000,5.000000,2.609143,60,2474.733333,2652.000000,1838.000000,126.534094,60,1.335000,1.800000,0.500000,0.260914,60,247.775657,12.203222,60,60,60,60,60,60,60,60,60,60,60,60,60,60,60,60,60,60,60,60,60,60,60,60,60,60,60,60,60,60,14.0139,14.15,13.92,110.98,114,96,35.00,6857305
2026-10-03 09:17:00,22.774293,22.851912,22.700848,0.035171,60,14.565525,14.645609,14.497597,0.030216,60,18.925917,18.976120,18.875410,0.028156,60,70.563333,71.300000,69.700000,0.468668,60,33.225856,33.262001,33.192566,0.013962,60,32.512925,32.562370,32.476921,0.015980,60,33.013568,33.029678,32.986954,0.010183,60,30.298333,30.300000,30.200000,0.012910,60,32.599963,32.623154,32.568527,0.014387,60,31.755929,31.767685,31.742172,0.006356,60,32.413964,32.439621,32.382187,0.013627,60,1002.700000,1002.700000,1002.700000,0.000041,60,1002.700000,1002.700000,1002.700000,0.000041,60,24.385000,24.600000,24.100000,0.172543,60,116.139771,117.445168,115.228912,0.697886,60,704.771049,711.922058,700.012695,3.814074,60,710.086228,717.230408,705.209351,3.797074,60,7.754142,7.832156,7.700886,0.041464,60,1.227597,1.241395,1.217970,0.007377,60,7.534002,7.610447,7.483136,0.040772,60,0.936456,1.075550,0.784210,0.056986,60,-179.034328,-178.925552,-179.143890,0.054673,60,-0.016300,0.131840,-0.120632,0.044545,60,7.088966,7.236591,6.943668,0.067778,60,179.388906,179.486725,179.254974,0.055963,60,-0.141156,0.001806,-0.235441,0.049532,60,0.000000,15.383333,21.000000,4.000000,4.282767,60,2406.700000,2601.000000,2097.000000,116.750683,60,1.538333,2.100000,0.400000,0.428277,60,240.734083,11.556914,60,60,60,60,60,60,60,60,60,60,60,60,60,60,60,60,60,60,60,60,60,60,60,60,60,60,60,60,60,60,14.0183,14.14,13.91,108.58,115,95,35.02,6857339
2026-10-03 09:18:00,22.769283,22.821394,22.700848,0.026156,60,14.572671,14.630350,14.512856,0.025170,60,18.926095,18.994431,18.875410,0.030375,60,71.425000,72.400000,70.300000,0.714884,60,33.242857,33.278023,33.205917,0.012537,60,32.512970,32.532997,32.492943,0.009985,60,33.037200,33.056381,33.000305,0.012510,60,30.293333,30.300000,30.200000,0.025155,60,32.621254,32.639816,32.606766,0.007812,60,31.757561,31.774796,31.740341,0.006759,60,32.436129,32.458206,32.416550,0.008142,60,1002.698333,1002.700000,1002.600000,0.012910,60,1002.698333,1002.700000,1002.600000,0.012910,60,24.551667,24.800000,24.300000,0.207071,60,116.233004,118.931496,114.413506,1.436966,60,705.283099,720.183472,694.988281,8.703966,60,710.704594,725.637512,700.490051,8.578713,60,7.760894,7.923962,7.649352,0.093680,60,1.228583,1.257106,1.209351,0.015189,60,7.539476,7.698761,7.429424,0.093045,60,0.926237,1.101269,0.782811,0.063160,60,-179.043065,-178.883926,-179.142899,0.055660,60,-0.014155,0.091965,-0.120234,0.039917,60,7.090851,7.282815,6.926729,0.055430,60,179.374140,179.472946,179.257751,0.052028,60,-0.147421,-0.063191,-0.261581,0.044934,60,0.000000,15.416667,23.000000,3.000000,3.618651,60,2281.833333,2656.000000,1940.000000,194.951638,60,1.541667,2.300000,0.300000,0.361865,60,228.125571,19.364406,60,60,60,60,60,60,60,60,60,60,60,60,60,60,60,60,60,60,60,60,60,60,60,60,60,60,60,60,60,60,14.0158,14.17,13.92,109.50,115,93,35.13,6857372
2026-10-03 09:19:00,22.782559,22.842756,22.719158,0.027121,60,14.575850,14.630350,14.497597,0.030922,60,18.931283,18.979172,18.861677,0.025271,60,72.183333,72.800000,70.700000,0.522435,60,33.265515,33.291374,33.235291,0.015334,60,32.519957,32.549019,32.492943,0.011872,60,33.057316,33.099106,33.029678,0.016430,60,30.361667,30.400000,30.300000,0.049030,60,32.667891,32.696793,32.633743,0.017979,60,31.770378,31.788956,31.748825,0.009041,60,32.472597,32.502792,32.442551,0.014479,60,1002.700000,1002.700000,1002.700000,0.000041,60,1002.700000,1002.700000,1002.700000,0.000041,60,24.840000,25.000000,24.400000,0.155356,60,120.598273,121.823914,118.975166,0.862013,60,730.815246,737.615906,721.176697,4.937793,60,736.156626,743.301880,726.329102,5.131076,60,8.038830,8.116857,7.931514,0.056031,60,1.274724,1.287679,1.257568,0.009111,60,7.812415,7.885114,7.709378,0.052785,60,0.910935,1.036731,0.740666,0.062768,60,-179.039611,-178.898315,-179.143707,0.051310,60,-0.014140,0.092028,-0.160414,0.047773,60,7.078857,7.194599,6.932501,0.060609,60,179.370258,179.486481,179.256180,0.056126,60,-0.138006,-0.024609,-0.208876,0.045254,60,0.000000,18.583333,28.000000,9.000000,4.680619,60,2258.650000,2514.000000,1967.000000,130.827720,60,1.858333,2.800000,0.900000,0.468062,60,225.864446,12.960514,60,60,60,60,60,60,60,60,60,60,60,60,60,60,60,60,60,60,60,60,60,60,60,60,60,60,60,60,60,60,14.0119,14.15,13.90,111.06,115,96,35.31,6857406
2026-10-03 09:20:00,22.779685,22.825972,22.720684,0.024621,60,14.579792,14.630350,14.512856,0.025529,60,18.924747,18.980698,18.861677,0.026565,60,69.871667,70.600000,69.300000,0.300898,60,33.290128,33.318077,33.262001,0.012413,60,32.530460,32.562370,32.506294,0.013987,60,33.083173,33.112457,33.056381,0.011435,60,30.318333,30.400000,30.300000,0.039020,60,32.674662,32.706894,32.652542,0.011403,60,31.772985,31.790939,31.752029,0.009629,60,32.473421,32.496628,32.446823,0.010718,60,1002.693333,1002.700000,1002.600000,0.025155,60,1002.693333,1002.700000,1002.600000,0.025155,60,24.265000,24.400000,23.900000,0.110200,60,118.342684,120.991096,117.033112,1.038225,60,715.001907,731.276794,706.131958,6.459539,60,720.847264,737.465149,712.713379,6.563462,60,7.871652,8.053120,7.782830,0.071673,60,1.250882,1.278876,1.237040,0.010974,60,7.643370,7.817348,7.548550,0.069052,60,0.909912,1.031636,0.716503,0.070608,60,-179.035591,-178.885254,-179.142899,0.053479,60,-0.017160,0.091870,-0.120433,0.047636,60,7.087962,7.247657,6.932501,0.068620,60,179.380883,179.513977,179.296310,0.058884,60,-0.135879,-0.024101,-0.261525,0.050551,60,0.000000,22.666667,30.000000,13.000000,3.803062,60,2378.333333,2591.000000,2126.000000,102.973201,60,2.266667,3.000000,1.300000,0.380306,60,237.824039,10.197910,60,60,60,60,60,60,60,60,60,60,60,60,60,60,60,60,60,60,60,60,60,60,60,60,60,60,60,60,60,60,14.0160,14.14,13.92,108.74,115,95,35.75,6857440
2026-10-03 09:21:00,22.785509,22.842756,22.691692,0.027504,60,14.577910,14.645609,14.529640,0.027279,60,18.926935,18.980698,18.846418,0.027888,60,68.488333,69.400000,68.000000,0.407594,60,33.289728,33.304726,33.262001,0.012262,60,32.530994,32.562370,32.506294,0.013425,60,33.085532,33.128479,33.056381,0.013583,60,30.213333,30.300000,30.200000,0.034280,60,32.624720,32.654922,32.601822,0.014692,60,31.747203,31.773788,31.719345,0.011576,60,32.430195,32.469803,32.405441,0.015865,60,1002.700000,1002.700000,1002.700000,0.000041,60,1002.700000,1002.700000,1002.700000,0.000041,60,23.775000,24.100000,23.600000,0.114426,60,119.074287,119.697533,118.379280,0.380089,60,717.428389,720.683167,713.736084,1.981757,60,723.123990,726.688782,719.221008,2.020867,60,7.896514,7.935441,7.853894,0.022068,60,1.258615,1.265203,1.251269,0.004018,60,7.669309,7.704103,7.629838,0.021185,60,0.913903,1.073454,0.739055,0.063319,60,-179.029705,-178.897812,-179.169357,0.055580,60,-0.014164,0.065553,-0.080944,0.034699,60,7.083021,7.234599,6.926729,0.071967,60,179.384576,179.486481,179.230179,0.049914,60,-0.135578,-0.023932,-0.261299,0.049060,60,0.000000,22.216667,28.000000,16.000000,3.119603,60,2480.950000,2640.000000,2318.000000,91.261484,60,2.221667,2.800000,1.600000,0.311960,60,248.095354,9.048878,60,60,60,60,60,60,60,60,60,60,60,60,60,60,60,60,60,60,60,60,60,60,60,60,60,60,60,60,60,60,14.0145,14.14,13.90,109.73,115,92,35.93,6857474
2026-10-03 09:22:00,22.793774,22.842756,22.732891,0.024567,60,14.587167,14.645609,14.529640,0.025187,60,18.948374,19.029526,18.879988,0.031981,60,69.085000,71.300000,68.300000,0.693267,60,33.270723,33.304726,33.235291,0.014937,60,32.513593,32.532997,32.476921,0.014112,60,33.069510,33.099106,33.029678,0.015092,60,30.210000,30.300000,30.200000,0.030253,60,32.600050,32.621933,32.580643,0.008242,60,31.721232,31.734512,31.706375,0.005964,60,32.417220,32.437393,32.398697,0.008918,60,1002.695000,1002.700000,1002.600000,0.021978,60,1002.695000,1002.700000,1002.600000,0.021978,60,23.901667,24.600000,23.800000,0.172216,60,120.402538,121.709114,119.686562,0.394475,60,725.959776,732.989502,720.398193,2.577523,60,731.845605,738.467468,726.404846,2.482872,60,7.991754,8.064065,7.932341,0.027113,60,1.272655,1.286465,1.265087,0.004170,60,7.760510,7.835657,7.701056,0.027554,60,0.944477,1.076250,0.810508,0.061544,60,-179.037124,-178.926300,-179.117111,0.050988,60,-0.014534,0.052443,-0.080944,0.034728,60,7.099137,7.237689,6.969409,0.055452,60,179.372637,179.474487,179.229279,0.050511,60,-0.143780,-0.024355,-0.235063,0.044491,60,0.000000,18.200000,30.000000,12.000000,3.856757,60,2359.166667,2618.000000,2011.000000,153.673787,60,1.820000,3.000000,1.200000,0.385676,60,235.934976,15.221298,60,60,60,60,60,60,60,60,60,60,60,60,60,60,60,60,60,60,60,60,60,60,60,60,60,60,60,60,60,60,14.0116,14.17,13.91,111.03,115,94,35.98,6857508
2026-10-03 09:23:00,22.810407,22.870222,22.748150,0.024701,60,14.597340,14.666972,14.547952,0.024532,60,18.954121,19.044785,18.896772,0.030384,60,71.405000,72.800000,69.900000,0.954636,60,33.262177,33.291374,33.235291,0.012699,60,32.512525,32.532997,32.492943,0.010564,60,33.069688,33.099106,33.043030,0.012721,60,30.300000,30.300000,30.300000,0.000001,60,32.617991,32.632278,32.601517,0.006906,60,31.732649,31.749374,31.713577,0.008999,60,32.440652,32.455399,32.422897,0.007848,60,1002.696667,1002.700000,1002.600000,0.018102,60,1002.696667,1002.700000,1002.600000,0.018102,60,24.643333,25.000000,24.300000,0.243816,60,124.703233,125.668015,121.828934,1.161288,60,750.072177,754.866638,734.207703,6.139574,60,755.931778,760.886230,739.135437,6.351005,60,8.254775,8.308878,8.071359,0.069353,60,1.318113,1.328311,1.287732,0.012275,60,8.018271,8.069524,7.848680,0.065632,60,0.931323,1.097364,0.784491,0.054122,60,-179.035468,-178.856689,-179.170120,0.053789,60,-0.024644,0.065509,-0.120300,0.042476,60,7.090232,7.214445,6.921689,0.064139,60,179.365496,179.473434,179.228577,0.052539,60,-0.137487,-0.023932,-0.235338,0.048586,60,0.000000,25.583333,32.000000,18.000000,3.499596,60,2179.683333,2294.000000,1995.000000,55.121896,60,2.558333,3.200000,1.800000,0.349960,60,217.975881,5.458592,60,60,60,60,60,60,60,60,60,60,60,60,60,60,60,60,60,60,60,60,60,60,60,60,60,60,60,60,60,60,13.9887,14.17,13.86,108.99,114,96,36.00,6857542
2026-10-03 09:24:00,22.818113,22.870222,22.764935,0.028124,60,14.598891,14.663920,14.544900,0.029076,60,18.959589,18.997482,18.896772,0.023733,60,68.860000,70.000000,68.000000,0.471995,60,33.269521,33.291374,33.248642,0.014306,60,32.507985,32.532997,32.476921,0.014198,60,33.072492,33.099106,33.043030,0.013940,60,30.311667,30.400000,30.300000,0.032373,60,32.641811,32.684616,32.608322,0.018985,60,31.734465,31.756363,31.717667,0.008477,60,32.446099,32.467575,32.431137,0.008289,60,1002.700000,1002.700000,1002.700000,0.000041,60,1002.700000,1002.700000,1002.700000,0.000041,60,24.001667,24.300000,23.800000,0.145546,60,127.019808,127.595924,125.700264,0.577547,60,763.095514,767.335632,754.814331,3.883143,60,768.878114,773.378906,760.768982,3.952499,60,8.396149,8.445298,8.307598,0.043161,60,1.342599,1.348689,1.328652,0.006105,60,8.157491,8.202817,8.068965,0.041511,60,0.941514,1.060079,0.756245,0.061674,60,-179.038234,-178.897552,-179.144501,0.053340,60,-0.020517,0.052317,-0.106967,0.034405,60,7.087048,7.234599,6.956341,0.063405,60,179.381287,179.473541,179.256363,0.047711,60,-0.148359,-0.050462,-0.314361,0.048551,60,0.000000,16.350000,26.000000,10.000000,3.785902,60,2112.216667,2366.000000,1855.000000,130.367030,60,1.635000,2.600000,1.000000,0.378590,60,211.228555,12.920086,60,60,60,60,60,60,60,60,60,60,60,60,60,60,60,60,60,60,60,60,60,60,60,60,60,60,60,60,60,60,13.9663,14.09,13.87,110.03,114,92,36.00,6857576
2026-10-03 09:25:00,22.831744,22.917524,22.780193,0.028854,60,14.607945,14.666972,14.547952,0.028135,60,18.967931,19.012741,18.898298,0.029361,60,68.755000,69.600000,68.200000,0.424833,60,33.301032,33.334099,33.262001,0.016135,60,32.511412,32.532997,32.492943,0.011554,60,33.086689,33.112457,33.043030,0.015200,60,30.461667,30.500000,30.400000,0.049030,60,32.721793,32.760117,32.673447,0.024534,60,31.756616,31.772751,31.724442,0.011337,60,32.496923,32.523972,32.465134,0.019004,60,1002.700000,1002.700000,1002.700000,0.000041,60,1002.700000,1002.700000,1002.700000,0.000041,60,24.103333,24.400000,23.900000,0.172682,60,127.828561,128.166428,127.458038,0.232835,60,767.415506,769.028870,764.648254,1.065106,60,773.454670,775.418274,770.567932,1.243075,60,8.446125,8.467567,8.414601,0.013574,60,1.351148,1.354719,1.347231,0.002461,60,8.203671,8.220918,8.174089,0.011386,60,0.939771,1.100202,0.821046,0.056352,60,-179.043319,-178.924271,-179.142090,0.044190,60,-0.002831,0.091996,-0.106778,0.040084,60,7.088932,7.224648,6.967481,0.058063,60,179.375048,179.473541,179.257217,0.049792,60,-0.131876,-0.023932,-0.235338,0.051389,60,0.000000,19.200000,25.000000,14.000000,2.839193,60,2317.783333,2559.000000,2005.000000,159.153491,60,1.920000,2.500000,1.400000,0.283919,60,231.817098,15.776506,60,60,60,60,60,60,60,60,60,60,60,60,60,60,60,60,60,60,60,60,60,60,60,60,60,60,60,60,60,60,13.9602,14.08,13.86,111.55,116,98,36.10,6857610
2026-10-03 09:26:00,22.816943,22.876326,22.751202,0.031585,60,14.604944,14.682231,14.547952,0.028723,60,18.977493,19.031052,18.916609,0.026127,60,68.353333,69.100000,67.700000,0.420841,60,33.337081,33.376823,33.304726,0.014668,60,32.524096,32.549019,32.492943,0.013299,60,33.115172,33.155182,33.085754,0.016116,60,30.500000,30.500000,30.500000,0.000000,60,32.749457,32.764542,32.735703,0.006893,60,31.772866,31.784164,31.755814,0.006991,60,32.530919,32.550308,32.512375,0.008227,60,1002.700000,1002.700000,1002.700000,0.000041,60,1002.700000,1002.700000,1002.700000,0.000041,60,24.056667,24.300000,23.900000,0.133234,60,128.318506,128.718903,127.992195,0.265637,60,768.074383,770.263184,765.681030,1.506580,60,774.480537,776.742798,772.084961,1.451412,60,8.457327,8.482031,8.431168,0.015849,60,1.356327,1.360559,1.352877,0.002808,60,8.210715,8.234114,8.185130,0.016105,60,0.932986,1.104836,0.779743,0.068916,60,-179.043871,-178.925034,-179.142090,0.046087,60,-0.018330,0.105248,-0.120101,0.043729,60,7.094472,7.224648,6.981470,0.051354,60,179.379918,179.487411,179.215210,0.059315,60,-0.147012,-0.050619,-0.261525,0.043521,60,0.000000,22.100000,29.000000,14.000000,3.062623,60,2248.900000,2446.000000,2025.000000,120.627694,60,2.210000,2.900000,1.400000,0.306262,60,224.900469,11.964249,60,60,60,60,60,60,60,60,60,60,60,60,60,60,60,60,60,60,60,60,60,60,60,60,60,60,60,60,60,60,13.9673,14.14,13.85,109.05,115,91,36.26,6857644
2026-10-03 09:27:00,22.825284,22.890059,22.766460,0.026593,60,14.605783,14.682231,14.547952,0.029033,60,18.974874,19.034103,18.883039,0.028484,60,68.103333,68.700000,67.500000,0.277377,60,33.362582,33.406197,33.334099,0.014127,60,32.533086,32.562370,32.506294,0.011275,60,33.143344,33.184555,33.112457,0.013368,60,30.571667,30.600000,30.500000,0.045442,60,32.783606,32.814835,32.745499,0.018723,60,31.786105,31.805405,31.764816,0.009279,60,32.560360,32.592697,32.527573,0.014809,60,1002.700000,1002.700000,1002.700000,0.000041,60,1002.700000,1002.700000,1002.700000,0.000041,60,23.986667,24.100000,23.900000,0.099943,60,128.984297,129.262909,128.613480,0.214915,60,772.251623,773.703003,769.650330,1.043882,60,778.401624,780.089539,775.852722,1.148658,60,8.500146,8.518579,8.472312,0.012543,60,1.363364,1.366309,1.359444,0.002272,60,8.255370,8.270885,8.227562,0.011159,60,0.933189,1.130576,0.821623,0.067122,60,-179.040989,-178.885513,-179.143890,0.054637,60,-0.007492,0.105374,-0.106652,0.041299,60,7.103899,7.230392,6.943668,0.062458,60,179.366406,179.554855,179.229660,0.066465,60,-0.136269,-0.024271,-0.274587,0.055701,60,0.000000,18.483333,24.000000,11.000000,3.336961,60,2269.666667,2501.000000,2048.000000,121.415475,60,1.848333,2.400000,1.100000,0.333696,60,226.995077,12.035551,60,60,60,60,60,60,60,60,60,60,60,60,60,60,60,60,60,60,60,60,60,60,60,60,60,60,60,60,60,60,13.9717,14.09,13.86,105.45,115,91,36.48,6857678
2026-10-03 09:28:00,22.832838,22.890059,22.769512,0.027447,60,14.613769,14.666972,14.531166,0.031462,60,18.971288,19.035629,18.916609,0.028120,60,65.990000,67.800000,64.800000,0.830907,60,33.396584,33.435570,33.360802,0.018998,60,32.547372,32.575722,32.519646,0.013967,60,33.168756,33.211258,33.141830,0.015487,60,30.540000,30.600000,30.500000,0.049403,60,32.822609,32.849533,32.798782,0.012528,60,31.804756,31.822220,31.781815,0.008440,60,32.597289,32.624252,32.575699,0.012876,60,1002.700000,1002.700000,1002.700000,0.000041,60,1002.700000,1002.700000,1002.700000,0.000041,60,23.486667,23.900000,23.100000,0.221296,60,129.240568,129.405594,129.036743,0.088299,60,773.100094,773.780945,772.303955,0.425489,60,779.539597,780.327271,778.774963,0.453095,60,8.512572,8.521173,8.504223,0.004948,60,1.366073,1.367817,1.363918,0.000933,60,8.264440,8.271718,8.255929,0.004548,60,0.908393,1.103050,0.742012,0.061488,60,-179.033365,-178.924271,-179.144913,0.053876,60,-0.005641,0.065553,-0.080603,0.040471,60,7.084950,7.192275,6.969852,0.050420,60,179.379200,179.473907,179.296967,0.047927,60,-0.134618,-0.050462,-0.235166,0.044664,60,0.000000,15.950000,20.000000,13.000000,1.477802,60,2393.916667,2507.000000,2298.000000,51.899280,60,1.595000,2.000000,1.300000,0.147780,60,239.390360,5.144831,60,60,60,60,60,60,60,60,60,60,60,60,60,60,60,60,60,60,60,60,60,60,60,60,60,60,60,60,60,60,13.9781,14.17,13.84,103.40,119,98,36.82,6857712
2026-10-03 09:29:00,22.839882,22.883955,22.774090,0.027560,60,14.615473,14.682231,14.547952,0.025415,60,18.979070,19.052414,18.934919,0.027355,60,65.478333,66.200000,64.700000,0.361771,60,33.435481,33.462273,33.406197,0.017002,60,32.563127,32.589073,32.532997,0.013275,60,33.204182,33.240631,33.168533,0.019223,60,30.560000,30.600000,30.500000,0.049403,60,32.883698,32.942123,32.840836,0.027794,60,31.836558,31.863174,31.808456,0.014072,60,32.652475,32.695145,32.613113,0.023485,60,1002.700000,1002.700000,1002.700000,0.000041,60,1002.700000,1002.700000,1002.700000,0.000041,60,23.353333,23.600000,23.100000,0.087269,60,129.643293,130.121078,129.322357,0.220715,60,775.850269,778.891418,773.065918,1.729674,60,782.239880,785.204651,779.549927,1.709853,60,8.542060,8.574434,8.512686,0.018672,60,1.370330,1.375380,1.366937,0.002333,60,8.293839,8.326348,8.264074,0.018490,60,0.929615,1.060079,0.823937,0.051821,60,-179.046413,-178.953506,-179.185089,0.055822,60,-0.001719,0.092075,-0.080489,0.042093,60,7.097330,7.198562,6.943668,0.059224,60,179.378371,179.472458,179.298599,0.042355,60,-0.147723,-0.024524,-0.274687,0.054844,60,0.000000,12.850000,21.000000,8.000000,3.287496,60,2502.133333,2774.000000,2256.000000,111.414399,60,1.285000,2.100000,0.800000,0.328750,60,250.207285,11.034453,60,60,60,60,60,60,60,60,60,60,60,60,60,60,60,60,60,60,60,60,60,60,60,60,60,60,60,60,60,60,14.0227,14.12,13.92,84.95,97,83,36.92,6857746
2026-10-03 09:30:00,22.838051,22.899214,22.775616,0.027190,60,14.615778,14.700541,14.534219,0.030097,60,18.984538,19.053940,18.937973,0.031266,60,67.033898,68.300000,66.100000,0.638049,59,33.483724,33.534370,33.448921,0.019763,60,32.589919,32.618446,32.562370,0.015363,60,33.257593,33.310066,33.211258,0.021499,60,30.606780,30.700000,30.600000,0.025355,59,32.959417,32.995438,32.931046,0.017537,60,31.878463,31.910721,31.855606,0.014086,60,32.720969,32.767990,32.681473,0.021497,60,1002.700000,1002.700000,1002.700000,0.000041,59,1002.700000,1002.700000,1002.700000,0.000041,59,23.894915,24.300000,23.400000,0.167562,59,130.452088,130.665543,130.102570,0.133257,60,780.819763,782.547668,778.644165,1.227842,60,787.533452,789.752197,784.963196,1.339963,60,8.599865,8.624094,8.571797,0.014632,60,1.378879,1.381135,1.375184,0.001409,60,8.346963,8.365435,8.323706,0.013126,60,0.926048,1.032314,0.821623,0.050318,60,-179.061647,-178.952759,-179.211899,0.048059,60,-0.006346,0.092028,-0.107156,0.041039,60,7.082243,7.182362,6.930575,0.055142,60,179.373517,179.486725,179.257065,0.053796,60,-0.152566,-0.024777,-0.261496,0.056082,60,0.000000,15.316667,21.000000,11.000000,2.095125,60,2508.133333,2707.000000,2287.000000,97.314006,60,1.531667,2.100000,1.100000,0.209512,60,250.832139,9.640221,60,60,60,60,60,60,60,60,60,60,60,60,60,60,60,60,60,60,60,60,60,60,59,59,59,59,59,59,60,60,14.0199,14.13,13.92,84.68,87,83,36.95,6857780
2026-10-03 09:31:00,22.836932,22.899214,22.764935,0.026852,60,14.617024,14.686809,14.517433,0.033996,60,18.982808,19.056992,18.939499,0.026860,60,67.795000,69.200000,66.500000,0.853592,60,33.536863,33.577095,33.504997,0.020324,60,32.621206,32.645149,32.575722,0.014683,60,33.309443,33.352791,33.253990,0.020171,60,30.696667,30.700000,30.600000,0.018102,60,33.014263,33.039291,32.981491,0.013263,60,31.918206,31.938736,31.894272,0.011455,60,32.786736,32.809830,32.752365,0.014153,60,1002.700000,1002.700000,1002.700000,0.000041,60,1002.700000,1002.700000,1002.700000,0.000041,60,24.093333,24.400000,23.800000,0.215396,60,131.085603,131.735703,130.542526,0.398441,60,782.904710,785.426758,780.987183,1.394836,60,789.771965,792.360718,787.945190,1.355054,60,8.624310,8.652579,8.604362,0.014797,60,1.385575,1.392446,1.379834,0.004212,60,8.369251,8.396212,8.348753,0.014911,60,0.924041,1.063892,0.740666,0.059123,60,-179.049321,-178.951263,-179.170517,0.045529,60,-0.012077,0.065685,-0.080603,0.031196,60,7.091795,7.259646,6.943668,0.055364,60,179.377660,179.473541,179.256180,0.052293,60,-0.165108,-0.023932,-0.274812,0.053282,60,0.000000,19.516667,26.000000,8.000000,4.893758,60,2538.416667,2762.000000,2341.000000,104.847960,60,1.951667,2.600000,0.800000,0.489376,60,253.831335,10.387323,60,60,60,60,60,60,60,60,60,60,60,60,60,60,60,60,60,60,60,60,60,60,60,60,60,60,60,60,60,60,14.0005,14.14,13.90,84.65,87,83,36.95,6857813
2026-10-03 09:32:00,22.826708,22.871748,22.766460,0.025849,60,14.618931,14.686809,14.552529,0.031021,60,18.982936,19.043259,18.925764,0.025521,60,66.583333,68.600000,65.500000,0.779214,60,33.577273,33.603798,33.547722,0.013931,60,32.648977,32.687874,32.605095,0.014047,60,33.354081,33.398186,33.323418,0.017274,60,30.643333,30.700000,30.600000,0.049972,60,33.005901,33.029312,32.987076,0.010750,60,31.933499,31.951828,31.917709,0.007092,60,32.799248,32.815323,32.782242,0.007410,60,1002.700000,1002.700000,1002.700000,0.000041,60,1002.700000,1002.700000,1002.700000,0.000041,60,23.786667,24.300000,23.400000,0.213499,60,132.282033,132.682846,131.732727,0.271686,60,787.492903,789.322449,785.157349,1.257794,60,794.570414,796.473572,792.215210,1.287046,60,8.676709,8.697492,8.650990,0.014055,60,1.398221,1.402458,1.392415,0.002872,60,8.418299,8.437857,8.393332,0.013446,60,0.917976,1.034349,0.780578,0.058132,60,-179.044103,-178.953247,-179.116089,0.040999,60,-0.014078,0.065443,-0.120565,0.038946,60,7.089106,7.230616,6.973272,0.052720,60,179.391856,179.486954,179.269394,0.049212,60,-0.155442,-0.024777,-0.235475,0.049791,60,0.000000,19.050000,26.000000,14.000000,2.625978,60,2473.750000,2695.000000,2177.000000,139.566475,60,1.905000,2.600000,1.400000,0.262598,60,247.448010,13.837267,60,60,60,60,60,60,60,60,60,60,60,60,60,60,60,60,60,60,60,60,60,60,60,60,60,60,60,60,60,60,13.9752,14.09,13.86,84.77,87,83,36.94,6857849
2026-10-03 09:33:00,22.839603,22.934309,22.783245,0.025880,60,14.624450,14.686809,14.552529,0.027897,60,18.982605,19.061569,18.910505,0.029602,60,65.705085,66.500000,64.800000,0.494600,59,33.596455,33.633171,33.561073,0.014844,60,32.664197,32.687874,32.618446,0.015797,60,33.378826,33.411537,33.339439,0.016604,60,30.600000,30.600000,30.600000,0.000002,59,33.012204,33.045578,32.984818,0.016804,60,31.936701,31.954117,31.922806,0.008303,60,32.813282,32.845505,32.787369,0.013353,60,1002.700000,1002.700000,1002.700000,0.000041,59,1002.700000,1002.700000,1002.700000,0.000041,59,23.508475,23.800000,23.100000,0.178391,59,132.933913,133.197342,132.616302,0.171449,60,791.372818,793.276550,788.843567,1.206650,60,798.178100,800.219482,796.131470,1.124946,60,8.716105,8.738397,8.693756,0.012284,60,1.405111,1.407896,1.401754,0.001812,60,8.459775,8.480126,8.432737,0.012899,60,0.908915,1.074501,0.782810,0.057714,60,-179.048152,-178.883392,-179.182983,0.065312,60,-0.010993,0.105273,-0.120035,0.039936,60,7.081140,7.224648,6.969409,0.056862,60,179.377625,179.513763,179.256180,0.053344,60,-0.147733,-0.024355,-0.261497,0.050466,60,0.000000,14.433333,19.000000,10.000000,2.396089,60,2283.350000,2534.000000,2125.000000,76.045665,60,1.443333,1.900000,1.000000,0.239609,60,228.320939,7.526813,60,60,60,60,60,60,60,60,60,60,60,60,60,60,60,60,60,60,60,60,60,60,59,59,59,59,59,59,60,60,13.9735,14.09,13.86,84.73,87,82,36.99,6857883
2026-10-03 09:34:00,22.844969,22.922102,22.801556,0.025014,60,14.617355,14.673076,14.535745,0.029368,60,18.992777,19.047836,18.928816,0.026785,60,65.236667,65.600000,64.500000,0.257081,60,33.631346,33.673225,33.603798,0.018074,60,32.679996,32.701225,32.645149,0.012364,60,33.415854,33.454262,33.379494,0.017095,60,30.688333,30.800000,30.600000,0.055515,60,33.099030,33.180771,33.041367,0.037390,60,31.964469,31.999649,31.940567,0.015044,60,32.871031,32.930283,32.822220,0.026121,60,1002.696667,1002.700000,1002.600000,0.018102,60,1002.696667,1002.700000,1002.600000,0.018102,60,23.421667,23.600000,23.300000,0.080447,60,132.927117,133.014633,132.804489,0.048677,60,792.855334,793.355835,792.199707,0.312217,60,799.515775,800.218750,798.966187,0.297514,60,8.730712,8.738389,8.724710,0.003249,60,1.405040,1.405965,1.403743,0.000515,60,8.475623,8.480973,8.468615,0.003338,60,0.928744,1.035028,0.754607,0.059101,60,-179.057532,-178.952759,-179.183746,0.057308,60,-0.009443,0.052317,-0.080716,0.035650,60,7.085548,7.230392,6.969409,0.058281,60,179.382524,179.487289,179.270584,0.052015,60,-0.131939,-0.024101,-0.261581,0.046385,60,0.000000,7.883333,12.000000,5.000000,1.832768,60,2200.000000,2363.000000,1924.000000,71.719794,60,0.788333,1.200000,0.500000,0.183277,60,220.024109,7.083751,60,60,60,60,60,60,60,60,60,60,60,60,60,60,60,60,60,60,60,60,60,60,60,60,60,60,60,60,60,60,13.9720,14.09,13.87,84.83,87,83,37.00,6857916
2026-10-03 09:35:00,22.864729,22.911421,22.807659,0.023925,60,14.637293,14.708171,14.570840,0.027768,60,19.009359,19.066149,18.933393,0.025973,60,64.783333,65.600000,64.000000,0.451050,60,33.713415,33.788055,33.659874,0.033841,60,32.713153,32.759979,32.674522,0.019434,60,33.475980,33.523689,33.424889,0.026395,60,30.875000,31.000000,30.800000,0.070410,60,33.261040,33.357651,33.164719,0.051382,60,32.031287,32.082504,31.985001,0.026371,60,32.992923,33.070480,32.923935,0.039806,60,1002.661667,1002.700000,1002.600000,0.049030,60,1002.661667,1002.700000,1002.600000,0.049030,60,23.478333,23.800000,23.300000,0.151927,60,132.221459,132.885208,131.647888,0.434296,60,789.515601,793.425354,785.319824,2.645223,60,796.144250,799.778992,791.837097,2.666078,60,8.693895,8.733587,8.646861,0.029114,60,1.397581,1.404597,1.391518,0.004590,60,8.439921,8.481717,8.395068,0.028277,60,0.924497,1.026369,0.754063,0.059217,60,-179.044627,-178.950272,-179.226410,0.056607,60,-0.005217,0.092028,-0.080773,0.036139,60,7.072895,7.185148,6.962125,0.052013,60,179.385466,179.473541,179.271591,0.045435,60,-0.151071,-0.064019,-0.235338,0.044759,60,0.000000,4.200000,10.000000,0.000000,3.018586,60,2190.183333,2898.000000,562.000000,482.861053,60,0.420000,1.000000,0.000000,0.301859,60,229.395807,41.324481,60,60,60,60,60,60,60,60,60,60,60,60,60,60,60,60,60,60,60,60,60,60,60,60,60,60,60,60,60,60,13.9743,14.09,13.86,84.76,87,83,37.00,6857950
2026-10-03 09:36:00,22.863127,22.906843,22.798504,0.025974,60,14.632308,14.691386,14.538796,0.031398,60,19.012919,19.072252,18.924238,0.026271,60,65.791667,68.300000,64.100000,1.579454,60,33.834741,33.902878,33.758682,0.039955,60,32.771282,32.816055,32.717247,0.022281,60,33.577362,33.635841,33.494316,0.034347,60,31.136667,31.200000,31.000000,0.068807,60,33.436341,33.492142,33.353958,0.040451,60,32.129981,32.180832,32.069321,0.029196,60,33.139588,33.193680,33.059891,0.037089,60,1002.673333,1002.700000,1002.600000,0.044595,60,1002.673333,1002.700000,1002.600000,0.044595,60,24.033333,24.800000,23.400000,0.460901,60,132.506903,133.408630,131.973984,0.412015,60,791.175723,793.943054,788.747437,1.148888,60,798.090804,801.078308,795.518066,1.297446,60,8.715152,8.747775,8.687057,0.014168,60,1.400598,1.410129,1.394965,0.004355,60,8.457668,8.487251,8.431710,0.012282,60,0.912973,1.058353,0.755972,0.055230,60,-179.064524,-178.922745,-179.210815,0.054287,60,0.016027,0.105299,-0.054201,0.040787,60,7.074242,7.214721,6.949455,0.058292,60,179.397377,179.487289,179.228760,0.051247,60,-0.143202,-0.024609,-0.235063,0.044401,60,0.000000,13.716667,27.000000,5.000000,6.790052,60,2576.750000,3121.000000,2250.000000,206.509049,60,1.371667,2.700000,0.500000,0.679005,60,257.297307,20.368016,60,60,60,60,60,60,60,60,60,60,60,60,60,60,60,60,60,60,60,60,60,60,60,60,60,60,60,60,60,60,13.9730,14.09,13.87,84.88,87,82,37.00,6857984
2026-10-03 09:37:00,22.838865,22.894636,22.789349,0.025916,60,14.620940,14.677653,14.558633,0.024898,60,19.004095,19.075304,18.944077,0.029717,60,66.310000,68.100000,65.600000,0.666562,60,33.945380,34.001678,33.889526,0.028899,60,32.836260,32.872131,32.786682,0.019569,60,33.673581,33.721291,33.622490,0.026583,60,31.148333,31.200000,31.100000,0.050394,60,33.491882,33.512253,33.471054,0.009777,60,32.187896,32.209122,32.160172,0.011487,60,33.199190,33.228317,33.173416,0.010487,60,1002.615000,1002.700000,1002.600000,0.036008,60,1002.615000,1002.700000,1002.600000,0.036008,60,24.226667,24.600000,23.900000,0.173564,60,134.136010,134.640457,133.394455,0.351182,60,796.705188,798.320679,793.760376,1.255090,60,803.940184,805.441101,801.173950,1.191971,60,8.779027,8.795417,8.748819,0.013016,60,1.417818,1.423150,1.409979,0.003712,60,8.516778,8.534048,8.485298,0.013417,60,0.898102,1.022649,0.782811,0.055566,60,-179.061757,-178.965897,-179.170914,0.047113,60,-0.001687,0.092075,-0.107030,0.037242,60,7.076510,7.188307,6.962125,0.053212,60,179.386516,179.513550,179.229111,0.054371,60,-0.155873,-0.063417,-0.274687,0.044695,60,0.000000,19.216667,25.000000,14.000000,2.565030,60,2410.350000,2705.000000,2151.000000,135.120263,60,1.921667,2.500000,1.400000,0.256503,60,240.994010,13.382511,60,60,60,60,60,60,60,60,60,60,60,60,60,60,60,60,60,60,60,60,60,60,60,60,60,60,60,60,60,60,13.9759,14.11,13.86,84.82,87,83,37.00,6858018
2026-10-03 09:38:00,22.816052,22.883955,22.748150,0.028032,60,14.625722,14.677653,14.511330,0.028414,60,18.980189,19.063097,18.893721,0.033378,60,66.523333,67.700000,66.100000,0.388114,60,34.004794,34.044403,33.972305,0.016396,60,32.877739,32.912186,32.829407,0.017100,60,33.730192,33.761353,33.678566,0.017840,60,31.051667,31.100000,31.000000,0.050394,60,33.472216,33.504074,33.438522,0.020562,60,32.193021,32.214310,32.171463,0.010555,60,33.200324,33.221878,33.173264,0.012113,60,1002.606667,1002.700000,1002.600000,0.025155,60,1002.606667,1002.700000,1002.600000,0.025155,60,24.101667,24.400000,23.900000,0.134658,60,135.448678,136.432968,134.628113,0.508805,60,800.318053,802.627502,798.353149,1.172329,60,807.996403,810.396973,805.743408,1.244969,60,8.823321,8.849535,8.798717,0.013595,60,1.431692,1.442096,1.423019,0.005378,60,8.555400,8.580088,8.534394,0.012532,60,0.895641,1.023661,0.753791,0.065946,60,-179.055933,-178.953506,-179.226059,0.051965,60,-0.009878,0.065751,-0.107156,0.041973,60,7.070250,7.198562,6.953998,0.054969,60,179.385743,179.581131,179.256180,0.061120,60,-0.146206,0.001806,-0.261581,0.050790,60,0.000000,24.966667,37.000000,13.000000,4.853678,60,2551.533333,2670.000000,2280.000000,92.765691,60,2.496667,3.700000,1.300000,0.485368,60,255.198308,9.176824,60,60,60,60,60,60,60,60,60,60,60,60,60,60,60,60,60,60,60,60,60,60,60,60,60,60,60,60,60,60,13.9698,14.09,13.87,84.75,87,83,37.01,6858052
2026-10-03 09:39:00,22.823097,22.885481,22.761883,0.027091,60,14.620915,14.662395,14.576943,0.021232,60,18.978841,19.029526,18.915083,0.024166,60,67.946667,69.400000,67.000000,0.680844,60,34.008354,34.028381,33.988327,0.011398,60,32.897499,32.912186,32.872131,0.010630,60,33.750800,33.777374,33.721291,0.012030,60,30.890000,31.000000,30.800000,0.077460,60,33.391192,33.441818,33.347946,0.022304,60,32.153943,32.188309,32.125595,0.014567,60,33.159804,33.188095,33.135300,0.012571,60,1002.656667,1002.700000,1002.600000,0.049972,60,1002.656667,1002.700000,1002.600000,0.049972,60,24.328333,24.800000,24.100000,0.223297,60,136.177766,136.419022,135.942490,0.128006,60,802.195945,803.204773,800.450745,0.613663,60,810.166051,811.186218,808.651489,0.553478,60,8.847013,8.858153,8.830475,0.006044,60,1.439399,1.441949,1.436912,0.001353,60,8.575474,8.586259,8.556818,0.006560,60,0.901244,1.022649,0.753791,0.061181,60,-179.043189,-178.925034,-179.212463,0.057744,60,0.000519,0.131840,-0.080319,0.043655,60,7.071035,7.214445,6.969409,0.058402,60,179.385424,179.539795,179.228760,0.065066,60,-0.156311,-0.050619,-0.274486,0.046486,60,0.000000,18.966667,34.000000,8.000000,6.594725,60,2425.866667,2632.000000,2117.000000,120.751807,60,1.896667,3.400000,0.800000,0.659472,60,242.651640,11.945094,60,60,60,60,60,60,60,60,60,60,60,60,60,60,60,60,60,60,60,60,60,60,60,60,60,60,60,60,60,60,13.9782,14.11,13.87,84.72,87,82,37.03,6858085
2026-10-03 09:40:00,22.842705,22.897688,22.792400,0.026978,60,14.630070,14.695964,14.576943,0.024290,60,18.995346,19.095140,18.912031,0.036266,60,67.323333,69.300000,64.700000,1.503596,60,33.994647,34.028381,33.958954,0.013739,60,32.894206,32.928207,32.872131,0.010520,60,33.751468,33.777374,33.721291,0.011978,60,30.828333,30.900000,30.800000,0.045442,60,33.355064,33.376755,33.336777,0.009262,60,32.125425,32.147690,32.109085,0.008681,60,33.140600,33.158218,33.128708,0.007667,60,1002.633333,1002.700000,1002.600000,0.047538,60,1002.633333,1002.700000,1002.600000,0.047538,60,24.095000,24.600000,23.300000,0.421629,60,136.927986,137.383545,136.232681,0.300746,60,807.239556,809.955139,803.415161,1.826501,60,815.167307,818.204651,810.971741,1.929334,60,8.901627,8.934795,8.855811,0.021068,60,1.447329,1.452144,1.439979,0.003179,60,8.629390,8.658420,8.588508,0.019525,60,0.886758,1.035369,0.754608,0.059766,60,-179.049090,-178.897552,-179.143707,0.052981,60,0.002510,0.091996,-0.080262,0.040142,60,7.051690,7.172470,6.926729,0.059501,60,179.382481,179.447754,179.296478,0.040927,60,-0.160483,-0.090349,-0.261440,0.044507,60,0.000000,17.650000,27.000000,10.000000,5.190686,60,2363.600000,2550.000000,2229.000000,86.570673,60,1.765000,2.700000,1.000000,0.519069,60,236.347952,8.579025,60,60,60,60,60,60,60,60,60,60,60,60,60,60,60,60,60,60,60,60,60,60,60,60,60,60,60,60,60,60,13.9766,14.08,13.87,84.97,87,82,37.10,6858119
2026-10-03 09:41:00,22.864017,22.944992,22.803082,0.029337,60,14.635335,14.680705,14.576943,0.023873,60,19.013708,19.098192,18.962387,0.028493,60,65.491667,67.000000,64.500000,0.733991,60,33.987971,34.015030,33.945602,0.014022,60,32.889488,32.912186,32.872131,0.009615,60,33.748574,33.777374,33.721291,0.011844,60,30.820000,30.900000,30.800000,0.040338,60,33.382566,33.430222,33.331955,0.022548,60,32.129461,32.151627,32.109512,0.010462,60,33.163194,33.196579,33.127914,0.018483,60,1002.653333,1002.700000,1002.600000,0.050310,60,1002.653333,1002.700000,1002.600000,0.050310,60,23.638333,24.100000,23.300000,0.245703,60,137.549189,138.269180,136.734131,0.477998,60,812.151027,816.737427,806.445068,3.355646,60,820.276334,824.912354,814.746094,3.466097,60,8.957418,9.008043,8.897027,0.037850,60,1.453895,1.461505,1.445280,0.005052,60,8.681894,8.730923,8.620897,0.035872,60,0.899873,1.060771,0.819318,0.051574,60,-179.043493,-178.926056,-179.182983,0.048196,60,0.009137,0.105450,-0.054049,0.037742,60,7.073409,7.204510,6.924441,0.061687,60,179.386900,179.513550,179.297302,0.049105,60,-0.153248,-0.063493,-0.261356,0.046700,60,0.000000,13.266667,20.000000,6.000000,3.777124,60,2143.500000,2489.000000,1783.000000,204.874124,60,1.326667,2.000000,0.600000,0.377712,60,214.322753,20.365699,60,60,60,60,60,60,60,60,60,60,60,60,60,60,60,60,60,60,60,60,60,60,60,60,60,60,60,60,60,60,13.9730,14.12,13.87,84.86,87,82,37.32,6858153
2026-10-03 09:42:00,22.887566,22.944992,22.838179,0.026441,60,14.646474,14.714274,14.576943,0.029407,60,19.023982,19.098192,18.962387,0.031639,60,64.331667,66.000000,63.200000,0.946088,60,34.015208,34.044403,33.972305,0.018778,60,32.898256,32.928207,32.872131,0.012840,60,33.776884,33.804077,33.734642,0.016778,60,30.983333,31.100000,30.900000,0.080605,60,33.461375,33.514877,33.420212,0.029466,60,32.166892,32.191940,32.141403,0.012200,60,33.209586,33.243149,33.178146,0.018007,60,1002.645000,1002.700000,1002.600000,0.050169,60,1002.645000,1002.700000,1002.600000,0.050169,60,23.465000,23.800000,23.100000,0.191183,60,138.825879,139.265930,138.268036,0.267483,60,819.439025,822.550964,817.101868,1.579104,60,827.564262,830.780945,825.079163,1.520142,60,9.037002,9.072128,9.009864,0.016600,60,1.467389,1.472041,1.461493,0.002827,60,8.759803,8.793069,8.734818,0.016881,60,0.905044,1.020964,0.807649,0.049261,60,-179.056689,-178.926056,-179.185272,0.050734,60,-0.000794,0.092123,-0.107030,0.041111,60,7.079324,7.184341,6.963624,0.051903,60,179.387607,179.554855,179.270584,0.053311,60,-0.156342,-0.050697,-0.261412,0.046878,60,0.000000,17.366667,27.000000,10.000000,3.220520,60,1942.800000,2127.000000,1788.000000,94.995236,60,1.736667,2.700000,1.000000,0.322052,60,194.261221,9.415310,60,60,60,60,60,60,60,60,60,60,60,60,60,60,60,60,60,60,60,60,60,60,60,60,60,60,60,60,60,60,13.9737,14.09,13.86,84.83,87,83,37.51,6858187
2026-10-03 09:43:00,22.889804,22.948044,22.839705,0.025056,60,14.651687,14.714274,14.579995,0.028372,60,19.024287,19.099718,18.966965,0.029869,60,66.286667,68.100000,64.000000,1.339044,60,34.073554,34.113831,34.044403,0.018279,60,32.912764,32.944229,32.885483,0.015779,60,33.811109,33.849472,33.777374,0.016766,60,31.166667,31.200000,31.100000,0.047538,60,33.545847,33.574265,33.509933,0.018543,60,32.192414,32.208786,32.171646,0.008046,60,33.255428,33.282944,33.223190,0.015186,60,1002.618333,1002.700000,1002.600000,0.039021,60,1002.618333,1002.700000,1002.600000,0.039021,60,24.188333,24.600000,23.400000,0.397915,60,139.631077,139.994019,139.162582,0.246600,60,820.985845,822.794312,816.834717,1.778348,60,829.502387,831.246704,825.196899,1.736979,60,9.058166,9.077214,9.011150,0.018968,60,1.475900,1.479737,1.470948,0.002607,60,8.776338,8.795671,8.731963,0.019011,60,0.882274,1.021638,0.742552,0.056896,60,-179.041073,-178.950790,-179.167419,0.053993,60,-0.000321,0.052418,-0.106149,0.034347,60,7.074090,7.182360,6.969852,0.046403,60,179.388743,179.540619,179.255844,0.060183,60,-0.164275,0.014876,-0.301086,0.062468,60,0.000000,22.783333,31.000000,15.000000,3.949219,60,2250.200000,2479.000000,1909.000000,120.649204,60,2.278333,3.100000,1.500000,0.394922,60,225.034207,11.946416,60,60,60,60,60,60,60,60,60,60,60,60,60,60,60,60,60,60,60,60,60,60,60,60,60,60,60,60,60,60,13.9749,14.09,13.88,84.92,87,83,37.74,6858221
2026-10-03 09:44:00,22.880115,22.925154,22.830549,0.021867,60,14.648737,14.699016,14.595255,0.022067,60,19.025330,19.118029,18.951706,0.033292,60,67.045000,67.800000,66.000000,0.505369,60,34.119260,34.169907,34.087128,0.020957,60,32.937553,32.970932,32.912186,0.014997,60,33.845467,33.892197,33.817429,0.013884,60,31.196667,31.200000,31.100000,0.018102,60,33.576299,33.597183,33.556839,0.008482,60,32.208622,32.228043,32.190018,0.007252,60,33.275564,33.292892,33.258011,0.007077,60,1002.636667,1002.700000,1002.600000,0.048596,60,1002.636667,1002.700000,1002.600000,0.048596,60,24.401667,24.600000,24.100000,0.138383,60,140.847079,142.384033,139.605499,0.787115,60,826.515337,833.148376,820.906311,3.659359,60,834.882490,841.281372,829.429199,3.588672,60,9.116917,9.186793,9.057367,0.039188,60,1.488754,1.504999,1.475630,0.008320,60,8.835449,8.906356,8.775488,0.039119,60,0.876235,1.018948,0.756245,0.053512,60,-179.051736,-178.953247,-179.183563,0.050388,60,0.000067,0.065575,-0.080716,0.036738,60,7.060108,7.155018,6.946714,0.050493,60,179.394606,179.581238,179.229660,0.057945,60,-0.168825,-0.063869,-0.301011,0.046386,60,0.000000,22.383333,28.000000,13.000000,3.714797,60,2190.366667,2458.000000,2074.000000,90.240726,60,2.238333,2.800000,1.300000,0.371480,60,218.983238,8.925490,60,60,60,60,60,60,60,60,60,60,60,60,60,60,60,60,60,60,60,60,60,60,60,60,60,60,60,60,60,60,13.9754,14.09,13.87,84.92,87,83,37.90,6858254
2026-10-03 09:45:00,22.879377,22.925154,22.815290,0.026465,60,14.646499,14.699016,14.563210,0.027297,60,19.028025,19.102770,18.970016,0.025801,60,67.866667,69.100000,65.700000,0.889614,60,34.158202,34.185928,34.113831,0.015273,60,32.950059,32.986954,32.928207,0.013709,60,33.865227,33.892197,33.833450,0.014204,60,31.203333,31.300000,31.200000,0.018102,60,33.605037,33.629349,33.586990,0.009584,60,32.216723,32.229568,32.201065,0.005924,60,33.284526,33.308884,33.264145,0.009083,60,1002.670000,1002.700000,1002.600000,0.046212,60,1002.670000,1002.700000,1002.600000,0.046212,60,24.638333,25.000000,24.100000,0.252507,60,136.579431,142.960739,115.881996,6.447554,60,806.735817,839.529236,659.431641,38.557658,60,815.936950,847.979431,665.995544,37.925182,60,8.910032,9.259935,7.272671,0.414143,60,1.443645,1.511095,1.224873,0.068151,60,8.624006,8.974567,7.049324,0.412181,60,0.884989,1.032314,0.781972,0.054908,60,-179.053001,-178.954254,-179.143707,0.045554,60,-0.009433,0.131789,-0.107282,0.047532,60,7.056920,7.230615,6.918689,0.054265,60,179.390761,179.486725,179.269897,0.053326,60,-0.171436,-0.024271,-0.300955,0.056254,60,0.000000,17.566667,25.000000,13.000000,2.625602,60,2223.250000,2482.000000,1975.000000,138.268055,60,1.756667,2.500000,1.300000,0.262560,60,222.295281,13.699924,60,60,60,60,60,60,60,60,60,60,60,60,60,60,60,60,60,60,60,60,60,60,60,60,60,60,60,60,60,60,13.9717,14.11,13.86,84.90,87,83,37.94,6858288
2026-10-03 09:46:00,22.896874,22.957199,22.833601,0.025858,60,14.654485,14.732586,14.595255,0.031239,60,19.042725,19.089037,18.970016,0.025188,60,64.528333,65.600000,63.800000,0.510265,60,34.184816,34.225983,34.156555,0.016689,60,32.962343,33.000305,32.928207,0.012868,60,33.876575,33.905548,33.849472,0.012329,60,31.203333,31.300000,31.200000,0.018102,60,33.604831,33.642227,33.579147,0.016620,60,32.219508,32.233871,32.206558,0.006298,60,33.268889,33.289444,33.250046,0.008754,60,1002.651667,1002.700000,1002.600000,0.050394,60,1002.651667,1002.700000,1002.600000,0.050394,60,23.780000,24.100000,23.600000,0.117603,60,135.068718,140.137619,119.555763,6.158236,60,794.945183,820.427795,727.027649,28.618057,60,802.847700,828.244812,735.333252,28.395480,60,8.767097,9.044434,8.029840,0.310079,60,1.427676,1.481255,1.263704,0.065093,60,8.497964,8.770373,7.771925,0.305927,60,0.878436,0.995186,0.753791,0.059572,60,-179.040930,-178.885513,-179.170120,0.055199,60,0.006720,0.092091,-0.054049,0.036610,60,7.049314,7.192275,6.934043,0.059076,60,179.374000,179.487289,179.230545,0.057622,60,-0.139444,-0.050462,-0.235269,0.043622,60,0.000000,12.466667,18.000000,3.000000,4.416712,60,2183.316667,2298.000000,2051.000000,61.548793,60,1.246667,1.800000,0.300000,0.441671,60,218.333542,6.100527,60,60,60,60,60,60,60,60,60,60,60,60,60,60,60,60,60,60,60,60,60,60,60,60,60,60,60,60,60,60,13.9736,14.09,13.86,84.85,87,83,37.98,6858322
2026-10-03 09:47:00,22.910277,22.990768,22.851912,0.027423,60,14.658071,14.717326,14.598307,0.028682,60,19.066326,19.153124,19.017319,0.029898,60,63.568333,64.900000,62.700000,0.688524,60,34.224248,34.284737,34.169907,0.024036,60,32.970888,33.000305,32.957581,0.011206,60,33.896959,33.932251,33.862823,0.017145,60,31.330000,31.500000,31.200000,0.074333,60,33.709531,33.813278,33.624161,0.054044,60,32.240901,32.287521,32.207718,0.020130,60,33.343877,33.428421,33.273148,0.044320,60,1002.608333,1002.700000,1002.600000,0.027872,60,1002.608333,1002.700000,1002.600000,0.027872,60,23.596667,24.100000,23.300000,0.232136,60,136.308880,139.142456,129.896530,2.404696,60,801.663156,816.217102,766.844299,12.808496,60,809.519045,823.931152,776.219177,12.552896,60,8.839948,8.997328,8.476314,0.137078,60,1.440785,1.470736,1.373006,0.025418,60,8.569779,8.725360,8.197565,0.136923,60,0.881927,0.993206,0.781972,0.050459,60,-179.052647,-178.924011,-179.210815,0.053576,60,-0.009423,0.065509,-0.106526,0.033459,60,7.063552,7.175236,6.945596,0.054678,60,179.388669,179.540527,179.296478,0.052556,60,-0.162476,-0.051244,-0.261665,0.042774,60,0.000000,3.166667,8.000000,0.000000,2.116654,60,1400.050000,3341.000000,786.000000,658.988939,60,0.316667,0.800000,0.000000,0.211665,60,118.409148,51.942708,60,60,60,60,60,60,60,60,60,60,60,60,60,60,60,60,60,60,60,60,60,60,60,60,60,60,60,60,60,60,13.9727,14.11,13.87,84.89,87,83,38.00,6858356
2026-10-03 09:48:00,22.921263,22.990768,22.858015,0.027947,60,14.673253,14.785993,14.599833,0.035438,60,19.068131,19.125658,19.006638,0.027259,60,64.788333,65.400000,64.100000,0.351313,60,34.314421,34.399559,34.255363,0.038124,60,33.006313,33.043030,32.957581,0.019663,60,33.969457,34.031052,33.918900,0.030922,60,31.605000,31.700000,31.500000,0.089110,60,33.907677,33.995834,33.800156,0.057677,60,32.338587,32.413284,32.272751,0.038587,60,33.512204,33.593796,33.428604,0.048538,60,1002.600000,1002.600000,1002.600000,0.000039,60,1002.600000,1002.600000,1002.600000,0.000039,60,24.200000,24.400000,23.900000,0.159448,60,138.937149,139.599564,138.057663,0.507321,60,819.815688,824.486816,811.009949,4.285694,60,828.011276,833.004700,818.799072,4.521738,60,9.041883,9.096411,8.941286,0.049377,60,1.468566,1.475567,1.459269,0.005362,60,8.763829,8.813764,8.669696,0.045814,60,0.883777,0.993206,0.780021,0.047841,60,-179.067632,-178.963196,-179.212463,0.054492,60,0.004731,0.065553,-0.054049,0.037301,60,7.086102,7.179198,6.975204,0.049147,60,179.408000,179.541138,179.255661,0.061870,60,-0.152155,-0.050854,-0.261525,0.043361,60,0.000000,5.933333,15.000000,1.000000,3.414161,60,2556.333333,3455.000000,1505.000000,428.101907,60,0.593333,1.500000,0.100000,0.341416,60,258.306720,41.621285,60,60,60,60,60,60,60,60,60,60,60,60,60,60,60,60,60,60,60,60,60,60,60,60,60,60,60,60,60,60,13.9757,14.11,13.86,84.89,87,83,38.00,6858389
2026-10-03 09:49:00,22.909310,22.984665,22.848860,0.025149,60,14.671651,14.721905,14.602884,0.028885,60,19.064698,19.127184,18.994431,0.027862,60,63.883333,65.300000,63.000000,0.712638,60,34.431424,34.498360,34.370186,0.032921,60,33.075207,33.141830,33.013657,0.026939,60,34.070260,34.143204,34.004349,0.032215,60,31.700000,31.700000,31.700000,0.000000,60,34.033196,34.064377,33.992172,0.021689,60,32.446645,32.486496,32.403488,0.021663,60,33.631271,33.685745,33.584824,0.025285,60,1002.600000,1002.600000,1002.600000,0.000039,60,1002.600000,1002.600000,1002.600000,0.000039,60,24.100000,24.400000,23.900000,0.205022,60,140.375807,141.080185,139.634552,0.504348,60,825.742912,830.150696,822.192688,2.676303,60,834.425797,838.928101,830.718079,2.780007,60,9.111930,9.161095,9.071442,0.030358,60,1.483772,1.491217,1.475937,0.005331,60,8.827191,8.874310,8.789239,0.028610,60,0.878736,0.993865,0.754063,0.056659,60,-179.073257,-178.925034,-179.171494,0.054695,60,0.006947,0.105349,-0.106967,0.040639,60,7.079010,7.176424,6.963624,0.048910,60,179.385862,179.513550,179.255844,0.054293,60,-0.167080,-0.089590,-0.274737,0.047670,60,0.000000,13.183333,20.000000,7.000000,2.721488,60,2436.166667,2700.000000,2148.000000,170.888026,60,1.318333,2.000000,0.700000,0.272149,60,243.642828,16.971833,60,60,60,60,60,60,60,60,60,60,60,60,60,60,60,60,60,60,60,60,60,60,60,60,60,60,60,60,60,60,13.9739,14.09,13.87,85.00,87,83,38.00,6858423
2026-10-03 09:50:00,22.896900,22.948044,22.839705,0.023755,60,14.658579,14.721905,14.604410,0.027073,60,19.049007,19.102770,18.965439,0.025821,60,62.763333,63.700000,61.800000,0.497780,60,34.535165,34.581139,34.468987,0.027343,60,33.138404,33.181885,33.085754,0.024749,60,34.156021,34.199280,34.087128,0.024129,60,31.625000,31.700000,31.500000,0.081563,60,34.077186,34.101486,34.056717,0.009638,60,32.494062,32.510452,32.477463,0.007299,60,33.676838,33.694992,33.654221,0.010003,60,1002.600000,1002.600000,1002.600000,0.000039,60,1002.600000,1002.600000,1002.600000,0.000039,60,23.640000,23.900000,23.400000,0.149802,60,140.158087,141.841858,136.668732,1.504218,60,820.223293,828.869629,798.911743,8.901077,60,828.781622,837.744873,807.680298,8.971836,60,9.050295,9.148174,8.819869,0.097972,60,1.481471,1.499268,1.444588,0.015900,60,8.768187,8.860616,8.540366,0.095153,60,0.866791,0.989919,0.742822,0.056214,60,-179.044805,-178.896225,-179.171677,0.052391,60,0.002757,0.092044,-0.080432,0.034362,60,7.061226,7.182362,6.874372,0.058298,60,179.405760,179.554565,179.268875,0.062680,60,-0.164700,-0.090349,-0.301049,0.048408,60,0.000000,18.200000,28.000000,11.000000,4.919005,60,2260.633333,2518.000000,2095.000000,86.673548,60,1.820000,2.800000,1.100000,0.491900,60,226.044016,8.577241,60,60,60,60,60,60,60,60,60,60,60,60,60,60,60,60,60,60,60,60,60,60,60,60,60,60,60,60,60,60,13.9750,14.09,13.86,84.97,87,83,38.02,6858457
2026-10-03 09:51:00,22.880395,22.931257,22.829023,0.027380,60,14.658554,14.726482,14.589150,0.035317,60,19.050940,19.102770,18.985275,0.026909,60,61.881667,62.700000,61.000000,0.488336,60,34.599875,34.653236,34.554436,0.020693,60,33.185801,33.224609,33.155182,0.015426,60,34.207780,34.242004,34.172577,0.019271,60,31.441667,31.500000,31.400000,0.049717,60,34.107488,34.125687,34.082504,0.010719,60,32.506881,32.522385,32.491989,0.006657,60,33.699387,33.727432,33.667496,0.012681,60,1002.600000,1002.600000,1002.600000,0.000039,60,1002.600000,1002.600000,1002.600000,0.000039,60,23.263333,23.600000,23.000000,0.165669,60,142.218003,143.056549,141.160889,0.571414,60,830.753317,836.587341,823.810059,3.554600,60,839.717433,845.562805,832.645447,3.781915,60,9.169714,9.233546,9.092488,0.041299,60,1.503244,1.512108,1.492071,0.006040,60,8.880753,8.943118,8.806529,0.037999,60,0.855461,1.021638,0.713609,0.058507,60,-179.054205,-178.897552,-179.182983,0.055430,60,0.006084,0.092326,-0.106526,0.041530,60,7.057803,7.175236,6.956341,0.048058,60,179.385061,179.513763,179.270248,0.050041,60,-0.171949,-0.050697,-0.274587,0.048235,60,0.000000,14.366667,22.000000,8.000000,3.512528,60,2513.416667,2779.000000,1935.000000,216.319466,60,1.436667,2.200000,0.800000,0.351253,60,251.891361,21.252411,60,60,60,60,60,60,60,60,60,60,60,60,60,60,60,60,60,60,60,60,60,60,60,60,60,60,60,60,60,60,13.9742,14.09,13.87,84.90,87,83,38.05,6858491
2026-10-03 09:52:00,22.884464,22.935835,22.812237,0.024679,60,14.657638,14.709697,14.590676,0.026455,60,19.038783,19.121080,18.971542,0.030258,60,63.415000,64.700000,62.300000,0.662513,60,34.638238,34.666588,34.610512,0.013027,60,33.216554,33.253990,33.181885,0.015813,60,34.249040,34.271385,34.215302,0.016427,60,31.356667,31.400000,31.300000,0.049972,60,34.095348,34.123642,34.041367,0.020947,60,32.519384,32.539932,32.498215,0.008213,60,33.714420,33.731491,33.692673,0.010225,60,1002.600000,1002.600000,1002.600000,0.000039,60,1002.600000,1002.600000,1002.600000,0.000039,60,23.600000,23.900000,23.300000,0.221704,60,143.641900,144.264832,143.030029,0.343159,60,838.834322,840.697449,835.375793,1.645553,60,848.447901,850.363281,844.828308,1.659749,60,9.265051,9.285967,9.225525,0.018124,60,1.518295,1.524879,1.511827,0.003627,60,8.967139,8.987056,8.930167,0.017591,60,0.871931,1.021638,0.713609,0.063434,60,-179.030496,-178.898315,-179.116699,0.046916,60,0.003609,0.092123,-0.106967,0.044861,60,7.059208,7.208482,6.915211,0.051088,60,179.409489,179.513977,179.296310,0.052785,60,-0.171047,-0.024609,-0.300804,0.056849,60,0.000000,22.550000,34.000000,8.000000,5.347025,60,2348.233333,2645.000000,2057.000000,166.406014,60,2.255000,3.400000,0.800000,0.534703,60,234.834061,16.521086,60,60,60,60,60,60,60,60,60,60,60,60,60,60,60,60,60,60,60,60,60,60,60,60,60,60,60,60,60,60,13.9710,14.09,13.88,84.89,88,83,38.13,6858525
2026-10-03 09:53:00,22.896366,22.966354,22.830549,0.027974,60,14.660589,14.728008,14.607462,0.025745,60,19.051702,19.107347,18.988327,0.027532,60,61.521667,62.800000,60.900000,0.534280,60,34.645493,34.666588,34.610512,0.010935,60,33.234713,33.267342,33.197906,0.014116,60,34.268403,34.298088,34.255363,0.011489,60,31.290000,31.300000,31.200000,0.030253,60,34.043084,34.082230,34.022232,0.013379,60,32.507773,32.528671,32.485977,0.010252,60,33.679647,33.700729,33.660507,0.009718,60,1002.573333,1002.600000,1002.500000,0.044595,60,1002.573333,1002.600000,1002.500000,0.044595,60,23.028333,23.300000,22.800000,0.146243,60,144.174591,145.190689,143.443680,0.557571,60,838.438450,844.112976,834.771851,2.783910,60,847.348521,853.194824,843.872131,2.626900,60,9.253046,9.316888,9.215084,0.028686,60,1.523925,1.534666,1.516200,0.005894,60,8.962907,9.023567,8.923711,0.029760,60,0.857726,0.969694,0.700474,0.050608,60,-179.059202,-178.925552,-179.224426,0.061178,60,-0.003219,0.092044,-0.107030,0.043040,60,7.043636,7.179198,6.918689,0.050816,60,179.393409,179.540833,179.257217,0.053409,60,-0.171939,-0.063643,-0.314111,0.062783,60,0.000000,14.016667,21.000000,4.000000,3.716622,60,2143.233333,3004.000000,1629.000000,346.145329,60,1.401667,2.100000,0.400000,0.371662,60,212.256278,34.119246,60,60,60,60,60,60,60,60,60,60,60,60,60,60,60,60,60,60,60,60,60,60,60,60,60,60,60,60,60,60,13.9716,14.13,13.88,84.95,87,83,38.31,6858558
2026-10-03 09:54:00,22.913812,22.998398,22.844282,0.027536,60,14.668701,14.728008,14.607462,0.028434,60,19.056687,19.122606,18.988327,0.032214,60,62.731667,64.500000,61.000000,0.919560,60,34.657375,34.679939,34.623863,0.012403,60,33.244016,33.280693,33.211258,0.012234,60,34.280509,34.330132,34.242004,0.015036,60,31.390000,31.400000,31.300000,0.030253,60,34.093542,34.118973,34.071060,0.013243,60,32.512583,32.538925,32.489395,0.013202,60,33.709346,33.733841,33.682541,0.013463,60,1002.568333,1002.600000,1002.500000,0.046910,60,1002.568333,1002.600000,1002.500000,0.046910,60,23.451667,23.900000,23.000000,0.233972,60,145.297233,145.845596,144.815002,0.326052,60,849.142241,852.089661,844.447266,2.012364,60,858.816355,861.683716,853.237122,2.362016,60,9.378275,9.409586,9.317349,0.025793,60,1.535792,1.541588,1.530694,0.003446,60,9.077330,9.108838,9.027141,0.021512,60,0.849851,0.992547,0.674944,0.062319,60,-179.059040,-178.951263,-179.210815,0.048773,60,0.005384,0.092201,-0.080716,0.039345,60,7.048992,7.171276,6.924441,0.054918,60,179.387831,179.540329,179.269897,0.052517,60,-0.172581,-0.050854,-0.274787,0.053916,60,0.000000,10.966667,23.000000,5.000000,3.463939,60,2820.950000,3560.000000,2460.000000,231.698623,60,1.096667,2.300000,0.500000,0.346394,60,281.296474,22.666232,60,60,60,60,60,60,60,60,60,60,60,60,60,60,60,60,60,60,60,60,60,60,60,60,60,60,60,60,60,60,13.9741,14.09,13.87,85.01,87,83,38.48,6858592
2026-10-03 09:55:00,22.920577,22.986191,22.861067,0.026595,60,14.670558,14.728008,14.590676,0.027908,60,19.074184,19.140917,19.024948,0.028579,60,63.216949,64.600000,61.800000,0.819830,59,34.668591,34.679939,34.653236,0.009465,60,33.263736,33.296715,33.224609,0.015640,60,34.296753,34.330132,34.255363,0.017496,60,31.347458,31.400000,31.300000,0.050364,59,34.096672,34.119308,34.071579,0.012074,60,32.546761,32.569229,32.528519,0.007851,60,33.742945,33.759323,33.724350,0.007710,60,1002.515254,1002.600000,1002.500000,0.036263,59,1002.515254,1002.600000,1002.500000,0.036263,59,23.594915,23.900000,23.300000,0.222388,59,146.521136,146.876663,145.906204,0.265881,60,854.181770,856.060730,851.692627,0.917143,60,864.532947,866.466431,861.996887,0.874108,60,9.440700,9.461814,9.413006,0.009545,60,1.548728,1.552486,1.542228,0.002810,60,9.131203,9.151289,9.104593,0.009804,60,0.862252,0.993206,0.715975,0.060848,60,-179.049118,-178.925034,-179.170517,0.054205,60,0.002077,0.092170,-0.080489,0.038464,60,7.067939,7.181180,6.956341,0.051691,60,179.399821,179.512894,179.269730,0.052555,60,-0.173010,-0.064019,-0.261440,0.035222,60,0.000000,13.866667,21.000000,4.000000,6.280091,60,2789.983333,3151.000000,2542.000000,173.263637,60,1.386667,2.100000,0.400000,0.628009,60,278.875898,17.172566,60,60,60,60,60,60,60,60,60,60,60,60,60,60,60,60,60,60,60,60,60,60,59,59,59,59,59,59,60,60,13.9690,14.09,13.88,84.90,87,83,38.67,6858626
2026-10-03 09:56:00,22.939244,22.999924,22.876326,0.028290,60,14.681036,14.744793,14.608988,0.028422,60,19.088375,19.162279,19.024948,0.028527,60,63.633333,63.900000,63.300000,0.180082,60,34.689063,34.722664,34.653236,0.019618,60,33.280782,33.310066,33.253990,0.014592,60,34.334226,34.372856,34.298088,0.018930,60,31.473333,31.600000,31.400000,0.070990,60,34.167315,34.258865,34.098129,0.052990,60,32.581418,32.620712,32.551590,0.020598,60,33.817945,33.902115,33.748856,0.046664,60,1002.500000,1002.500000,1002.500000,0.000000,60,1002.500000,1002.500000,1002.500000,0.000000,60,23.755000,23.900000,23.600000,0.121327,60,146.918216,147.332840,146.365814,0.130046,60,857.281099,860.786682,855.758484,1.402237,60,867.267098,870.808044,865.598145,1.415238,60,9.470557,9.509224,9.452332,0.015454,60,1.552925,1.557308,1.547087,0.001375,60,9.164335,9.201810,9.148058,0.014990,60,0.850607,0.954040,0.712299,0.057986,60,-179.052621,-178.883133,-179.183167,0.059542,60,0.010718,0.105399,-0.080432,0.036167,60,7.065961,7.172470,6.928278,0.050744,60,179.389656,179.513214,179.268875,0.056447,60,-0.167537,-0.102987,-0.314236,0.050458,60,0.000000,6.900000,20.000000,2.000000,4.444383,60,2352.833333,3592.000000,13.000000,1273.705992,60,0.690000,2.000000,0.200000,0.444438,60,322.564955,52.291995,60,60,60,60,60,60,60,60,60,60,60,60,60,60,60,60,60,60,60,60,60,60,60,60,60,60,60,60,60,60,13.9304,14.04,13.84,85.25,88,83,38.77,6858660
2026-10-03 09:57:00,22.957249,23.002975,22.897688,0.025174,60,14.690954,14.781414,14.627298,0.030733,60,19.087943,19.148546,19.029526,0.027140,60,62.588333,64.600000,61.100000,1.225449,60,34.763168,34.810791,34.722664,0.027231,60,33.319768,33.352791,33.296715,0.015839,60,34.404855,34.468987,34.343483,0.025643,60,31.600000,31.600000,31.600000,0.000001,60,34.280163,34.308456,34.256058,0.012320,60,32.648226,32.677383,32.611343,0.013795,60,33.918116,33.951981,33.891830,0.013896,60,1002.500000,1002.500000,1002.500000,0.000000,60,1002.500000,1002.500000,1002.500000,0.000000,60,23.598333,24.100000,23.300000,0.312720,60,148.373504,149.132675,147.040390,0.491034,60,863.685824,865.993652,847.235352,2.401153,60,874.352148,876.390991,871.027405,1.131606,60,9.547926,9.570189,9.511620,0.012357,60,1.568308,1.576332,1.554217,0.005190,60,9.232801,9.257472,9.056946,0.025668,60,0.857820,1.019956,0.753791,0.050700,60,-179.054489,-178.922745,-179.169357,0.052912,60,0.010710,0.092075,-0.106967,0.041183,60,7.055685,7.165345,6.922886,0.050906,60,179.401288,179.581421,179.295502,0.059265,60,-0.158106,-0.024777,-0.314048,0.052195,60,0.000000,13.633333,23.000000,9.000000,3.313898,60,2440.133333,2641.000000,1980.000000,152.850150,60,1.363333,2.300000,0.900000,0.331390,60,244.341611,14.989320,60,60,60,60,60,60,60,60,60,60,60,60,60,60,60,60,60,60,60,60,60,60,60,60,60,60,60,60,60,60,13.9221,14.04,13.84,85.12,87,83,38.93,6858693
2026-10-03 09:58:00,22.951222,22.998398,22.915998,0.021997,60,14.683858,14.749371,14.612040,0.028277,60,19.087435,19.150072,19.031052,0.025677,60,61.431667,62.000000,60.900000,0.345671,60,34.839408,34.880219,34.797440,0.025074,60,33.359244,33.395515,33.323418,0.014694,60,34.476463,34.511711,34.399559,0.024606,60,31.648333,31.700000,31.600000,0.050394,60,34.384789,34.455215,34.306961,0.043537,60,32.680655,32.717514,32.657822,0.015646,60,33.999716,34.059952,33.934647,0.036734,60,1002.500000,1002.500000,1002.500000,0.000000,60,1002.500000,1002.500000,1002.500000,0.000000,60,23.271667,23.400000,23.100000,0.107501,60,149.354598,149.539932,149.115768,0.100820,60,867.678928,869.210999,865.905640,0.897359,60,878.078666,879.436096,876.116150,0.971786,60,9.588619,9.603442,9.567188,0.010612,60,1.578678,1.580637,1.576154,0.001066,60,9.275487,9.291865,9.256532,0.009593,60,0.859605,0.966455,0.737715,0.053081,60,-179.038838,-178.927063,-179.184692,0.057978,60,0.007852,0.092091,-0.080149,0.036589,60,7.054478,7.165345,6.939816,0.048882,60,179.404052,179.514099,179.257065,0.057869,60,-0.173474,-0.090349,-0.274787,0.048777,60,0.000000,4.766667,10.000000,1.000000,2.806570,60,2919.133333,3592.000000,8.000000,746.662891,60,0.476667,1.000000,0.100000,0.280657,60,311.283890,35.225605,60,60,60,60,60,60,60,60,60,60,60,60,60,60,60,60,60,60,60,60,60,60,60,60,60,60,60,60,60,60,13.9263,14.02,13.81,85.26,88,83,38.97,6858727
2026-10-03 09:59:00,22.955418,23.013657,22.908369,0.026226,60,14.697286,14.750896,14.630350,0.030110,60,19.094911,19.139391,19.035629,0.025305,60,61.831667,62.500000,61.400000,0.325988,60,34.929663,34.995041,34.866867,0.033070,60,33.400055,33.438240,33.352791,0.023239,60,34.555237,34.610512,34.498360,0.029919,60,31.678333,31.700000,31.600000,0.041545,60,34.534720,34.629074,34.461777,0.046445,60,32.742987,32.778610,32.704269,0.022479,60,34.122209,34.189163,34.052750,0.038178,60,1002.500000,1002.500000,1002.500000,0.000000,60,1002.500000,1002.500000,1002.500000,0.000000,60,23.396667,23.600000,23.300000,0.073569,60,149.900027,150.742722,149.119644,0.550995,60,870.845867,876.605408,866.135071,3.346398,60,881.078413,886.029175,876.750671,3.164900,60,9.621376,9.675439,9.574117,0.034561,60,1.584443,1.593351,1.576195,0.005824,60,9.309342,9.370912,9.258984,0.035773,60,0.840366,0.913884,0.715186,0.043196,60,-179.060521,-178.926819,-179.251312,0.058647,60,0.012947,0.092123,-0.053746,0.038745,60,7.047114,7.155018,6.935966,0.051161,60,179.389973,179.487289,179.228210,0.050711,60,-0.180753,-0.064244,-0.274662,0.045006,60,0.000000,4.950000,8.000000,0.000000,1.845058,60,1063.000000,3571.000000,10.000000,1111.376090,60,0.495000,0.800000,0.000000,0.184506,60,43.449937,39.519015,60,60,60,60,60,60,60,60,60,60,60,60,60,60,60,60,60,60,60,60,60,60,60,60,60,60,60,60,60,60,13.9216,14.04,13.82,85.21,88,83,39.00,6858761
2026-10-03 10:00:00,22.957962,23.035019,22.912947,0.027666,60,14.696803,14.750896,14.631876,0.028187,60,19.094657,19.176012,19.040207,0.030842,60,61.533333,62.200000,61.200000,0.266596,60,35.053342,35.133896,34.979019,0.041213,60,33.459780,33.494316,33.424889,0.020270,60,34.655640,34.709312,34.597160,0.033325,60,31.783333,31.900000,31.700000,0.055744,60,34.705769,34.804947,34.614487,0.050130,60,32.827249,32.868637,32.779465,0.025838,60,34.246923,34.314621,34.181961,0.034175,60,1002.495000,1002.500000,1002.400000,0.021978,60,1002.495000,1002.500000,1002.400000,0.021978,60,23.466667,23.600000,23.400000,0.095077,60,151.454571,151.953735,150.568710,0.430364,60,879.962014,882.075684,875.866760,1.768495,60,889.777902,891.856628,885.610718,1.753633,60,9.716375,9.739075,9.670869,0.019150,60,1.600875,1.606151,1.591511,0.004549,60,9.406794,9.429389,9.363015,0.018905,60,0.829202,0.953720,0.650096,0.057469,60,-179.073406,-178.963669,-179.182220,0.050551,60,0.023559,0.092201,-0.080149,0.037614,60,7.034738,7.163370,6.899902,0.055793,60,179.400954,179.513550,179.227859,0.052151,60,-0.175944,-0.064094,-0.300955,0.046281,60,0.000000,7.300000,13.000000,2.000000,2.993213,60,1280.650000,1619.000000,730.000000,207.598441,60,0.730000,1.300000,0.200000,0.299321,60,128.553504,20.451570,60,60,60,60,60,60,60,60,60,60,60,60,60,60,60,60,60,60,60,60,60,60,60,60,60,60,60,60,60,60,13.9266,14.03,13.84,85.33,87,83,39.00,6858795
2026-10-03 10:01:00,22.942931,22.998398,22.876326,0.027347,60,14.692938,14.753948,14.634928,0.030273,60,19.089698,19.163805,19.012741,0.028279,60,62.567797,63.400000,61.700000,0.569767,59,35.194246,35.294121,35.120544,0.046112,60,33.523689,33.566414,33.480965,0.023144,60,34.761610,34.824142,34.695961,0.035217,60,31.964407,32.000000,31.900000,0.048290,59,34.874010,34.949783,34.800217,0.044591,60,32.898430,32.935562,32.853378,0.018662,60,34.363259,34.406876,34.296677,0.030621,60,1002.445763,1002.500000,1002.400000,0.050248,59,1002.445763,1002.500000,1002.400000,0.050248,59,23.940678,24.100000,23.600000,0.134059,59,151.871745,152.210083,151.517685,0.145176,60,880.888614,882.335693,878.950012,0.826312,60,890.483359,891.812073,888.434326,0.774684,60,9.724078,9.738588,9.701703,0.008460,60,1.605284,1.608860,1.601542,0.001535,60,9.416699,9.432168,9.395976,0.008833,60,0.821333,0.927269,0.674185,0.050992,60,-179.052631,-178.926300,-179.212265,0.054977,60,0.028862,0.131859,-0.040772,0.033179,60,7.037743,7.220674,6.849854,0.056374,60,179.417207,179.540329,179.255661,0.063574,60,-0.181414,-0.024777,-0.274612,0.050375,60,0.000000,6.750000,14.000000,1.000000,2.937917,60,1273.450000,1839.000000,676.000000,260.147444,60,0.675000,1.400000,0.100000,0.293792,60,127.574695,25.692816,60,60,60,60,60,60,60,60,60,60,60,60,60,60,60,60,60,60,60,60,60,60,59,59,59,59,59,59,60,60,13.9209,14.03,13.81,85.23,87,83,39.01,6858829
2026-10-03 10:02:00,22.928155,22.980087,22.858015,0.029322,60,14.697032,14.755474,14.636454,0.026613,60,19.088528,19.150072,19.015793,0.028313,60,61.825424,62.800000,61.200000,0.507731,59,35.333864,35.406273,35.264748,0.042095,60,33.586308,33.622490,33.537041,0.023349,60,34.864508,34.922943,34.810791,0.033916,60,32.115254,32.200000,32.000000,0.073844,59,35.020554,35.100052,34.938797,0.045689,60,32.966282,33.014023,32.930984,0.021837,60,34.463069,34.534958,34.404465,0.033358,60,1002.422034,1002.500000,1002.400000,0.041803,59,1002.422034,1002.500000,1002.400000,0.041803,59,23.925424,24.300000,23.800000,0.191719,59,151.462260,151.756866,151.292892,0.119917,60,878.925009,881.343567,877.590271,0.763788,60,888.543498,890.300842,887.002441,0.734865,60,9.702895,9.722085,9.686067,0.008025,60,1.600956,1.604070,1.599166,0.001268,60,9.395708,9.421562,9.381439,0.008165,60,0.804491,0.912023,0.700474,0.050766,60,-179.068554,-178.963913,-179.168961,0.045081,60,0.020895,0.131827,-0.040915,0.038140,60,7.014318,7.166546,6.911378,0.058546,60,179.405494,179.513977,179.269730,0.056805,60,-0.177229,0.001806,-0.300936,0.055353,60,0.000000,7.716667,12.000000,3.000000,2.116054,60,1661.800000,2206.000000,1365.000000,176.537392,60,0.771667,1.200000,0.300000,0.211605,60,165.981907,17.343925,60,60,60,60,60,60,60,60,60,60,60,60,60,60,60,60,60,60,60,60,60,60,59,59,59,59,59,59,60,60,13.9254,14.02,13.82,85.28,87,83,39.03,6858864
2026-10-03 10:03:00,22.919051,22.989243,22.879377,0.025168,60,14.693777,14.778362,14.622721,0.035348,60,19.092368,19.157701,19.038681,0.027695,60,62.695000,63.800000,62.000000,0.455261,60,35.487227,35.574501,35.406273,0.044738,60,33.652486,33.705269,33.593117,0.024711,60,34.966380,35.021744,34.893570,0.032433,60,32.310000,32.400000,32.200000,0.068147,60,35.177581,35.262100,35.096176,0.048631,60,33.045668,33.089584,32.998581,0.026194,60,34.580807,34.648026,34.515610,0.035674,60,1002.401667,1002.500000,1002.400000,0.012910,60,1002.401667,1002.500000,1002.400000,0.012910,60,24.295000,24.600000,24.100000,0.125448,60,151.803570,152.010010,151.448166,0.158003,60,881.779843,883.848816,878.413696,1.288427,60,891.129018,893.229797,887.270508,1.292920,60,9.731129,9.754069,9.688994,0.014119,60,1.604564,1.606746,1.600807,0.001670,60,9.426226,9.448343,9.390243,0.013773,60,0.802202,0.925389,0.699438,0.049857,60,-179.067436,-178.992889,-179.182587,0.040211,60,0.030670,0.158381,-0.053746,0.040507,60,7.023227,7.176424,6.890981,0.051546,60,179.401661,179.514099,179.295990,0.054508,60,-0.174214,-0.063794,-0.274787,0.046995,60,0.000000,7.683333,13.000000,2.000000,2.606977,60,1613.116667,3257.000000,450.000000,619.021675,60,0.768333,1.300000,0.200000,0.260698,60,146.026551,54.336026,60,60,60,60,60,60,60,60,60,60,60,60,60,60,60,60,60,60,60,60,60,60,60,60,60,60,60,60,60,60,13.9257,14.04,13.85,85.27,87,83,39.09,6858898
2026-10-03 10:04:00,22.922357,22.980087,22.861067,0.026622,60,14.694260,14.746319,14.625772,0.025185,60,19.090741,19.131762,19.029526,0.024065,60,61.601667,63.400000,60.300000,1.166552,60,35.636852,35.732048,35.547798,0.046357,60,33.728636,33.774704,33.662544,0.027799,60,35.080757,35.147247,35.005722,0.035274,60,32.391667,32.400000,32.300000,0.027872,60,35.310362,35.367111,35.255661,0.023093,60,33.127032,33.168259,33.082779,0.022786,60,34.680941,34.713516,34.645065,0.016539,60,1002.388333,1002.400000,1002.300000,0.032373,60,1002.388333,1002.400000,1002.300000,0.032373,60,24.115000,24.600000,23.600000,0.352629,60,151.329031,151.717300,150.996323,0.195250,60,878.561051,879.909973,877.341492,0.565540,60,887.919850,889.278564,886.790283,0.606713,60,9.696085,9.710922,9.683750,0.006625,60,1.599548,1.603652,1.596031,0.002064,60,9.391817,9.406238,9.378780,0.006046,60,0.803206,0.926329,0.699438,0.046394,60,-179.053287,-178.924271,-179.170120,0.058759,60,0.027775,0.092217,-0.040772,0.034751,60,7.015366,7.155479,6.907549,0.055413,60,179.420350,179.513550,179.268021,0.054116,60,-0.180113,-0.090349,-0.274687,0.043534,60,0.000000,10.416667,29.000000,0.000000,9.169388,60,2078.050000,3481.000000,24.000000,1266.436980,60,1.041667,2.900000,0.000000,0.916939,60,347.585744,68.046055,60,60,60,60,60,60,60,60,60,60,60,60,60,60,60,60,60,60,60,60,60,60,60,60,60,60,60,60,60,60,13.9243,14.06,13.84,85.21,87,83,39.23,6858932
2026-10-03 10:05:00,22.906080,22.961777,22.848860,0.024493,60,14.690216,14.763103,14.627298,0.028210,60,19.085502,19.153124,19.017319,0.029034,60,60.986667,61.800000,60.200000,0.531218,60,35.766322,35.830856,35.705345,0.031790,60,33.797223,33.833450,33.761353,0.018646,60,35.178890,35.216675,35.117874,0.026176,60,32.295000,32.300000,32.200000,0.021978,60,35.357235,35.386612,35.331741,0.014204,60,33.164997,33.185257,33.142380,0.008632,60,34.713387,34.733994,34.693527,0.010644,60,1002.400000,1002.400000,1002.400000,0.000000,60,1002.400000,1002.400000,1002.400000,0.000000,60,23.805000,24.100000,23.600000,0.129438,60,152.355194,152.906601,151.612579,0.395465,60,878.761215,880.572754,877.049011,0.971932,60,888.840018,890.346863,886.306946,1.081462,60,9.706133,9.722588,9.678472,0.011810,60,1.610394,1.616223,1.602545,0.004180,60,9.393957,9.413322,9.375653,0.010390,60,0.790038,0.952121,0.646884,0.069962,60,-179.046852,-178.949539,-179.184509,0.048296,60,0.020306,0.105399,-0.106526,0.044197,60,6.984558,7.083717,6.842251,0.055069,60,179.413618,179.554672,179.227859,0.069562,60,-0.179279,-0.024355,-0.340460,0.065716,60,0.000000,22.983333,33.000000,7.000000,5.947487,60,1826.850000,2234.000000,783.000000,361.359665,60,2.298333,3.300000,0.700000,0.594749,60,186.609150,34.218849,60,60,60,60,60,60,60,60,60,60,60,60,60,60,60,60,60,60,60,60,60,60,60,60,60,60,60,60,60,60,13.9255,14.04,13.85,85.28,87,83,39.40,6858965
2026-10-03 10:06:00,22.896162,22.977036,22.839705,0.029362,60,14.690852,14.749371,14.630350,0.028060,60,19.072124,19.136339,19.002060,0.030898,60,60.940000,63.100000,59.300000,1.177213,60,35.837799,35.886932,35.788132,0.017700,60,33.832382,33.862823,33.804077,0.016506,60,35.231317,35.262077,35.189972,0.015950,60,32.261667,32.300000,32.200000,0.049030,60,35.338834,35.365829,35.313705,0.010536,60,33.143312,33.165298,33.123093,0.008547,60,34.692991,34.724503,34.658920,0.013869,60,1002.400000,1002.400000,1002.400000,0.000000,60,1002.400000,1002.400000,1002.400000,0.000000,60,23.798333,24.400000,23.300000,0.334710,60,153.162637,153.586884,152.871399,0.193504,60,882.699903,884.482849,879.817505,1.420058,60,892.649860,894.802856,889.496826,1.587594,60,9.747737,9.771247,9.713305,0.017337,60,1.618929,1.623413,1.615851,0.002045,60,9.436062,9.455121,9.405249,0.015180,60,0.787560,0.924764,0.670655,0.051372,60,-179.050343,-178.922226,-179.169357,0.059846,60,0.024680,0.105437,-0.053898,0.041029,60,6.978630,7.123506,6.870005,0.055510,60,179.409604,179.554062,179.228210,0.064973,60,-0.194162,-0.090142,-0.314236,0.054366,60,0.000000,18.666667,25.000000,13.000000,2.614605,60,2140.483333,2409.000000,1950.000000,107.104177,60,1.866667,2.500000,1.300000,0.261460,60,214.023340,10.602142,60,60,60,60,60,60,60,60,60,60,60,60,60,60,60,60,60,60,60,60,60,60,60,60,60,60,60,60,60,60,13.9172,14.02,13.85,85.40,87,83,39.57,6858999
2026-10-03 10:07:00,22.907149,22.948044,22.842756,0.025358,60,14.693039,14.750896,14.630350,0.026977,60,19.088782,19.139391,19.035629,0.024965,60,60.430000,61.700000,58.700000,1.089441,60,35.865659,35.886932,35.830856,0.012534,60,33.854368,33.876175,33.817429,0.013376,60,35.241287,35.262077,35.216675,0.011903,60,32.233333,32.300000,32.200000,0.047538,60,35.321971,35.346878,35.306931,0.008734,60,33.137838,33.157211,33.120193,0.006972,60,34.675756,34.693954,34.663193,0.006711,60,1002.400000,1002.400000,1002.400000,0.000000,60,1002.400000,1002.400000,1002.400000,0.000000,60,23.650000,23.900000,23.100000,0.299434,60,153.106662,153.229492,152.842346,0.086354,60,882.737028,884.683655,880.939331,0.871638,60,893.169470,895.153381,892.059692,0.794552,60,9.753411,9.775075,9.741292,0.008677,60,1.618337,1.619636,1.615544,0.000913,60,9.436459,9.457268,9.417241,0.009318,60,0.805776,0.925389,0.700215,0.050935,60,-179.064701,-178.924271,-179.170517,0.054885,60,0.029757,0.131840,-0.080603,0.046858,60,7.016047,7.139232,6.911377,0.052931,60,179.402628,179.540329,179.269730,0.056867,60,-0.176582,-0.050697,-0.274787,0.047200,60,0.000000,17.883333,23.000000,12.000000,2.477640,60,2225.300000,2469.000000,1983.000000,121.531652,60,1.788333,2.300000,1.200000,0.247764,60,222.533973,12.046313,60,60,60,60,60,60,60,60,60,60,60,60,60,60,60,60,60,60,60,60,60,60,60,60,60,60,60,60,60,60,13.9100,14.02,13.84,85.35,88,83,39.76,6859033
2026-10-03 10:08:00,22.927672,22.977036,22.858015,0.025103,60,14.701177,14.769207,14.630350,0.027660,60,19.110882,19.171434,19.038681,0.028505,60,60.461667,61.400000,59.200000,0.707847,60,35.877275,35.916306,35.844208,0.013474,60,33.865939,33.892197,33.833450,0.013644,60,35.249165,35.275429,35.216675,0.012928,60,32.235000,32.300000,32.200000,0.048099,60,35.309686,35.333603,35.287186,0.012683,60,33.143168,33.157394,33.129807,0.007084,60,34.674758,34.701431,34.652390,0.013286,60,1002.400000,1002.400000,1002.400000,0.000000,60,1002.400000,1002.400000,1002.400000,0.000000,60,23.676667,23.900000,23.300000,0.215789,60,152.962931,153.266983,152.783813,0.108836,60,881.241000,882.890381,879.448914,0.827722,60,891.680953,893.473450,889.432190,0.962042,60,9.737156,9.756730,9.712600,0.010505,60,1.616818,1.620032,1.614925,0.001150,60,9.420466,9.438098,9.401309,0.008848,60,0.790287,0.952121,0.700215,0.052709,60,-179.054614,-178.924271,-179.168961,0.050348,60,0.021978,0.131846,-0.054150,0.041686,60,7.000173,7.100056,6.889070,0.051951,60,179.409589,179.553864,179.296310,0.058630,60,-0.185542,-0.090142,-0.274687,0.046019,60,0.000000,13.933333,23.000000,7.000000,4.325199,60,1946.016667,2355.000000,1430.000000,289.052778,60,1.393333,2.300000,0.700000,0.432520,60,194.892935,29.018581,60,60,60,60,60,60,60,60,60,60,60,60,60,60,60,60,60,60,60,60,60,60,60,60,60,60,60,60,60,60,13.9082,14.01,13.82,85.40,87,83,39.88,6859067
2026-10-03 10:09:00,22.950637,23.009079,22.903791,0.027501,60,14.714071,14.769207,14.631876,0.029743,60,19.111238,19.154650,19.053940,0.023691,60,59.875000,61.400000,58.900000,0.781703,60,35.888000,35.916306,35.860229,0.013212,60,33.875774,33.905548,33.849472,0.012581,60,35.259004,35.288780,35.232697,0.012194,60,32.180000,32.300000,32.100000,0.060506,60,35.295247,35.332626,35.248764,0.020911,60,33.146029,33.165054,33.122269,0.009857,60,34.664682,34.695755,34.632980,0.016905,60,1002.400000,1002.400000,1002.400000,0.000000,60,1002.400000,1002.400000,1002.400000,0.000000,60,23.426667,23.900000,23.100000,0.278535,60,154.002846,154.384247,153.259201,0.356031,60,885.217456,886.733582,883.034973,0.844796,60,895.890173,897.278748,893.790955,0.898859,60,9.783121,9.798285,9.760198,0.009816,60,1.627810,1.631841,1.619950,0.003763,60,9.462974,9.479181,9.439644,0.009031,60,0.788129,0.955644,0.607163,0.069378,60,-179.064560,-178.952026,-179.169357,0.048245,60,0.020923,0.105349,-0.053797,0.036635,60,7.012939,7.136018,6.875715,0.052182,60,179.420619,179.513977,179.323410,0.047027,60,-0.195472,-0.063493,-0.340498,0.053089,60,0.000000,22.250000,34.000000,14.000000,5.074446,60,1648.733333,1780.000000,1415.000000,93.833041,60,2.225000,3.400000,1.400000,0.507445,60,164.894199,9.298716,60,60,60,60,60,60,60,60,60,60,60,60,60,60,60,60,60,60,60,60,60,60,60,60,60,60,60,60,60,60,13.9107,13.99,13.82,85.45,88,83,39.98,6859100
2026-10-03 10:10:00,22.966354,23.025864,22.903791,0.027414,60,14.715445,14.782941,14.648661,0.028405,60,19.125455,19.205006,19.070726,0.030596,60,59.511667,61.200000,58.700000,0.664370,60,35.887600,35.916306,35.873581,0.011693,60,33.875463,33.905548,33.849472,0.012866,60,35.253662,35.275429,35.232697,0.012014,60,32.083333,32.100000,32.000000,0.037582,60,35.269980,35.299973,35.253281,0.010511,60,33.120919,33.140549,33.106461,0.008587,60,34.637219,34.661179,34.621231,0.009306,60,1002.400000,1002.400000,1002.400000,0.000000,60,1002.400000,1002.400000,1002.400000,0.000000,60,23.240000,23.800000,23.000000,0.202694,60,153.466716,154.132019,152.618713,0.506511,60,881.077534,884.714111,877.153381,2.734872,60,891.661100,895.200684,887.851013,2.825629,60,9.736939,9.775592,9.695333,0.030856,60,1.622143,1.629175,1.613180,0.005354,60,9.418718,9.457594,9.376770,0.029236,60,0.797980,0.912333,0.672921,0.048772,60,-179.062676,-178.950027,-179.183746,0.057944,60,0.020253,0.092154,-0.080432,0.044451,60,6.993069,7.159424,6.875715,0.059984,60,179.414258,179.540009,179.296310,0.047691,60,-0.176822,-0.051244,-0.314127,0.050500,60,0.000000,12.550000,22.000000,3.000000,5.113707,60,1359.116667,1701.000000,690.000000,207.592666,60,1.255000,2.200000,0.300000,0.511371,60,136.324822,20.369478,60,60,60,60,60,60,60,60,60,60,60,60,60,60,60,60,60,60,60,60,60,60,60,60,60,60,60,60,60,60,13.9120,14.04,13.82,85.65,89,84,39.99,6859134
2026-10-03 10:11:00,22.987742,23.057907,22.885481,0.032539,60,14.732662,14.801251,14.663920,0.030183,60,19.147834,19.205006,19.089037,0.025740,60,61.643333,63.300000,60.200000,0.983485,60,35.881592,35.916306,35.844208,0.016142,60,33.870745,33.892197,33.849472,0.011737,60,35.252772,35.288780,35.216675,0.014600,60,32.116667,32.200000,32.000000,0.045721,60,35.320659,35.370895,35.280197,0.024853,60,33.121090,33.155014,33.099991,0.011889,60,34.671381,34.713821,34.634293,0.022356,60,1002.393333,1002.400000,1002.300000,0.025155,60,1002.393333,1002.400000,1002.300000,0.025155,60,23.836667,24.300000,23.400000,0.292254,60,153.529391,153.990250,152.846008,0.293509,60,883.341145,889.921448,878.034973,3.293345,60,894.395127,900.811462,888.457153,3.486660,60,9.766795,9.836862,9.701952,0.038074,60,1.622806,1.627677,1.615582,0.003102,60,9.442916,9.513260,9.386193,0.035206,60,0.789307,0.908009,0.646637,0.051408,60,-179.080332,-178.951263,-179.211365,0.051566,60,0.035727,0.131878,-0.053797,0.039496,60,7.016210,7.127432,6.907548,0.049164,60,179.415028,179.513214,179.270248,0.054866,60,-0.165411,-0.051088,-0.301142,0.043726,60,0.000000,5.450000,10.000000,0.000000,2.243068,60,1952.433333,3510.000000,7.000000,633.636488,60,0.545000,1.000000,0.000000,0.224307,60,200.081606,54.796915,60,60,60,60,60,60,60,60,60,60,60,60,60,60,60,60,60,60,60,60,60,60,60,60,60,60,60,60,60,60,13.9120,14.01,13.82,85.42,87,84,40.00,6859168
2026-10-03 10:12:00,23.009460,23.059433,22.949570,0.023838,60,14.740520,14.801251,14.699016,0.024069,60,19.167264,19.223316,19.107347,0.027176,60,60.301667,63.300000,57.700000,2.201347,60,35.913012,35.959030,35.873581,0.017674,60,33.888191,33.932251,33.862823,0.016870,60,35.276763,35.318153,35.248718,0.017156,60,32.273333,32.300000,32.200000,0.044595,60,35.398521,35.425125,35.365646,0.015496,60,33.188917,33.223434,33.134598,0.023033,60,34.748855,34.784622,34.714035,0.018873,60,1002.326667,1002.400000,1002.300000,0.044595,60,1002.326667,1002.400000,1002.300000,0.044595,60,23.633333,24.400000,23.000000,0.587920,60,154.713828,155.473404,154.013351,0.462536,60,892.572933,895.455505,889.186340,1.652131,60,904.211731,907.192871,900.698975,1.804838,60,9.873992,9.906546,9.835633,0.019709,60,1.635325,1.643354,1.627921,0.004889,60,9.541604,9.572419,9.505402,0.017661,60,0.786878,0.925702,0.646145,0.058220,60,-179.080034,-178.993591,-179.168961,0.037392,60,0.040132,0.158381,-0.040678,0.037677,60,7.007602,7.149571,6.878194,0.057748,60,179.404615,179.540329,179.269394,0.051352,60,-0.171296,-0.063794,-0.261637,0.048016,60,0.000000,7.083333,15.000000,0.000000,3.038129,60,2271.100000,3028.000000,325.000000,515.623785,60,0.708333,1.500000,0.000000,0.303813,60,241.132217,34.197168,60,60,60,60,60,60,60,60,60,60,60,60,60,60,60,60,60,60,60,60,60,60,60,60,60,60,60,60,60,60,13.9105,14.01,13.82,85.38,87,83,40.00,6859202
2026-10-03 10:13:00,23.017217,23.076220,22.952621,0.028199,60,14.743013,14.804303,14.666972,0.028180,60,19.170011,19.226368,19.107347,0.027115,60,57.895000,58.900000,57.100000,0.513025,60,35.959787,36.001755,35.916306,0.022997,60,33.919968,33.948273,33.892197,0.014225,60,35.328790,35.360878,35.288780,0.020369,60,32.300000,32.300000,32.300000,0.000002,60,35.455906,35.514603,35.413895,0.026833,60,33.236613,33.260025,33.211899,0.010373,60,34.816276,34.863358,34.775345,0.024532,60,1002.300000,1002.300000,1002.300000,0.000000,60,1002.300000,1002.300000,1002.300000,0.000000,60,22.998333,23.300000,22.800000,0.155674,60,155.747409,156.021042,155.390152,0.191161,60,895.172006,896.152405,894.242676,0.471434,60,906.688272,907.634949,905.722168,0.456739,60,9.901036,9.911374,9.890487,0.004988,60,1.646250,1.649142,1.642474,0.002021,60,9.569388,9.579869,9.559454,0.005040,60,0.794074,0.886201,0.673679,0.046216,60,-179.064470,-178.963669,-179.170120,0.056367,60,0.027113,0.158381,-0.040772,0.037873,60,7.019962,7.145145,6.920606,0.054076,60,179.413007,179.554169,179.268875,0.052064,60,-0.182102,-0.090349,-0.314127,0.052235,60,0.000000,7.416667,14.000000,1.000000,3.289901,60,2632.283333,3001.000000,2383.000000,155.298629,60,0.741667,1.400000,0.100000,0.328990,60,263.101579,15.381930,60,60,60,60,60,60,60,60,60,60,60,60,60,60,60,60,60,60,60,60,60,60,60,60,60,60,60,60,60,60,13.9103,14.01,13.82,85.31,87,83,40.00,6859236
2026-10-03 10:14:00,23.030696,23.096056,22.961777,0.028827,60,14.747336,14.822614,14.685283,0.028155,60,19.174004,19.244678,19.127184,0.026279,60,57.808333,58.900000,57.100000,0.465884,60,36.026766,36.084534,35.972382,0.027597,60,33.952946,33.988327,33.905548,0.015860,60,35.394212,35.443657,35.347527,0.027083,60,32.300000,32.300000,32.300000,0.000002,60,35.580943,35.654770,35.508987,0.044486,60,33.280113,33.313156,33.246872,0.018125,60,34.924879,34.994034,34.854202,0.036324,60,1002.296667,1002.300000,1002.200000,0.018102,60,1002.296667,1002.300000,1002.200000,0.018102,60,22.970000,23.300000,22.800000,0.123919,60,155.596378,155.828506,155.367294,0.121001,60,894.859566,895.641602,894.054260,0.339510,60,906.063127,906.753296,905.231873,0.328767,60,9.894209,9.901746,9.885132,0.003590,60,1.644654,1.647107,1.642232,0.001279,60,9.566048,9.574409,9.557440,0.003629,60,0.790059,0.923826,0.645899,0.048585,60,-179.054637,-178.964905,-179.183563,0.048371,60,0.020046,0.092170,-0.107030,0.042399,60,7.006085,7.116353,6.861281,0.053357,60,179.411484,179.553772,179.296310,0.055965,60,-0.190215,-0.090142,-0.314173,0.048144,60,0.000000,4.900000,8.000000,1.000000,1.271593,60,3005.300000,3537.000000,212.000000,893.921987,60,0.490000,0.800000,0.100000,0.127159,60,335.562065,24.274605,60,60,60,60,60,60,60,60,60,60,60,60,60,60,60,60,60,60,60,60,60,60,60,60,60,60,60,60,60,60,13.9057,14.02,13.81,85.40,87,83,40.01,6859269
2026-10-03 10:15:00,23.034511,23.086901,22.977036,0.026071,60,14.751532,14.790570,14.700541,0.023403,60,19.171613,19.232471,19.098192,0.030952,60,59.705000,61.600000,58.500000,0.988309,60,36.118936,36.186005,36.057831,0.036491,60,33.998964,34.044403,33.948273,0.021590,60,35.473920,35.529106,35.403603,0.030933,60,32.430000,32.500000,32.300000,0.061891,60,35.729062,35.813553,35.643051,0.048766,60,33.353957,33.401932,33.305740,0.027804,60,35.055044,35.126602,34.984879,0.039461,60,1002.208333,1002.300000,1002.200000,0.027872,60,1002.208333,1002.300000,1002.200000,0.027872,60,23.576667,24.100000,23.100000,0.342160,60,155.496636,155.723099,155.273529,0.110243,60,896.943033,898.888550,894.976196,1.066885,60,907.968946,910.094116,905.596985,1.151568,60,9.915021,9.938228,9.889119,0.012575,60,1.643599,1.645993,1.641241,0.001165,60,9.588321,9.609118,9.567295,0.011405,60,0.786965,0.916374,0.644917,0.050117,60,-179.071231,-178.922745,-179.182220,0.055575,60,0.045232,0.131878,-0.040772,0.037298,60,7.017505,7.155021,6.905636,0.054860,60,179.409001,179.553558,179.296310,0.060393,60,-0.189104,-0.090349,-0.301198,0.049714,60,0.000000,5.283333,8.000000,0.000000,1.757229,60,1655.566667,3545.000000,157.000000,1305.048130,60,0.528333,0.800000,0.000000,0.175723,60,30.964079,56.116713,60,60,60,60,60,60,60,60,60,60,60,60,60,60,60,60,60,60,60,60,60,60,60,60,60,60,60,60,60,60,13.9076,14.02,13.81,85.41,87,84,40.01,6859303
2026-10-03 10:16:00,23.018463,23.089952,22.925154,0.028039,60,14.745149,14.810407,14.671550,0.032200,60,19.164339,19.237049,19.102770,0.033481,60,60.108333,62.400000,58.100000,1.432586,60,36.227485,36.284813,36.159302,0.031075,60,34.063985,34.116501,34.017700,0.022366,60,35.570184,35.627907,35.515755,0.028974,60,32.460000,32.500000,32.400000,0.049403,60,35.825889,35.865433,35.767563,0.024416,60,33.442859,33.472824,33.396683,0.016598,60,35.143616,35.166855,35.117416,0.013565,60,1002.196667,1002.200000,1002.100000,0.018102,60,1002.196667,1002.200000,1002.100000,0.018102,60,23.751667,24.400000,23.100000,0.412307,60,157.063015,158.772141,155.544510,1.077328,60,901.893337,905.056580,898.583679,1.858780,60,913.878433,917.216553,909.353149,2.355920,60,9.979553,10.016005,9.930137,0.025727,60,1.660156,1.678221,1.644105,0.011387,60,9.641239,9.675055,9.605860,0.019870,60,0.782162,1.164843,0.486932,0.133429,60,-179.056824,-178.892563,-179.169540,0.052546,60,0.030182,0.131897,-0.080489,0.050952,60,6.983998,7.082448,6.812523,0.055495,60,179.409431,179.553268,179.294189,0.063702,60,-0.186494,0.002533,-0.379985,0.071266,60,0.000000,24.700000,43.000000,4.000000,11.390302,60,2573.933333,3439.000000,2038.000000,413.357680,60,2.470000,4.300000,0.400000,1.139030,60,255.619658,41.850355,60,60,60,60,60,60,60,60,60,60,60,60,60,60,60,60,60,60,60,60,60,60,60,60,60,60,60,60,60,60,13.9052,13.99,13.80,85.27,87,83,40.02,6859337
2026-10-03 10:17:00,22.994329,23.064013,22.940414,0.026214,60,14.732713,14.810407,14.673076,0.030994,60,19.134737,19.205006,19.072252,0.030089,60,61.123333,62.800000,60.200000,0.850397,60,36.263405,36.284813,36.242081,0.012704,60,34.102437,34.129852,34.073776,0.012201,60,35.613354,35.641258,35.585182,0.012654,60,32.275000,32.400000,32.200000,0.083615,60,35.659925,35.764755,35.577103,0.055067,60,33.402191,33.449570,33.343704,0.028529,60,35.038596,35.117294,34.961838,0.046306,60,1002.200000,1002.200000,1002.200000,0.000062,60,1002.200000,1002.200000,1002.200000,0.000062,60,23.846667,24.400000,23.600000,0.288460,60,159.441460,159.935577,158.720230,0.305557,60,906.498814,907.766602,904.973206,0.736391,60,918.547499,920.318604,917.224670,0.853396,60,10.030539,10.049879,10.016094,0.009319,60,1.685296,1.690519,1.677673,0.003230,60,9.690472,9.704024,9.674163,0.007872,60,0.779178,0.963876,0.644672,0.078221,60,-179.044791,-178.927063,-179.169357,0.056096,60,0.015604,0.105336,-0.081058,0.039297,60,6.980990,7.078546,6.873811,0.048707,60,179.411203,179.540222,179.147278,0.065703,60,-0.194817,-0.024524,-0.314158,0.060726,60,0.000000,29.700000,41.000000,18.000000,7.204754,60,2239.183333,2472.000000,2094.000000,96.961550,60,2.970000,4.100000,1.800000,0.720475,60,223.890149,9.607774,60,60,60,60,60,60,60,60,60,60,60,60,60,60,60,60,60,60,60,60,60,60,60,60,60,60,60,60,60,60,13.9093,13.99,13.82,85.44,87,83,40.07,6859371
2026-10-03 10:18:00,22.998016,23.108263,22.938889,0.028606,60,14.731416,14.795148,14.657817,0.031752,60,19.154726,19.205006,19.089037,0.025478,60,61.305000,62.300000,60.500000,0.559790,60,36.215245,36.258110,36.143280,0.025082,60,34.097497,34.129852,34.060425,0.016037,60,35.576237,35.627907,35.529106,0.021514,60,32.123333,32.200000,32.100000,0.042652,60,35.501501,35.580307,35.436630,0.042165,60,33.315428,33.362503,33.269455,0.023841,60,34.906367,34.972580,34.844193,0.035271,60,1002.151667,1002.200000,1002.100000,0.050394,60,1002.151667,1002.200000,1002.100000,0.050394,60,23.740000,23.900000,23.400000,0.144034,60,159.618482,160.037354,159.336472,0.188651,60,907.117761,909.567993,905.169800,1.651275,60,919.138440,921.614319,917.161804,1.559026,60,10.036992,10.064029,10.015408,0.017025,60,1.687167,1.691595,1.684187,0.001994,60,9.697088,9.723281,9.676265,0.017652,60,0.791154,0.949889,0.591428,0.057391,60,-179.046420,-178.923508,-179.209320,0.051511,60,0.016902,0.105412,-0.053495,0.039497,60,6.983260,7.137263,6.857468,0.059991,60,179.403402,179.580673,179.268372,0.065582,60,-0.182453,-0.050932,-0.274812,0.060267,60,0.000000,24.733333,33.000000,16.000000,4.467839,60,2160.500000,2271.000000,1948.000000,65.935639,60,2.473333,3.300000,1.600000,0.446784,60,216.061826,6.530673,60,60,60,60,60,60,60,60,60,60,60,60,60,60,60,60,60,60,60,60,60,60,60,60,60,60,60,60,60,60,13.9095,14.02,13.82,85.47,87,83,40.12,6859405
2026-10-03 10:19:00,23.034841,23.100634,22.963303,0.027074,60,14.739656,14.792096,14.689860,0.027258,60,19.169807,19.232471,19.134813,0.024649,60,61.920000,63.400000,60.700000,0.767077,60,36.138162,36.199356,36.084534,0.026691,60,34.058556,34.087128,34.031052,0.014923,60,35.508322,35.571831,35.459679,0.024695,60,32.043333,32.100000,32.000000,0.049972,60,35.388188,35.441330,35.327805,0.029680,60,33.243139,33.280319,33.204422,0.021091,60,34.806750,34.849442,34.762253,0.025333,60,1002.100000,1002.100000,1002.100000,0.000020,60,1002.100000,1002.100000,1002.100000,0.000020,60,23.913333,24.300000,23.600000,0.205407,60,160.130143,160.635086,159.730240,0.295254,60,910.365497,913.414185,908.300659,1.802667,60,922.310359,925.519653,920.173584,1.906244,60,10.071629,10.106675,10.048296,0.020816,60,1.692576,1.697913,1.688349,0.003121,60,9.731807,9.764398,9.709733,0.019271,60,0.813236,0.951483,0.672669,0.061105,60,-179.041116,-178.923004,-179.171494,0.054976,60,0.011827,0.105412,-0.054049,0.032525,60,7.012947,7.139232,6.868644,0.052792,60,179.408512,179.539383,179.295670,0.056216,60,-0.187308,-0.103317,-0.314236,0.051694,60,0.000000,22.900000,31.000000,12.000000,3.363312,60,2272.516667,2491.000000,2093.000000,103.906981,60,2.290000,3.100000,1.200000,0.336331,60,227.259882,10.296042,60,60,60,60,60,60,60,60,60,60,60,60,60,60,60,60,60,60,60,60,60,60,60,60,60,60,60,60,60,60,13.9093,14.01,13.82,85.36,88,84,40.22,6859438
2026-10-03 10:20:00,23.064266,23.114367,22.990768,0.025458,60,14.748989,14.805829,14.686809,0.030686,60,19.187635,19.246204,19.131762,0.028611,60,61.071667,61.800000,59.900000,0.537758,60,36.047105,36.100555,35.985733,0.031344,60,34.015742,34.060425,33.974976,0.020730,60,35.446238,35.486382,35.403603,0.021854,60,31.946667,32.000000,31.900000,0.050310,60,35.295026,35.339951,35.252304,0.026221,60,33.180466,33.212082,33.149582,0.017272,60,34.739356,34.765060,34.713974,0.014083,60,1002.100000,1002.100000,1002.100000,0.000020,60,1002.100000,1002.100000,1002.100000,0.000020,60,23.508333,23.800000,23.100000,0.146475,60,160.695503,160.825562,160.491028,0.087088,60,914.103708,914.940735,912.747437,0.458139,60,926.491207,927.543701,924.536194,0.634896,60,10.117284,10.128778,10.095936,0.006933,60,1.698551,1.699926,1.696390,0.000921,60,9.771768,9.780716,9.757270,0.004898,60,0.816423,0.926329,0.699438,0.050519,60,-179.049275,-178.951523,-179.183563,0.050085,60,0.017808,0.131865,-0.080603,0.044103,60,7.020945,7.159424,6.885250,0.050157,60,179.401753,179.512894,179.269211,0.053809,60,-0.185119,-0.050070,-0.300992,0.058924,60,0.000000,16.700000,21.000000,12.000000,2.533170,60,2422.283333,2518.000000,2329.000000,55.688629,60,1.670000,2.100000,1.200000,0.253317,60,242.228194,5.521290,60,60,60,60,60,60,60,60,60,60,60,60,60,60,60,60,60,60,60,60,60,60,60,60,60,60,60,60,60,60,13.9047,13.99,13.82,85.49,88,84,40.33,6859472
2026-10-03 10:21:00,23.100888,23.149462,23.016708,0.027745,60,14.767325,14.822614,14.721905,0.024106,60,19.220671,19.295033,19.159227,0.029343,60,60.470000,61.700000,59.900000,0.465887,60,35.967442,36.015106,35.929657,0.023226,60,33.970614,34.004349,33.932251,0.018349,60,35.389539,35.416954,35.360878,0.015823,60,31.876667,31.900000,31.800000,0.042652,60,35.240712,35.265060,35.224594,0.012324,60,33.150359,33.170090,33.132675,0.009261,60,34.727421,34.746384,34.710526,0.007548,60,1002.066667,1002.100000,1002.000000,0.047538,60,1002.066667,1002.100000,1002.000000,0.047538,60,23.330000,23.600000,23.100000,0.131871,60,160.428585,160.558701,160.274246,0.072504,60,913.415558,914.049011,912.641846,0.331028,60,926.146705,926.960205,925.525940,0.316510,60,10.113522,10.122405,10.106743,0.003456,60,1.695730,1.697106,1.694099,0.000766,60,9.764412,9.771184,9.756141,0.003539,60,0.800802,0.926329,0.632757,0.061608,60,-179.053705,-178.964417,-179.143295,0.043703,60,0.017141,0.092028,-0.079979,0.038202,60,7.020223,7.124208,6.865098,0.054551,60,179.415448,179.540833,179.269211,0.051970,60,-0.174591,-0.051244,-0.366854,0.052414,60,0.000000,14.600000,20.000000,11.000000,2.598565,60,2528.666667,2958.000000,2124.000000,218.123870,60,1.460000,2.000000,1.100000,0.259857,60,253.030868,21.596854,60,60,60,60,60,60,60,60,60,60,60,60,60,60,60,60,60,60,60,60,60,60,60,60,60,60,60,60,60,60,13.9088,13.99,13.82,85.39,87,83,40.49,6859506
2026-10-03 10:22:00,23.122886,23.176928,23.071642,0.026287,60,14.778693,14.836347,14.700541,0.028929,60,19.225706,19.295033,19.143969,0.037745,60,62.210000,63.200000,60.000000,0.937667,60,35.897035,35.943008,35.860229,0.019506,60,33.937325,33.974976,33.905548,0.016517,60,35.360032,35.387581,35.331505,0.013477,60,31.890000,32.000000,31.800000,0.054306,60,35.221846,35.252792,35.208450,0.009406,60,33.140466,33.159225,33.118759,0.008755,60,34.743071,34.763138,34.720566,0.009126,60,1002.013333,1002.100000,1002.000000,0.034280,60,1002.013333,1002.100000,1002.000000,0.034280,60,23.805000,24.100000,23.100000,0.308317,60,159.865096,160.468170,159.567902,0.274571,60,912.466271,913.686096,911.618408,0.489494,60,924.910862,926.695740,923.797913,0.688901,60,10.100027,10.119517,10.087873,0.007523,60,1.689774,1.696148,1.686633,0.002902,60,9.754264,9.767303,9.745200,0.005233,60,0.815278,0.929470,0.698146,0.050316,60,-179.069095,-178.964417,-179.170517,0.042091,60,0.032005,0.131878,-0.053495,0.042671,60,7.048990,7.188307,6.924441,0.054338,60,179.397946,179.513763,179.297775,0.051142,60,-0.183035,-0.090211,-0.300842,0.048814,60,0.000000,9.616667,14.000000,5.000000,1.923024,60,2248.916667,2620.000000,1890.000000,172.428545,60,0.961667,1.400000,0.500000,0.192302,60,224.912083,17.077741,60,60,60,60,60,60,60,60,60,60,60,60,60,60,60,60,60,60,60,60,60,60,60,60,60,60,60,60,60,60,13.9092,14.01,13.82,85.43,87,83,40.60,6859540
2026-10-03 10:23:00,23.161593,23.236439,23.100634,0.027580,60,14.783144,14.837873,14.721905,0.025376,60,19.242441,19.295033,19.194324,0.029252,60,62.878333,63.900000,61.400000,0.544648,60,35.872379,35.902954,35.844208,0.012276,60,33.928780,33.948273,33.905548,0.012441,60,35.365061,35.387581,35.331505,0.012285,60,32.053333,32.100000,32.000000,0.050310,60,35.274355,35.308151,35.237320,0.020217,60,33.181223,33.211411,33.145676,0.017401,60,34.795652,34.830673,34.745743,0.021460,60,1002.000000,1002.000000,1002.000000,0.000000,60,1002.000000,1002.000000,1002.000000,0.000000,60,24.120000,24.400000,23.800000,0.167534,60,159.991461,160.268768,159.572464,0.236537,60,914.322058,915.677856,912.298218,0.951568,60,926.650315,928.056641,924.775879,0.941267,60,10.119022,10.134379,10.098553,0.010279,60,1.691110,1.694041,1.686681,0.002500,60,9.774102,9.788596,9.752468,0.010172,60,0.815341,0.926956,0.697372,0.053239,60,-179.061100,-178.951263,-179.169937,0.051506,60,0.038411,0.131840,-0.053797,0.037332,60,7.044439,7.171276,6.920606,0.054445,60,179.395733,179.513443,179.269730,0.053548,60,-0.174872,-0.064618,-0.261805,0.040871,60,0.000000,12.633333,19.000000,8.000000,2.893398,60,2129.633333,2563.000000,1923.000000,145.390528,60,1.263333,1.900000,0.800000,0.289340,60,212.839321,14.359920,60,60,60,60,60,60,60,60,60,60,60,60,60,60,60,60,60,60,60,60,60,60,60,60,60,60,60,60,60,60,13.9105,13.99,13.82,85.47,87,83,40.77,6859574
2026-10-03 10:24:00,23.160626,23.227283,23.057907,0.033171,60,14.791333,14.854658,14.753948,0.022883,60,19.246459,19.310291,19.194324,0.029009,60,59.720000,61.200000,59.200000,0.452788,60,35.895344,35.943008,35.860229,0.020192,60,33.941152,33.961624,33.918900,0.013069,60,35.390741,35.430305,35.347527,0.015995,60,32.238333,32.400000,32.100000,0.064022,60,35.335265,35.375931,35.296158,0.018368,60,33.226606,33.251602,33.203812,0.010510,60,34.842987,34.864243,34.819168,0.009310,60,1002.000000,1002.000000,1002.000000,0.000000,60,1002.000000,1002.000000,1002.000000,0.000000,60,23.420000,23.800000,23.300000,0.111690,60,160.624010,161.774536,160.070282,0.543427,60,915.128476,919.286377,912.517090,2.077151,60,927.344345,931.548584,924.602051,2.094171,60,10.126600,10.172511,10.096654,0.022868,60,1.697796,1.709957,1.691943,0.005744,60,9.782723,9.827171,9.754807,0.022205,60,0.801937,0.888635,0.698921,0.047801,60,-179.065327,-178.925034,-179.171494,0.055543,60,0.024428,0.171639,-0.080319,0.045989,60,7.044070,7.230615,6.930200,0.063356,60,179.404625,179.540527,179.255325,0.057286,60,-0.188628,-0.063794,-0.301011,0.051752,60,0.000000,13.450000,17.000000,10.000000,1.917139,60,1994.616667,2171.000000,1866.000000,75.008043,60,1.345000,1.700000,1.000000,0.191714,60,199.458874,7.434844,60,60,60,60,60,60,60,60,60,60,60,60,60,60,60,60,60,60,60,60,60,60,60,60,60,60,60,60,60,60,13.9098,13.99,13.82,85.42,87,83,40.80,6859607
2026-10-03 10:25:00,23.162686,23.228809,23.076220,0.025339,60,14.787035,14.854658,14.721905,0.029022,60,19.252995,19.328604,19.180590,0.032753,60,58.721667,59.500000,58.200000,0.339537,60,35.940205,36.001755,35.886932,0.025492,60,33.957708,33.988327,33.932251,0.014497,60,35.427858,35.473030,35.387581,0.018619,60,32.430000,32.500000,32.300000,0.053043,60,35.425356,35.482162,35.366898,0.034711,60,33.248845,33.271713,33.232071,0.011172,60,34.904921,34.949387,34.858566,0.025986,60,1002.000000,1002.000000,1002.000000,0.000000,60,1002.000000,1002.000000,1002.000000,0.000000,60,23.316667,23.600000,23.100000,0.102786,60,162.258545,163.185638,161.654251,0.447097,60,922.193288,927.697876,918.115417,3.022457,60,934.822575,940.762085,930.272705,3.188651,60,10.208263,10.273122,10.158578,0.034820,60,1.715073,1.724872,1.708685,0.004726,60,9.858246,9.917089,9.814653,0.032310,60,0.805175,0.927898,0.671661,0.059057,60,-179.052683,-178.923508,-179.182983,0.056836,60,0.023129,0.105349,-0.106841,0.044440,60,7.013886,7.139963,6.917128,0.054335,60,179.410279,179.513763,179.296814,0.050441,60,-0.191279,-0.090418,-0.274687,0.041791,60,0.000000,10.216667,17.000000,6.000000,2.450124,60,2121.366667,2326.000000,1800.000000,108.902688,60,1.021667,1.700000,0.600000,0.245012,60,212.187956,10.765287,60,60,60,60,60,60,60,60,60,60,60,60,60,60,60,60,60,60,60,60,60,60,60,60,60,60,60,60,60,60,13.9092,13.99,13.84,85.41,88,83,40.87,6859641
2026-10-03 10:26:00,23.151929,23.228809,23.077745,0.032784,60,14.789883,14.837873,14.740215,0.025599,60,19.243636,19.317923,19.182116,0.030561,60,59.040000,60.700000,57.700000,0.887617,60,35.999930,36.028458,35.959030,0.017736,60,33.981117,34.017700,33.948273,0.014378,60,35.477036,35.515755,35.430305,0.021635,60,32.430000,32.500000,32.300000,0.069624,60,35.493305,35.514816,35.477188,0.009073,60,33.275103,33.287125,33.261581,0.006337,60,34.965675,34.983017,34.944260,0.008564,60,1001.986667,1002.000000,1001.900000,0.034280,60,1001.986667,1002.000000,1001.900000,0.034280,60,23.391667,23.900000,23.000000,0.266358,60,164.216235,164.963745,163.181290,0.464042,60,929.788246,931.310669,927.449463,0.983748,60,943.092214,944.903992,940.544983,1.154223,60,10.298567,10.318352,10.270751,0.012604,60,1.735766,1.743667,1.724826,0.004905,60,9.939436,9.955711,9.914434,0.010516,60,0.800928,0.926329,0.699697,0.046000,60,-179.059695,-178.950027,-179.183167,0.052673,60,0.024898,0.105412,-0.054049,0.043690,60,7.028447,7.168520,6.928279,0.055974,60,179.406778,179.553070,179.336197,0.049667,60,-0.185602,-0.090004,-0.274862,0.049849,60,0.000000,20.333333,27.000000,13.000000,2.753529,60,2432.566667,2567.000000,2127.000000,105.622508,60,2.033333,2.700000,1.300000,0.275353,60,243.313344,10.450605,60,60,60,60,60,60,60,60,60,60,60,60,60,60,60,60,60,60,60,60,60,60,60,60,60,60,60,60,60,60,13.9070,13.99,13.82,85.53,87,83,40.90,6859675
2026-10-03 10:27:00,23.132219,23.186083,23.077745,0.023973,60,14.784492,14.856184,14.721905,0.027421,60,19.232166,19.285877,19.166857,0.027300,60,58.335000,60.000000,57.700000,0.719657,60,36.009988,36.028458,35.985733,0.011449,60,33.992154,34.017700,33.961624,0.013655,60,35.502670,35.542458,35.473030,0.014926,60,32.216667,32.300000,32.200000,0.037582,60,35.413027,35.466446,35.380447,0.026658,60,33.254799,33.285049,33.234116,0.011934,60,34.935838,34.977402,34.915237,0.014329,60,1001.998333,1002.000000,1001.900000,0.012910,60,1001.998333,1002.000000,1001.900000,0.012910,60,23.060000,23.600000,22.800000,0.230842,60,161.961960,166.400238,147.582092,5.741682,60,917.776216,943.752075,827.389160,31.928271,60,931.080888,957.101196,838.954651,32.348853,60,10.167403,10.451545,9.161385,0.353250,60,1.711938,1.758850,1.559943,0.060690,60,9.811027,10.088709,8.844790,0.341313,60,0.821223,0.950526,0.713609,0.054070,60,-179.035293,-178.894669,-179.183746,0.051983,60,0.008770,0.105311,-0.080716,0.043623,60,7.029672,7.124208,6.928279,0.040477,60,179.408003,179.513443,179.296478,0.048196,60,-0.188248,-0.090349,-0.314158,0.055336,60,0.000000,11.266667,22.000000,0.000000,4.598698,60,2535.250000,3178.000000,481.000000,334.608632,60,1.126667,2.200000,0.000000,0.459870,60,257.197360,24.528429,60,60,60,60,60,60,60,60,60,60,60,60,60,60,60,60,60,60,60,60,60,60,60,60,60,60,60,60,60,60,13.9093,14.03,13.82,85.38,88,83,40.95,6859709
2026-10-03 10:28:00,23.155158,23.213551,23.108263,0.025096,60,14.787137,14.872969,14.740215,0.031797,60,19.253910,19.319448,19.200428,0.023681,60,58.286667,59.000000,57.700000,0.373016,60,36.005849,36.041809,35.985733,0.011773,60,33.987570,34.017700,33.961624,0.014326,60,35.520161,35.555809,35.486382,0.015303,60,32.166667,32.200000,32.100000,0.047538,60,35.421704,35.467911,35.383255,0.019266,60,33.246037,33.261154,33.229538,0.007528,60,34.961984,34.998276,34.936325,0.014747,60,1001.983333,1002.000000,1001.900000,0.037582,60,1001.983333,1002.000000,1001.900000,0.037582,60,22.951667,23.100000,22.800000,0.104948,60,159.954537,167.215424,145.819305,6.019843,60,907.605516,952.585754,809.407288,39.706454,60,920.720617,965.288086,822.767517,39.553036,60,10.054269,10.540946,8.984621,0.431919,60,1.690719,1.767467,1.541310,0.063630,60,9.702303,10.183142,8.652563,0.424462,60,0.812406,0.926956,0.673679,0.053599,60,-179.037231,-178.895462,-179.169540,0.051406,60,0.011205,0.105235,-0.120234,0.047256,60,7.019536,7.175236,6.896720,0.055986,60,179.406123,179.553375,179.297302,0.051869,60,-0.188238,-0.023932,-0.274737,0.050924,60,0.000000,7.400000,10.000000,1.000000,1.861292,60,3112.400000,3533.000000,2827.000000,113.635635,60,0.740000,1.000000,0.100000,0.186129,60,311.232489,11.200541,60,60,60,60,60,60,60,60,60,60,60,60,60,60,60,60,60,60,60,60,60,60,60,60,60,60,60,60,60,60,13.9079,14.01,13.82,85.39,87,83,40.97,6859742
2026-10-03 10:29:00,23.162025,23.218128,23.109789,0.026324,60,14.791867,14.837873,14.740215,0.024852,60,19.257445,19.337759,19.200428,0.033245,60,58.095000,58.800000,57.600000,0.228054,60,36.036246,36.084534,35.985733,0.020993,60,33.990508,34.017700,33.961624,0.012237,60,35.559814,35.598534,35.529106,0.020166,60,32.141667,32.200000,32.100000,0.049717,60,35.533142,35.617020,35.464432,0.043358,60,33.267405,33.297562,33.245865,0.012699,60,35.056357,35.121384,34.998276,0.035515,60,1001.988333,1002.000000,1001.900000,0.032373,60,1001.988333,1002.000000,1001.900000,0.032373,60,22.906667,23.300000,22.800000,0.123325,60,168.219694,169.468506,166.752838,1.001414,60,955.849754,960.388672,949.162415,3.432719,60,968.955882,973.620483,963.234497,3.205687,60,10.580998,10.631935,10.518520,0.035006,60,1.778082,1.791282,1.762577,0.010585,60,10.218033,10.266555,10.146546,0.036696,60,0.811858,0.926329,0.701512,0.053392,60,-179.040453,-178.950272,-179.142700,0.053973,60,0.018065,0.092217,-0.080432,0.041417,60,7.018791,7.143173,6.890981,0.046992,60,179.412341,179.554169,179.269394,0.055506,60,-0.178402,-0.063417,-0.261637,0.044244,60,0.000000,7.550000,11.000000,5.000000,1.032112,60,2716.033333,3592.000000,19.000000,1327.082182,60,0.755000,1.100000,0.500000,0.103211,60,343.627447,18.926971,60,60,60,60,60,60,60,60,60,60,60,60,60,60,60,60,60,60,60,60,60,60,60,60,60,60,60,60,60,60,13.9052,13.99,13.81,85.49,87,84,40.99,6859776
2026-10-03 10:30:00,23.169858,23.237965,23.114367,0.024697,60,14.801912,14.856184,14.755474,0.025100,60,19.257242,19.322500,19.176012,0.028794,60,58.913333,60.000000,57.800000,0.508059,60,36.102692,36.159302,36.041809,0.028531,60,34.013250,34.044403,33.974976,0.015560,60,35.625014,35.700005,35.571831,0.031243,60,32.256667,32.300000,32.200000,0.049972,60,35.681768,35.755112,35.607101,0.043493,60,33.328408,33.371048,33.290817,0.022195,60,35.183807,35.255997,35.121384,0.039740,60,1001.936667,1002.000000,1001.900000,0.048596,60,1001.936667,1002.000000,1001.900000,0.048596,60,23.245000,23.600000,23.000000,0.133309,60,169.708231,170.023911,168.744080,0.281111,60,960.520713,962.450500,955.632019,1.526537,60,973.816197,975.695374,969.958862,1.365152,60,10.634073,10.654593,10.591951,0.014907,60,1.793816,1.797153,1.783625,0.002971,60,10.267966,10.288596,10.215706,0.016319,60,0.799746,0.954040,0.670906,0.050460,60,-179.061871,-178.924011,-179.209885,0.055188,60,0.026465,0.105349,-0.053948,0.038155,60,7.029241,7.163370,6.918689,0.047273,60,179.416894,179.540329,179.257568,0.049116,60,-0.187163,-0.090418,-0.301049,0.050053,60,0.000000,8.050000,14.000000,3.000000,2.645271,60,2812.083333,3590.000000,9.000000,914.090050,60,0.805000,1.400000,0.300000,0.264527,60,312.257694,40.434135,60,60,60,60,60,60,60,60,60,60,60,60,60,60,60,60,60,60,60,60,60,60,60,60,60,60,60,60,60,60,14.0064,14.20,13.80,48.35,98,21,41.00,6859810
2026-10-03 10:31:00,23.152387,23.196766,23.091478,0.028794,60,14.807533,14.874495,14.741741,0.025403,60,19.252003,19.327078,19.194324,0.029943,60,60.546667,61.500000,59.700000,0.533446,60,36.187473,36.228729,36.143280,0.023405,60,34.051346,34.103149,34.017700,0.020807,60,35.716606,35.769440,35.654610,0.025938,60,32.381667,32.400000,32.300000,0.039020,60,35.761701,35.786575,35.740067,0.010051,60,33.395547,33.423294,33.359512,0.016768,60,35.279618,35.304337,35.238937,0.016655,60,1001.901667,1002.000000,1001.900000,0.012910,60,1001.901667,1002.000000,1001.900000,0.012910,60,23.716667,24.100000,23.400000,0.200986,60,167.656100,168.700623,167.113449,0.477040,60,947.659238,955.320862,941.682251,3.684683,60,961.205425,968.579102,955.378357,3.588220,60,10.496363,10.576884,10.432732,0.039183,60,1.772125,1.783166,1.766389,0.005042,60,10.130477,10.212379,10.066583,0.039389,60,0.782514,0.926329,0.647870,0.050181,60,-179.053340,-178.953506,-179.249924,0.052222,60,0.031478,0.105374,-0.054201,0.038976,60,7.003880,7.110472,6.889070,0.052266,60,179.400686,179.540329,179.269394,0.060390,60,-0.191458,-0.024524,-0.301049,0.058296,60,0.000000,17.500000,25.000000,7.000000,4.948891,60,2411.233333,2757.000000,2165.000000,171.933113,60,1.750000,2.500000,0.700000,0.494889,60,241.030218,17.052501,60,60,60,60,60,60,60,60,60,60,60,60,60,60,60,60,60,60,60,60,60,60,60,60,60,60,60,60,60,60,14.0622,14.14,14.01,22.36,25,21,40.99,6859846
2026-10-03 10:32:00,23.138170,23.199818,23.091478,0.021089,60,14.791155,14.859236,14.726482,0.029468,60,19.238015,19.346914,19.163805,0.032243,60,60.128333,61.500000,58.800000,0.764707,60,36.238077,36.271461,36.215378,0.013171,60,34.092290,34.116501,34.060425,0.015319,60,35.770908,35.798813,35.742729,0.012365,60,32.300000,32.400000,32.200000,0.063779,60,35.709066,35.752243,35.654587,0.025868,60,33.401555,33.421463,33.372726,0.012591,60,35.256206,35.291428,35.207657,0.019562,60,1001.900000,1001.900000,1001.900000,0.000000,60,1001.900000,1001.900000,1001.900000,0.000000,60,23.571667,23.900000,23.300000,0.210803,60,166.338852,167.575363,161.698395,1.621315,60,934.406261,942.630249,899.119751,11.546985,60,947.518105,955.857483,910.507690,11.933983,60,10.346898,10.437963,9.942744,0.130319,60,1.758202,1.771271,1.709152,0.017137,60,9.988803,10.076716,9.611589,0.123437,60,0.799431,0.910476,0.698404,0.054518,60,-179.049931,-178.951263,-179.170517,0.049870,60,0.026016,0.105311,-0.106841,0.046309,60,7.018512,7.137264,6.920606,0.048691,60,179.411159,179.553268,179.323105,0.058542,60,-0.188926,-0.064244,-0.300955,0.056194,60,0.000000,21.250000,28.000000,11.000000,3.908379,60,2318.583333,2445.000000,2158.000000,73.628083,60,2.125000,2.800000,1.100000,0.390838,60,231.870004,7.295319,60,60,60,60,60,60,60,60,60,60,60,60,60,60,60,60,60,60,60,60,60,60,60,60,60,60,60,60,60,60,14.0625,14.14,13.99,22.27,24,21,40.89,6859880
2026-10-03 10:33:00,23.148139,23.215076,23.091478,0.025415,60,14.796775,14.860762,14.741741,0.023885,60,19.240330,19.296558,19.182116,0.027767,60,59.625000,60.900000,58.700000,0.609146,60,36.236474,36.271461,36.215378,0.012867,60,34.099945,34.129852,34.073776,0.013887,60,35.772332,35.798813,35.729378,0.015132,60,32.211667,32.300000,32.200000,0.032373,60,35.663268,35.690628,35.640549,0.012333,60,33.374558,33.392197,33.361008,0.007226,60,35.211511,35.229965,35.192947,0.007085,60,1001.900000,1001.900000,1001.900000,0.000000,60,1001.900000,1001.900000,1001.900000,0.000000,60,23.426667,23.800000,23.100000,0.179327,60,166.487103,167.611481,161.857071,1.274446,60,936.054567,946.401367,902.296265,9.059982,60,948.745799,959.941956,914.079773,9.496182,60,10.360304,10.482567,9.981751,0.103698,60,1.759769,1.771653,1.710829,0.013471,60,10.006423,10.117030,9.645547,0.096851,60,0.803030,0.888635,0.710209,0.047791,60,-179.051121,-178.950272,-179.182220,0.058727,60,0.032858,0.131928,-0.053746,0.039324,60,7.010029,7.139963,6.890983,0.056414,60,179.407507,179.514435,179.297775,0.051678,60,-0.196795,-0.064019,-0.301142,0.055726,60,0.000000,11.083333,16.000000,6.000000,2.172959,60,2255.916667,2719.000000,2011.000000,182.634329,60,1.108333,1.600000,0.600000,0.217296,60,225.323761,18.038620,60,60,60,60,60,60,60,60,60,60,60,60,60,60,60,60,60,60,60,60,60,60,60,60,60,60,60,60,60,60,13.4924,14.08,13.36,23.43,25,21,40.58,6859913
2026-10-03 10:34:00,23.175097,23.245594,23.094530,0.028782,60,14.811373,14.877546,14.760052,0.029773,60,19.276519,19.314871,19.230946,0.021824,60,60.198333,62.100000,58.200000,0.992257,60,36.235006,36.271461,36.215378,0.014585,60,34.100212,34.129852,34.060425,0.013790,60,35.773757,35.812164,35.742729,0.013285,60,32.301667,32.400000,32.300000,0.012910,60,35.712008,35.743576,35.674484,0.020261,60,33.392341,33.431046,33.363907,0.015523,60,35.247469,35.295944,35.205673,0.023279,60,1001.900000,1001.900000,1001.900000,0.000000,60,1001.900000,1001.900000,1001.900000,0.000000,60,23.591667,24.100000,23.100000,0.282418,60,167.171617,167.798981,166.408920,0.464013,60,944.026635,947.838074,939.977234,2.342636,60,957.811961,960.871582,954.016479,2.058009,60,10.459307,10.492718,10.417860,0.022473,60,1.767004,1.773635,1.758942,0.004905,60,10.091644,10.132389,10.048356,0.025043,60,0.787640,0.860340,0.645899,0.049194,60,-179.062847,-178.951263,-179.169540,0.048833,60,0.034633,0.105374,-0.080432,0.040019,60,7.022164,7.127432,6.889071,0.051025,60,179.407759,179.540527,179.295502,0.051677,60,-0.196153,-0.090349,-0.274612,0.045619,60,0.000000,6.700000,11.000000,3.000000,1.889310,60,2864.566667,3338.000000,2571.000000,146.981074,60,0.670000,1.100000,0.300000,0.188931,60,286.323609,14.480271,60,60,60,60,60,60,60,60,60,60,60,60,60,60,60,60,60,60,60,60,60,60,60,60,60,60,60,60,60,60,13.4383,13.52,13.38,23.52,25,22,40.27,6859947
2026-10-03 10:35:00,23.189797,23.259327,23.091478,0.027320,60,14.813408,14.895857,14.691386,0.038662,60,19.277231,19.349966,19.217213,0.028324,60,57.808333,58.700000,57.400000,0.320112,60,36.261046,36.298164,36.215378,0.016571,60,34.119883,34.159225,34.087128,0.017178,60,35.806557,35.841537,35.769440,0.018314,60,32.305000,32.400000,32.300000,0.021978,60,35.788577,35.829605,35.746841,0.024623,60,33.444844,33.483841,33.410812,0.015966,60,35.335850,35.391586,35.286575,0.027528,60,1001.900000,1001.900000,1001.900000,0.000000,60,1001.900000,1001.900000,1001.900000,0.000000,60,22.970000,23.100000,22.800000,0.096199,60,166.450448,167.061768,165.856216,0.273115,60,940.919442,942.938538,939.597412,0.825106,60,955.027581,957.378052,953.296326,0.979726,60,10.428901,10.454568,10.409996,0.010699,60,1.759381,1.765843,1.753100,0.002887,60,10.058428,10.080012,10.044296,0.008820,60,0.790278,0.885290,0.632757,0.045768,60,-179.054231,-178.963669,-179.169540,0.051456,60,0.023806,0.105399,-0.107282,0.043513,60,7.026485,7.115768,6.890981,0.045900,60,179.408218,179.539688,179.296814,0.052247,60,-0.195925,-0.064618,-0.340517,0.053826,60,0.000000,7.683333,15.000000,2.000000,2.619947,60,2948.366667,3345.000000,2364.000000,218.034515,60,0.768333,1.500000,0.200000,0.261995,60,295.169459,21.565490,60,60,60,60,60,60,60,60,60,60,60,60,60,60,60,60,60,60,60,60,60,60,60,60,60,60,60,60,60,60,13.4436,13.53,13.37,23.45,26,22,40.11,6859981
2026-10-03 10:36:00,23.190153,23.250172,23.128099,0.024791,60,14.820096,14.879072,14.709697,0.030838,60,19.278731,19.336233,19.218739,0.026100,60,58.746667,60.100000,57.700000,0.772947,60,36.299767,36.340889,36.271461,0.018410,60,34.152950,34.185928,34.116501,0.017996,60,35.859117,35.897614,35.812164,0.018678,60,32.395000,32.400000,32.300000,0.021978,60,35.828349,35.857468,35.808823,0.011883,60,33.492220,33.519180,33.461929,0.013176,60,35.402389,35.443832,35.368759,0.015421,60,1001.900000,1001.900000,1001.900000,0.000000,60,1001.900000,1001.900000,1001.900000,0.000000,60,23.268333,23.600000,23.100000,0.145546,60,167.424567,167.973465,167.023590,0.325695,60,944.132465,946.249084,942.599426,0.932548,60,958.846456,960.858948,957.637939,0.841193,60,10.470603,10.492580,10.457406,0.009186,60,1.769678,1.775479,1.765439,0.003443,60,10.092776,10.115402,10.076387,0.009969,60,0.802931,0.930416,0.697630,0.051410,60,-179.056755,-178.951263,-179.183167,0.052324,60,0.019138,0.092279,-0.106778,0.040360,60,7.029638,7.168520,6.901813,0.065688,60,179.409362,179.539795,179.296310,0.058139,60,-0.190385,-0.102790,-0.314252,0.050891,60,0.000000,8.950000,15.000000,1.000000,3.010856,60,2672.500000,3148.000000,2466.000000,141.693690,60,0.895000,1.500000,0.100000,0.301086,60,267.110697,13.983259,60,60,60,60,60,60,60,60,60,60,60,60,60,60,60,60,60,60,60,60,60,60,60,60,60,60,60,60,60,60,13.4465,13.53,13.38,23.36,26,22,40.07,6860015
2026-10-03 10:37:00,23.200300,23.251698,23.128099,0.025206,60,14.812975,14.897383,14.763103,0.025835,60,19.283258,19.372854,19.203480,0.032352,60,56.901667,57.900000,56.700000,0.282538,60,36.336038,36.370262,36.298164,0.016508,60,34.180321,34.215302,34.143204,0.014093,60,35.913635,35.953690,35.881592,0.017284,60,32.400000,32.400000,32.400000,0.000000,60,35.869153,35.922684,35.834793,0.022868,60,33.525895,33.560623,33.504410,0.012874,60,35.450829,35.498367,35.419174,0.020610,60,1001.823333,1001.900000,1001.800000,0.042652,60,1001.823333,1001.900000,1001.800000,0.042652,60,22.803333,23.100000,22.600000,0.168711,60,167.388798,167.941223,166.735458,0.301707,60,943.300760,945.627319,940.588318,1.431060,60,957.869703,960.057129,955.283875,1.466838,60,10.459937,10.483824,10.431700,0.016018,60,1.769300,1.775139,1.762394,0.003189,60,10.083885,10.108756,10.054889,0.015298,60,0.787562,0.952121,0.672165,0.051348,60,-179.049902,-178.884186,-179.142899,0.054752,60,0.029319,0.105500,-0.054049,0.041968,60,7.012005,7.108514,6.885250,0.044980,60,179.409342,179.513214,179.295670,0.049735,60,-0.194849,-0.090211,-0.300955,0.048224,60,0.000000,6.350000,14.000000,0.000000,4.360162,60,1715.733333,3543.000000,5.000000,1281.828420,60,0.635000,1.400000,0.000000,0.436016,60,329.498230,68.526432,60,60,60,60,60,60,60,60,60,60,60,60,60,60,60,60,60,60,60,60,60,60,60,60,60,60,60,60,60,60,13.4500,13.52,13.39,23.39,25,22,40.03,6860048
2026-10-03 10:38:00,23.208972,23.273060,23.149462,0.030745,60,14.820071,14.883650,14.764629,0.025994,60,19.280435,19.342337,19.226368,0.026909,60,57.990000,59.300000,57.100000,0.672889,60,36.404842,36.455711,36.356911,0.026230,60,34.216147,34.255363,34.185928,0.017812,60,35.978701,36.023117,35.937668,0.022336,60,32.436667,32.500000,32.400000,0.048596,60,35.997927,36.069626,35.911362,0.044482,60,33.568747,33.594009,33.541550,0.013392,60,35.544465,35.585739,35.494858,0.023721,60,1001.800000,1001.800000,1001.800000,0.000000,60,1001.800000,1001.800000,1001.800000,0.000000,60,23.161667,23.400000,23.000000,0.156326,60,168.986398,170.174393,167.954483,0.687328,60,951.773477,957.311768,945.561584,3.026990,60,965.862346,970.852844,959.833862,2.884318,60,10.547217,10.601713,10.481386,0.031497,60,1.786186,1.798743,1.775279,0.007265,60,10.174458,10.233662,10.108052,0.032359,60,0.783058,0.859448,0.672165,0.049291,60,-179.064242,-178.924789,-179.168961,0.054846,60,0.033725,0.131909,-0.080489,0.041967,60,7.012331,7.120279,6.920967,0.045491,60,179.413180,179.580673,179.294678,0.055682,60,-0.193037,-0.050227,-0.274687,0.051725,60,0.000000,9.116667,18.000000,3.000000,3.075831,60,1038.000000,3479.000000,0.000000,1193.034658,60,0.911667,1.800000,0.300000,0.307583,60,20.858699,42.130044,60,60,60,60,60,60,60,60,60,60,60,60,60,60,60,60,60,60,60,60,60,60,60,60,60,60,60,60,60,60,13.4520,13.53,13.39,23.40,26,22,40.00,6860082
2026-10-03 10:39:00,23.211923,23.277637,23.155565,0.024760,60,14.824369,14.883650,14.750896,0.024351,60,19.286971,19.360647,19.226368,0.028989,60,58.621667,60.000000,57.100000,0.910781,60,36.497679,36.567863,36.426338,0.031253,60,34.260524,34.316780,34.228653,0.019320,60,36.040785,36.079193,35.993744,0.024895,60,32.640000,32.800000,32.500000,0.078546,60,36.138726,36.217239,36.064377,0.039752,60,33.625721,33.666702,33.588974,0.021458,60,35.613434,35.660599,35.580612,0.022994,60,1001.800000,1001.800000,1001.800000,0.000000,60,1001.800000,1001.800000,1001.800000,0.000000,60,23.508333,23.900000,23.100000,0.261217,60,170.426539,172.257095,169.177628,0.977234,60,959.888562,966.267822,955.999084,3.169669,60,974.327197,980.773682,969.758911,3.159729,60,10.639653,10.710049,10.589767,0.034504,60,1.801408,1.820757,1.788207,0.010329,60,10.261208,10.329402,10.219630,0.033884,60,0.773320,0.885290,0.671661,0.045143,60,-179.080882,-178.992401,-179.209885,0.044770,60,0.048083,0.171639,-0.040915,0.042914,60,7.025881,7.149572,6.885250,0.053652,60,179.419182,179.553558,179.269897,0.060254,60,-0.181426,-0.051244,-0.314032,0.052668,60,0.000000,7.166667,13.000000,2.000000,1.967246,60,1702.900000,2068.000000,1419.000000,124.781395,60,0.716667,1.300000,0.200000,0.196725,60,170.306123,12.340039,60,60,60,60,60,60,60,60,60,60,60,60,60,60,60,60,60,60,60,60,60,60,60,60,60,60,60,60,60,60,13.4473,13.52,13.39,23.41,25,22,40.00,6860116
2026-10-03 10:40:00,23.200326,23.251698,23.163195,0.023969,60,14.819384,14.883650,14.750896,0.027642,60,19.295567,19.349966,19.227894,0.027963,60,58.021667,59.300000,56.100000,0.911711,60,36.611567,36.682686,36.538490,0.036643,60,34.314199,34.356834,34.255363,0.021026,60,36.111014,36.167313,36.065842,0.027564,60,32.881667,33.000000,32.800000,0.056723,60,36.272866,36.308090,36.213638,0.028947,60,33.696360,33.738907,33.655594,0.023735,60,35.698931,35.733078,35.647324,0.025602,60,1001.795000,1001.800000,1001.700000,0.021978,60,1001.795000,1001.800000,1001.700000,0.021978,60,23.560000,23.900000,23.100000,0.253250,60,173.615632,175.327621,172.157608,0.948129,60,973.192451,979.678040,965.710205,4.412177,60,988.584396,995.322510,980.471619,4.745467,60,10.795342,10.868922,10.706750,0.051820,60,1.835117,1.853213,1.819706,0.010022,60,10.403427,10.472758,10.323442,0.047166,60,0.770280,0.886808,0.642958,0.054962,60,-179.063155,-178.923508,-179.170517,0.052952,60,0.041697,0.105437,-0.040772,0.044301,60,7.013353,7.133329,6.901813,0.049858,60,179.431629,179.620926,179.336197,0.058473,60,-0.196370,-0.063493,-0.314283,0.051762,60,0.000000,10.616667,29.000000,0.000000,7.708880,60,2214.533333,3222.000000,953.000000,418.149331,60,1.061667,2.900000,0.000000,0.770888,60,221.045715,39.645556,60,60,60,60,60,60,60,60,60,60,60,60,60,60,60,60,60,60,60,60,60,60,60,60,60,60,60,60,60,60,13.4525,13.53,13.39,23.43,25,22,40.00,6860150
2026-10-03 10:41:00,23.162254,23.227283,23.105211,0.028664,60,14.814247,14.888227,14.753948,0.026297,60,19.281758,19.336233,19.203480,0.029467,60,57.323729,60.200000,55.800000,1.322529,59,36.707253,36.752121,36.653313,0.023516,60,34.364489,34.399559,34.330132,0.019290,60,36.182222,36.236740,36.137939,0.021285,60,32.932203,33.000000,32.900000,0.047127,59,36.290862,36.317429,36.244034,0.017629,60,33.725792,33.749130,33.703110,0.010695,60,35.721105,35.746689,35.680313,0.014645,60,1001.703390,1001.800000,1001.700000,0.018252,59,1001.703390,1001.800000,1001.700000,0.018252,59,23.427119,24.300000,23.000000,0.379578,59,178.195578,180.454788,175.398285,1.802298,60,989.389265,997.503479,979.812134,6.187778,60,1005.309891,1014.071716,995.630798,6.436990,60,10.977984,11.073663,10.872288,0.070292,60,1.883527,1.907407,1.853960,0.019050,60,10.576571,10.663312,10.474192,0.066147,60,0.774705,1.073454,0.605980,0.077610,60,-179.050710,-178.924271,-179.208771,0.059550,60,0.036398,0.105450,-0.053646,0.037867,60,7.004695,7.098096,6.875715,0.048713,60,179.425765,179.513443,179.295990,0.052294,60,-0.190648,-0.089866,-0.300992,0.052269,60,0.000000,24.750000,35.000000,15.000000,5.094447,60,2353.666667,2665.000000,1941.000000,179.649816,60,2.475000,3.500000,1.500000,0.509445,60,235.497171,17.804062,60,60,60,60,60,60,60,60,60,60,60,60,60,60,60,60,60,60,60,60,60,60,59,59,59,59,59,59,60,60,13.4541,13.53,13.41,23.46,25,21,40.00,6860184
2026-10-03 10:42:00,23.142468,23.196766,23.077745,0.028286,60,14.805295,14.888227,14.753948,0.027725,60,19.258589,19.319448,19.200428,0.026191,60,56.648333,57.400000,55.900000,0.423261,60,36.733334,36.768143,36.696037,0.017097,60,34.383893,34.412910,34.343483,0.016257,60,36.200157,36.236740,36.167313,0.016819,60,32.688333,32.900000,32.500000,0.109066,60,36.157349,36.262466,36.045425,0.062184,60,33.661186,33.709915,33.620132,0.025589,60,35.630131,35.691666,35.561722,0.037054,60,1001.700000,1001.700000,1001.700000,0.000052,60,1001.700000,1001.700000,1001.700000,0.000052,60,23.020000,23.300000,22.600000,0.235638,60,177.301745,182.039230,166.140015,5.565876,60,982.478874,1007.628662,911.025757,31.463035,60,999.229792,1024.758667,926.901672,31.793512,60,10.911589,11.190365,10.121767,0.347185,60,1.874079,1.924155,1.756100,0.058831,60,10.502699,10.771550,9.738865,0.336340,60,0.783786,0.912023,0.672921,0.055749,60,-179.050907,-178.954742,-179.170120,0.051961,60,0.019352,0.092248,-0.054049,0.035521,60,7.000637,7.114392,6.911377,0.048261,60,179.409072,179.513107,179.295502,0.048145,60,-0.199391,-0.090349,-0.314158,0.046199,60,0.000000,24.683333,31.000000,18.000000,3.481144,60,2467.766667,2538.000000,2288.000000,47.370293,60,2.468333,3.100000,1.800000,0.348114,60,246.782584,4.692607,60,60,60,60,60,60,60,60,60,60,60,60,60,60,60,60,60,60,60,60,60,60,60,60,60,60,60,60,60,60,13.4543,13.53,13.39,23.50,25,22,40.00,6860217
2026-10-03 10:43:00,23.161542,23.222706,23.089952,0.030812,60,14.809517,14.854658,14.735638,0.026999,60,19.281478,19.349966,19.214161,0.030236,60,57.276667,59.400000,55.700000,1.109033,60,36.663638,36.725410,36.613258,0.029088,60,34.358214,34.386208,34.330132,0.016398,60,36.159391,36.194016,36.121918,0.019493,60,32.445000,32.500000,32.400000,0.050169,60,35.977301,36.048935,35.897659,0.047062,60,33.581435,33.629868,33.546066,0.020725,60,35.518850,35.564285,35.468857,0.030000,60,1001.700000,1001.700000,1001.700000,0.000052,60,1001.700000,1001.700000,1001.700000,0.000052,60,22.916667,23.600000,22.500000,0.323208,60,174.205317,178.214096,169.968369,3.350557,60,970.216020,990.831238,945.785767,17.868386,60,985.975879,1005.936035,961.724182,17.715071,60,10.766857,10.984821,10.502028,0.193448,60,1.841350,1.883723,1.796566,0.035415,60,10.371609,10.591986,10.110449,0.191013,60,0.774849,0.913573,0.635434,0.063382,60,-179.036770,-178.898315,-179.141678,0.054993,60,0.016483,0.092154,-0.053495,0.033035,60,7.009481,7.114391,6.899902,0.050555,60,179.414907,179.513763,179.321854,0.044937,60,-0.199161,-0.090142,-0.274812,0.051548,60,0.000000,16.450000,30.000000,6.000000,5.767898,60,2606.633333,2880.000000,2283.000000,140.616315,60,1.645000,3.000000,0.600000,0.576790,60,260.740049,13.918002,60,60,60,60,60,60,60,60,60,60,60,60,60,60,60,60,60,60,60,60,60,60,60,60,60,60,60,60,60,60,13.4477,13.54,13.38,23.41,26,22,40.00,6860251
2026-10-03 10:44:00,23.206734,23.268482,23.144884,0.029710,60,14.820427,14.886702,14.753948,0.031200,60,19.302841,19.365225,19.195850,0.032217,60,57.873333,60.300000,56.300000,1.373831,60,36.577877,36.653313,36.495766,0.034773,60,34.320652,34.356834,34.284737,0.018114,60,36.101980,36.151291,36.052490,0.020687,60,32.400000,32.400000,32.400000,0.000000,60,35.893357,35.925858,35.842117,0.024141,60,33.532434,33.557755,33.506790,0.010995,60,35.477719,35.503220,35.437668,0.015924,60,1001.700000,1001.700000,1001.700000,0.000052,60,1001.700000,1001.700000,1001.700000,0.000052,60,23.106667,23.800000,22.600000,0.411227,60,158.759770,176.441910,134.107208,16.782339,60,883.803257,987.405396,723.446472,100.792709,60,898.552156,1003.951233,729.866028,103.438814,60,9.812190,10.963147,7.970137,1.129552,60,1.678091,1.864991,1.417513,0.177389,60,9.447856,10.555364,7.733643,1.077474,60,0.782474,0.887112,0.647376,0.049808,60,-179.040121,-178.923004,-179.210236,0.060145,60,0.017572,0.105412,-0.080432,0.046179,60,7.011549,7.105941,6.915211,0.043297,60,179.407657,179.540619,179.269211,0.057074,60,-0.199839,-0.090211,-0.340489,0.047237,60,0.000000,12.100000,19.000000,9.000000,2.326706,60,2285.000000,2724.000000,2012.000000,179.260912,60,1.210000,1.900000,0.900000,0.232671,60,228.198452,17.706606,60,60,60,60,60,60,60,60,60,60,60,60,60,60,60,60,60,60,60,60,60,60,60,60,60,60,60,60,60,60,13.4478,13.53,13.37,23.54,26,22,40.00,6860285
2026-10-03 10:45:00,23.262964,23.306629,23.215076,0.023933,60,14.836271,14.883650,14.767681,0.031944,60,19.329315,19.414053,19.278248,0.026591,60,57.550000,59.400000,56.100000,1.153109,60,36.513390,36.538490,36.482414,0.014132,60,34.284069,34.316780,34.242004,0.014934,60,36.067533,36.092545,36.036469,0.013544,60,32.400000,32.400000,32.400000,0.000000,60,35.852115,35.886734,35.817947,0.017615,60,33.512727,33.526962,33.496628,0.006915,60,35.449133,35.482559,35.419815,0.012085,60,1001.700000,1001.700000,1001.700000,0.000052,60,1001.700000,1001.700000,1001.700000,0.000052,60,22.993333,23.600000,22.500000,0.360257,60,153.556606,178.084900,141.792694,11.415917,60,868.838743,997.550293,795.595154,62.131859,60,881.867585,1010.622986,808.246765,61.621143,60,9.629994,11.036003,8.826055,0.672903,60,1.623093,1.882357,1.498749,0.120666,60,9.287886,10.663813,8.504912,0.664190,60,0.777133,0.885594,0.646884,0.051786,60,-179.031513,-178.924011,-179.142090,0.051525,60,0.010473,0.092154,-0.080603,0.040947,60,7.007794,7.105941,6.879526,0.046029,60,179.410826,179.553864,179.295990,0.048401,60,-0.196271,-0.090004,-0.301049,0.050152,60,0.000000,9.016667,13.000000,6.000000,1.501318,60,2190.550000,2327.000000,2039.000000,65.431922,60,0.901667,1.300000,0.600000,0.150132,60,219.055860,6.485336,60,60,60,60,60,60,60,60,60,60,60,60,60,60,60,60,60,60,60,60,60,60,60,60,60,60,60,60,60,60,13.4653,13.52,13.41,23.46,26,22,40.00,6860319
2026-10-03 10:46:00,23.273187,23.324942,23.213551,0.027288,60,14.841967,14.934005,14.782941,0.030190,60,19.337454,19.397268,19.262989,0.028439,60,58.558333,60.300000,56.400000,1.139921,60,36.508895,36.538490,36.482414,0.011449,60,34.274189,34.316780,34.242004,0.014278,60,36.067800,36.092545,36.036469,0.011859,60,32.518333,32.600000,32.400000,0.059636,60,35.950183,35.999924,35.885757,0.032912,60,33.536458,33.564468,33.513687,0.012397,60,35.519916,35.567490,35.462387,0.025548,60,1001.700000,1001.700000,1001.700000,0.000052,60,1001.700000,1001.700000,1001.700000,0.000052,60,23.343333,23.800000,22.600000,0.340173,60,173.010563,180.306381,153.288010,9.113926,60,971.849654,1007.509338,863.631165,43.161130,60,986.984117,1021.023010,887.105713,41.206255,60,10.777867,11.149571,9.687194,0.449972,60,1.828722,1.905838,1.620254,0.096334,60,10.389072,10.770274,9.232217,0.461393,60,0.778232,0.928212,0.672165,0.055804,60,-179.052160,-178.883392,-179.169357,0.053756,60,0.020491,0.105374,-0.106841,0.045693,60,7.016918,7.132077,6.868644,0.053578,60,179.401635,179.486481,179.255325,0.047848,60,-0.188469,-0.089866,-0.274737,0.043863,60,0.000000,9.116667,13.000000,6.000000,1.668163,60,2025.500000,2236.000000,1748.000000,112.273803,60,0.911667,1.300000,0.600000,0.166816,60,202.565788,11.120871,60,60,60,60,60,60,60,60,60,60,60,60,60,60,60,60,60,60,60,60,60,60,60,60,60,60,60,60,60,60,13.4485,13.53,13.38,23.43,25,22,40.00,6860352
2026-10-03 10:47:00,23.287327,23.356985,23.233387,0.026061,60,14.846749,14.883650,14.799726,0.022602,60,19.348771,19.414053,19.278248,0.027890,60,58.033333,59.700000,56.100000,1.016919,60,36.534752,36.567863,36.495766,0.020188,60,34.279930,34.316780,34.255363,0.015358,60,36.092100,36.137939,36.052490,0.017964,60,32.696667,32.800000,32.600000,0.051967,60,36.045233,36.112045,35.992813,0.034876,60,33.577876,33.607712,33.551376,0.015239,60,35.587754,35.638046,35.548996,0.026811,60,1001.700000,1001.700000,1001.700000,0.000052,60,1001.700000,1001.700000,1001.700000,0.000052,60,23.395000,23.900000,23.000000,0.260654,60,171.521279,174.506714,152.902252,5.919981,60,957.874175,973.287170,849.594604,32.159061,60,970.389465,986.160156,863.550720,32.978020,60,10.596653,10.768869,9.429974,0.360120,60,1.812980,1.844536,1.616177,0.062574,60,10.239674,10.404439,9.082166,0.343780,60,0.775889,0.912023,0.633972,0.057482,60,-179.055250,-178.950790,-179.168381,0.049949,60,0.022653,0.131846,-0.120234,0.048950,60,7.016747,7.147862,6.920606,0.056788,60,179.408936,179.662384,179.295502,0.065604,60,-0.192150,-0.063869,-0.314252,0.049209,60,0.000000,7.566667,15.000000,1.000000,4.183773,60,1863.850000,2506.000000,1244.000000,244.370643,60,0.756667,1.500000,0.100000,0.418377,60,186.252122,23.962942,60,60,60,60,60,60,60,60,60,60,60,60,60,60,60,60,60,60,60,60,60,60,60,60,60,60,60,60,60,60,13.4402,13.50,13.37,23.55,25,22,40.00,6860386
2026-10-03 10:48:00,23.284530,23.360037,23.208973,0.030013,60,14.853361,14.901960,14.801251,0.027355,60,19.360240,19.418631,19.299610,0.027293,60,56.980000,58.400000,56.100000,0.518080,60,36.599061,36.653313,36.554512,0.026854,60,34.301381,34.330132,34.255363,0.017154,60,36.148665,36.194016,36.092545,0.025657,60,32.851667,32.900000,32.800000,0.050394,60,36.176378,36.223343,36.108444,0.032073,60,33.638033,33.675064,33.594711,0.019998,60,35.687867,35.738602,35.626907,0.029565,60,1001.700000,1001.700000,1001.700000,0.000052,60,1001.700000,1001.700000,1001.700000,0.000052,60,23.245000,23.800000,23.000000,0.207834,60,174.144708,174.535294,173.694931,0.217250,60,971.257774,972.338562,969.823975,0.488396,60,985.077125,986.195862,983.633545,0.646833,60,10.757042,10.769258,10.741279,0.007063,60,1.840710,1.844838,1.835956,0.002296,60,10.382745,10.394299,10.367418,0.005221,60,0.774616,0.887112,0.671661,0.052659,60,-179.051369,-178.949539,-179.169357,0.054969,60,0.035317,0.158381,-0.107030,0.044377,60,7.032081,7.145144,6.879526,0.061519,60,179.416488,179.513443,179.253922,0.051693,60,-0.200781,-0.103317,-0.314127,0.056709,60,0.000000,12.700000,23.000000,4.000000,5.542746,60,2015.983333,2421.000000,1564.000000,191.716465,60,1.270000,2.300000,0.400000,0.554275,60,201.756573,18.949733,60,60,60,60,60,60,60,60,60,60,60,60,60,60,60,60,60,60,60,60,60,60,60,60,60,60,60,60,60,60,13.4428,13.52,13.37,23.46,25,22,40.00,6860420
2026-10-03 10:49:00,23.254927,23.315786,23.167772,0.028390,60,14.855497,14.918746,14.801251,0.024929,60,19.352509,19.400320,19.285877,0.026050,60,59.050000,60.200000,57.800000,0.648205,60,36.673384,36.712059,36.626610,0.024268,60,34.336941,34.372856,34.298088,0.015093,60,36.203629,36.236740,36.151291,0.018199,60,32.973333,33.100000,32.900000,0.073338,60,36.247286,36.296951,36.202866,0.029041,60,33.679310,33.706558,33.660446,0.011183,60,35.740774,35.778305,35.706680,0.020425,60,1001.700000,1001.700000,1001.700000,0.000052,60,1001.700000,1001.700000,1001.700000,0.000052,60,23.933333,24.300000,23.600000,0.195428,60,174.301898,174.542618,173.936417,0.197130,60,969.189537,972.210022,967.457825,1.450651,60,983.117730,986.353088,981.461243,1.458448,60,10.735646,10.770975,10.717557,0.015926,60,1.842371,1.844915,1.838508,0.002084,60,10.360636,10.392925,10.342124,0.015507,60,0.771114,0.884381,0.646637,0.044650,60,-179.053924,-178.897018,-179.182220,0.058719,60,0.034410,0.105399,-0.040678,0.037714,60,7.029364,7.116353,6.890981,0.045306,60,179.419459,179.539383,179.294357,0.055323,60,-0.193285,-0.090142,-0.300955,0.041369,60,0.000000,11.366667,16.000000,7.000000,2.393258,60,2186.933333,2589.000000,1836.000000,211.087729,60,1.136667,1.600000,0.700000,0.239326,60,218.574175,20.965416,60,60,60,60,60,60,60,60,60,60,60,60,60,60,60,60,60,60,60,60,60,60,60,60,60,60,60,60,60,60,13.4325,13.52,13.37,23.53,26,22,40.00,6860454
2026-10-03 10:50:00,23.252232,23.318838,23.183031,0.026680,60,14.849622,14.937057,14.769207,0.028665,60,19.349330,19.423208,19.253834,0.030115,60,56.820000,59.900000,55.600000,1.259513,60,36.734447,36.794846,36.696037,0.019133,60,34.378464,34.412910,34.330132,0.019786,60,36.256415,36.292824,36.223389,0.017544,60,33.103333,33.200000,33.100000,0.018102,60,36.297015,36.329514,36.271530,0.014888,60,33.722470,33.758255,33.694077,0.015553,60,35.797440,35.848587,35.765976,0.021037,60,1001.700000,1001.700000,1001.700000,0.000052,60,1001.700000,1001.700000,1001.700000,0.000052,60,23.423333,24.300000,23.100000,0.293065,60,174.326752,174.778595,173.976883,0.243816,60,969.547954,972.038391,967.934998,1.147615,60,983.942357,986.268188,982.462891,1.079868,60,10.744651,10.770049,10.728496,0.011792,60,1.842634,1.847410,1.838936,0.002577,60,10.364467,10.391089,10.347224,0.012268,60,0.784193,0.923826,0.699697,0.048414,60,-179.052288,-178.949295,-179.169357,0.043688,60,0.029543,0.105437,-0.107156,0.038473,60,7.024247,7.166546,6.918689,0.051415,60,179.427129,179.540329,179.268875,0.051065,60,-0.199646,-0.063643,-0.314111,0.051327,60,0.000000,7.300000,14.000000,3.000000,2.249670,60,2282.133333,2543.000000,1621.000000,218.847479,60,0.730000,1.400000,0.300000,0.224967,60,228.884267,21.489169,60,60,60,60,60,60,60,60,60,60,60,60,60,60,60,60,60,60,60,60,60,60,60,60,60,60,60,60,60,60,13.4399,13.52,13.38,23.49,25,21,40.00,6860488
2026-10-03 10:51:00,23.257852,23.338675,23.199818,0.026541,60,14.856743,14.938582,14.787519,0.029563,60,19.348262,19.423208,19.258411,0.032084,60,55.020000,56.800000,54.100000,0.903064,60,36.791241,36.824219,36.752121,0.021054,60,34.417450,34.455635,34.372856,0.018456,60,36.313430,36.348900,36.279472,0.020301,60,33.200000,33.200000,33.200000,0.000000,60,36.372209,36.431290,36.320877,0.029291,60,33.771350,33.801193,33.736740,0.015280,60,35.872870,35.924393,35.816788,0.025976,60,1001.700000,1001.700000,1001.700000,0.000052,60,1001.700000,1001.700000,1001.700000,0.000052,60,22.973333,23.400000,22.600000,0.247610,60,175.027980,175.368774,174.671112,0.193264,60,972.311654,973.309570,970.794067,0.511620,60,986.393986,987.914124,983.077271,0.635089,60,10.771422,10.788022,10.735204,0.006935,60,1.850046,1.853648,1.846274,0.002043,60,10.394011,10.404678,10.377789,0.005469,60,0.753410,0.885290,0.643447,0.052666,60,-179.045623,-178.951263,-179.140488,0.046354,60,0.029127,0.131909,-0.053797,0.041834,60,7.017743,7.114392,6.920606,0.046611,60,179.411621,179.513443,179.335892,0.050711,60,-0.183465,-0.064469,-0.274737,0.053813,60,0.000000,8.500000,14.000000,4.000000,2.418152,60,1603.083333,1828.000000,1318.000000,153.564130,60,0.850000,1.400000,0.400000,0.241815,60,160.341582,15.230698,60,60,60,60,60,60,60,60,60,60,60,60,60,60,60,60,60,60,60,60,60,60,60,60,60,60,60,60,60,60,13.4309,13.50,13.38,23.44,25,22,40.00,6860521
2026-10-03 10:52:00,23.256657,23.314260,23.204395,0.023738,60,14.850004,14.906539,14.792096,0.028225,60,19.341243,19.395742,19.258411,0.030548,60,56.903333,58.900000,55.300000,1.207177,60,36.868946,36.936371,36.810867,0.027301,60,34.459908,34.498360,34.412910,0.020230,60,36.382323,36.434349,36.335548,0.024093,60,33.300000,33.400000,33.200000,0.045099,60,36.477286,36.516312,36.410049,0.030392,60,33.822260,33.849075,33.778519,0.016708,60,35.962589,35.998642,35.913010,0.024575,60,1001.651667,1001.700000,1001.600000,0.050394,60,1001.651667,1001.700000,1001.600000,0.050394,60,23.648333,24.300000,23.100000,0.353909,60,175.815238,176.977921,175.288300,0.548922,60,975.748767,979.564392,973.010254,2.123385,60,989.933288,994.188843,987.041504,2.192830,60,10.810072,10.856542,10.778493,0.023946,60,1.858367,1.870656,1.852797,0.005802,60,10.430754,10.471543,10.401480,0.022699,60,0.771501,0.911095,0.646884,0.054414,60,-179.066001,-178.950790,-179.209320,0.053370,60,0.035298,0.158381,-0.080319,0.043757,60,7.015210,7.132077,6.922886,0.052423,60,179.427238,179.553772,179.295502,0.057021,60,-0.202740,-0.103185,-0.301011,0.046357,60,0.000000,18.983333,35.000000,6.000000,9.214012,60,1527.500000,1815.000000,1293.000000,148.312256,60,1.898333,3.500000,0.600000,0.921401,60,152.697685,14.706783,60,60,60,60,60,60,60,60,60,60,60,60,60,60,60,60,60,60,60,60,60,60,60,60,60,60,60,60,60,60,13.4375,13.53,13.37,23.52,25,22,40.00,6860555
2026-10-03 10:53:00,23.237939,23.300526,23.181505,0.027089,60,14.846952,14.924850,14.773785,0.030336,60,19.331935,19.397268,19.278248,0.029832,60,57.510000,59.200000,56.300000,0.767717,60,36.930096,36.949722,36.893646,0.013463,60,34.497336,34.525063,34.468987,0.012064,60,36.433904,36.461052,36.404976,0.014071,60,33.163333,33.300000,33.100000,0.055132,60,36.454796,36.503616,36.412918,0.019210,60,33.825092,33.850174,33.807724,0.013009,60,35.929179,35.972733,35.886307,0.020808,60,1001.625000,1001.700000,1001.600000,0.043667,60,1001.625000,1001.700000,1001.600000,0.043667,60,23.688333,24.100000,23.300000,0.220240,60,178.245383,178.899170,177.161301,0.408650,60,983.153938,987.200928,979.900146,1.935305,60,997.706421,1001.878418,994.568787,1.965499,60,10.894954,10.940513,10.860691,0.021463,60,1.884054,1.890964,1.872595,0.004319,60,10.509915,10.553178,10.475132,0.020688,60,0.755890,0.858557,0.605744,0.057551,60,-179.042447,-178.924011,-179.168579,0.052953,60,0.032883,0.105349,-0.053948,0.029755,60,6.995409,7.132077,6.847714,0.057087,60,179.427891,179.554062,179.324356,0.059534,60,-0.188290,-0.051556,-0.274787,0.055258,60,0.000000,24.200000,34.000000,15.000000,5.635240,60,1624.216667,1940.000000,1432.000000,122.520021,60,2.420000,3.400000,1.500000,0.563524,60,162.340680,12.114338,60,60,60,60,60,60,60,60,60,60,60,60,60,60,60,60,60,60,60,60,60,60,60,60,60,60,60,60,60,60,13.4418,13.53,13.38,23.50,25,22,39.99,6860589
2026-10-03 10:54:00,23.232446,23.302052,23.181505,0.028521,60,14.851453,14.909591,14.808881,0.022766,60,19.324534,19.397268,19.262989,0.025916,60,57.938333,59.700000,56.200000,1.135273,60,36.933834,36.965744,36.893646,0.015197,60,34.506371,34.525063,34.485008,0.010487,60,36.425715,36.447701,36.404976,0.012026,60,32.976667,33.100000,32.900000,0.078905,60,36.368106,36.421463,36.320236,0.032786,60,33.786469,33.815750,33.756180,0.016973,60,35.841005,35.891495,35.795395,0.031078,60,1001.600000,1001.600000,1001.600000,0.000053,60,1001.600000,1001.600000,1001.600000,0.000053,60,23.608333,24.100000,23.100000,0.298182,60,180.359025,181.220840,179.055115,0.668571,60,991.553126,994.917542,987.078369,2.339374,60,1006.560436,1010.440247,1001.616577,2.593839,60,10.991640,11.034008,10.937654,0.028325,60,1.906395,1.915504,1.892613,0.007067,60,10.599703,10.635668,10.551867,0.025008,60,0.760647,0.886201,0.567630,0.068872,60,-179.052442,-178.924789,-179.182220,0.055977,60,0.027099,0.131865,-0.040678,0.041204,60,6.995402,7.100055,6.859118,0.048138,60,179.411449,179.553772,179.268372,0.060528,60,-0.189529,-0.050462,-0.379985,0.058535,60,0.000000,26.166667,35.000000,18.000000,4.146335,60,1622.466667,1730.000000,1297.000000,95.039237,60,2.616667,3.500000,1.800000,0.414633,60,162.315294,9.381741,60,60,60,60,60,60,60,60,60,60,60,60,60,60,60,60,60,60,60,60,60,60,60,60,60,60,60,60,60,60,13.4412,13.52,13.37,23.50,25,22,40.00,6860623
2026-10-03 10:55:00,23.244653,23.300526,23.181505,0.030528,60,14.844689,14.909591,14.776836,0.028394,60,19.337657,19.395742,19.262989,0.029276,60,57.325000,59.300000,56.600000,0.672114,60,36.909757,36.949722,36.880295,0.017444,60,34.492040,34.511711,34.468987,0.012706,60,36.392337,36.418327,36.362251,0.015854,60,32.826667,32.900000,32.700000,0.048246,60,36.281107,36.332260,36.238663,0.021962,60,33.737740,33.769302,33.702927,0.015317,60,35.757069,35.811478,35.710526,0.025672,60,1001.600000,1001.600000,1001.600000,0.000053,60,1001.600000,1001.600000,1001.600000,0.000053,60,23.301667,23.800000,23.100000,0.202101,60,182.305709,183.578827,181.210083,0.715773,60,999.985529,1004.584412,994.805054,2.903547,60,1015.331193,1020.282104,1010.603271,2.934105,60,11.087417,11.141480,11.035789,0.032040,60,1.926971,1.940428,1.915390,0.007566,60,10.689845,10.739007,10.634466,0.031039,60,0.746178,0.820181,0.647376,0.045503,60,-179.038541,-178.925552,-179.142090,0.051277,60,0.023557,0.105374,-0.120035,0.045698,60,6.985462,7.114391,6.890981,0.052370,60,179.428968,179.540833,179.323105,0.056185,60,-0.188004,0.001715,-0.300936,0.059354,60,0.000000,21.933333,27.000000,18.000000,2.779261,60,1549.866667,1749.000000,1348.000000,91.847417,60,2.193333,2.700000,1.800000,0.277926,60,154.997621,9.097745,60,60,60,60,60,60,60,60,60,60,60,60,60,60,60,60,60,60,60,60,60,60,60,60,60,60,60,60,60,60,13.4390,13.52,13.38,23.49,26,22,40.00,6860657
2026-10-03 10:56:00,23.264820,23.327993,23.204395,0.022960,60,14.855802,14.924850,14.790570,0.027560,60,19.355078,19.427786,19.291981,0.031337,60,59.140000,60.400000,57.800000,0.749508,60,36.857063,36.893646,36.824219,0.017068,60,34.458839,34.498360,34.428932,0.014525,60,36.342402,36.378273,36.306175,0.018535,60,32.730000,32.800000,32.700000,0.046212,60,36.230748,36.266190,36.182724,0.022115,60,33.690285,33.717148,33.667770,0.012752,60,35.704900,35.738815,35.668320,0.020582,60,1001.600000,1001.600000,1001.600000,0.000053,60,1001.600000,1001.600000,1001.600000,0.000053,60,23.721667,24.100000,23.300000,0.274999,60,184.461909,185.167618,183.652023,0.455152,60,1010.030402,1013.800903,1003.903809,2.673459,60,1026.007250,1029.740723,1020.297119,2.820590,60,11.203999,11.244768,11.141644,0.030801,60,1.949762,1.957222,1.941202,0.004811,60,10.797225,10.837531,10.731731,0.028579,60,0.761640,0.965810,0.591196,0.086924,60,-179.037543,-178.925034,-179.169540,0.057792,60,0.028406,0.105374,-0.053898,0.039661,60,6.999086,7.108514,6.846051,0.047682,60,179.442939,179.622009,179.296310,0.070178,60,-0.187750,-0.024524,-0.340517,0.068357,60,0.000000,26.100000,35.000000,13.000000,5.420301,60,1491.316667,1812.000000,1233.000000,134.233353,60,2.610000,3.500000,1.300000,0.542030,60,149.100997,13.299367,60,60,60,60,60,60,60,60,60,60,60,60,60,60,60,60,60,60,60,60,60,60,60,60,60,60,60,60,60,60,13.4346,13.52,13.37,23.52,25,22,40.00,6860690
2026-10-03 10:57:00,23.279901,23.355459,23.218128,0.032880,60,14.860558,14.906539,14.805829,0.025286,60,19.364818,19.441521,19.305714,0.026420,60,60.001667,62.500000,57.300000,1.694807,60,36.802189,36.850922,36.752121,0.026515,60,34.431825,34.468987,34.399559,0.018246,60,36.293001,36.335548,36.250092,0.022025,60,32.700000,32.700000,32.700000,0.000000,60,36.132894,36.194962,36.057236,0.041463,60,33.646061,33.678818,33.605392,0.018843,60,35.621648,35.681564,35.568222,0.033720,60,1001.545000,1001.600000,1001.300000,0.096419,60,1001.545000,1001.600000,1001.300000,0.096419,60,23.863333,24.600000,23.100000,0.467219,60,186.163195,187.376999,184.156677,1.018624,60,1016.778940,1020.362488,1013.153137,1.948874,60,1032.986239,1036.504028,1029.974121,2.190369,60,11.280210,11.318624,11.247317,0.023919,60,1.967745,1.980575,1.946536,0.010767,60,10.869366,10.907675,10.830606,0.020833,60,0.772868,0.956608,0.525431,0.096472,60,-179.036180,-178.926056,-179.176819,0.044084,60,0.018945,0.092154,-0.053646,0.034506,60,7.001068,7.114391,6.894807,0.054218,60,179.436352,179.702698,179.181808,0.094431,60,-0.177963,0.108050,-0.445859,0.108774,60,0.000000,32.850000,56.000000,15.000000,11.628173,60,1676.466667,2106.000000,1181.000000,279.891412,60,3.285000,5.600000,1.500000,1.162817,60,167.745453,27.996135,60,60,60,60,60,60,60,60,60,60,60,60,60,60,60,60,60,60,60,60,60,60,60,60,60,60,60,60,60,60,13.4429,13.50,13.38,23.47,25,22,40.00,6860724
2026-10-03 10:58:00,23.302230,23.369192,23.228809,0.030149,60,14.864780,14.955367,14.805829,0.028941,60,19.376593,19.436941,19.319448,0.024186,60,61.630000,62.700000,59.600000,0.802179,60,36.723053,36.781494,36.669334,0.024931,60,34.395331,34.428932,34.356834,0.016234,60,36.219072,36.263451,36.167313,0.025783,60,32.746667,32.800000,32.700000,0.050310,60,36.017707,36.061630,35.961197,0.025450,60,33.597522,33.623886,33.571976,0.013754,60,35.532457,35.582657,35.486404,0.026041,60,1001.585000,1001.600000,1001.500000,0.036009,60,1001.585000,1001.600000,1001.500000,0.036009,60,24.470000,24.800000,23.900000,0.230180,60,187.842010,188.373978,187.113785,0.363217,60,1023.940687,1026.936401,1020.117310,2.016816,60,1040.112703,1043.061157,1036.037476,2.022488,60,11.358031,11.390228,11.313529,0.022086,60,1.985490,1.991113,1.977793,0.003839,60,10.945926,10.977949,10.905054,0.021560,60,0.757423,0.912023,0.593058,0.084058,60,-179.035595,-178.894928,-179.180496,0.061998,60,0.016666,0.092091,-0.080432,0.041279,60,6.984620,7.105941,6.868645,0.057041,60,179.425702,179.580872,179.253052,0.079843,60,-0.171693,-0.050619,-0.314205,0.064592,60,0.000000,29.066667,40.000000,21.000000,4.664568,60,1778.016667,1957.000000,1577.000000,92.026432,60,2.906667,4.000000,2.100000,0.466457,60,177.807299,9.118183,60,60,60,60,60,60,60,60,60,60,60,60,60,60,60,60,60,60,60,60,60,60,60,60,60,60,60,60,60,60,13.4504,13.50,13.38,23.37,25,22,40.00,6860758
2026-10-03 10:59:00,23.334402,23.392080,23.224232,0.026995,60,14.873045,14.937057,14.819562,0.027191,60,19.397090,19.465935,19.333181,0.027634,60,60.456667,61.800000,58.200000,0.853779,60,36.644768,36.696037,36.613258,0.019677,60,34.364044,34.412910,34.330132,0.016725,60,36.153650,36.194016,36.108566,0.020842,60,32.843333,32.900000,32.800000,0.049972,60,35.969819,35.993393,35.947464,0.009290,60,33.577131,33.595596,33.560440,0.008270,60,35.487198,35.504227,35.473129,0.007856,60,1001.600000,1001.600000,1001.600000,0.000053,60,1001.600000,1001.600000,1001.600000,0.000053,60,24.173333,24.600000,23.600000,0.260291,60,187.290626,187.887161,186.613480,0.406499,60,1020.395593,1023.998108,1016.088013,2.107655,60,1036.469350,1039.955933,1032.125244,2.191041,60,11.318245,11.356318,11.270807,0.023926,60,1.979662,1.985967,1.972504,0.004297,60,10.908028,10.946539,10.861980,0.022531,60,0.781888,0.884684,0.671661,0.052994,60,-179.042546,-178.896225,-179.212463,0.062905,60,0.013623,0.105399,-0.054049,0.042042,60,7.016885,7.149092,6.907549,0.048480,60,179.429293,179.580872,179.322311,0.060587,60,-0.170901,-0.050697,-0.274662,0.065070,60,0.000000,23.333333,35.000000,15.000000,5.222723,60,1725.983333,2008.000000,1443.000000,179.304068,60,2.333333,3.500000,1.500000,0.522272,60,172.659207,17.817771,60,60,60,60,60,60,60,60,60,60,60,60,60,60,60,60,60,60,60,60,60,60,60,60,60,60,60,60,60,60,13.4392,13.53,13.38,23.45,25,22,40.00,6860792
2026-10-03 11:00:00,23.352356,23.434805,23.279163,0.030942,60,14.879377,14.937057,14.819562,0.027239,60,19.410315,19.482719,19.346914,0.027404,60,57.918333,59.200000,57.100000,0.545394,60,36.596836,36.653313,36.538490,0.020424,60,34.337386,34.372856,34.298088,0.014676,60,36.103270,36.151291,36.079193,0.018174,60,32.813333,32.900000,32.800000,0.034280,60,35.954592,35.978775,35.932449,0.010235,60,33.566935,33.583298,33.548386,0.008111,60,35.468525,35.496201,35.447891,0.011539,60,1001.596667,1001.600000,1001.500000,0.018102,60,1001.596667,1001.600000,1001.500000,0.018102,60,23.441667,23.800000,23.300000,0.153260,60,187.839501,188.663712,186.655777,0.584858,60,1021.532582,1024.886719,1016.223328,2.832322,60,1036.909170,1040.287231,1031.598267,2.835582,60,11.323048,11.359937,11.265054,0.030965,60,1.985463,1.994175,1.972952,0.006182,60,10.920183,10.956038,10.863427,0.030278,60,0.778077,0.925389,0.632514,0.063917,60,-179.027832,-178.897018,-179.114426,0.050133,60,0.004912,0.131859,-0.080319,0.043068,60,7.010162,7.100056,6.915209,0.052965,60,179.431546,179.553558,179.295502,0.058508,60,-0.186148,-0.050619,-0.314158,0.058718,60,0.000000,24.333333,33.000000,18.000000,2.856255,60,1573.866667,1792.000000,1190.000000,110.732915,60,2.433333,3.300000,1.800000,0.285625,60,157.427167,10.935910,60,60,60,60,60,60,60,60,60,60,60,60,60,60,60,60,60,60,60,60,60,60,60,60,60,60,60,60,60,60,13.4415,13.53,13.36,23.56,26,22,40.00,6860825
2026-10-03 11:01:00,23.356400,23.433279,23.309681,0.027472,60,14.886575,14.952315,14.836347,0.025500,60,19.412299,19.479668,19.328604,0.030769,60,56.750000,58.100000,54.900000,1.009531,60,36.558918,36.594566,36.525139,0.015144,60,34.318516,34.356834,34.284737,0.015746,60,36.065575,36.092545,36.036469,0.015645,60,32.800000,32.800000,32.800000,0.000001,60,35.941652,35.962234,35.915970,0.008100,60,33.553108,33.572556,33.533737,0.007882,60,35.453180,35.473831,35.434738,0.008603,60,1001.570000,1001.600000,1001.500000,0.046212,60,1001.570000,1001.600000,1001.500000,0.046212,60,23.121667,23.400000,22.600000,0.283496,60,188.471165,190.877884,184.964340,1.296267,60,1024.933684,1036.485962,1007.149414,6.428823,60,1040.457113,1052.185913,1024.174561,6.410667,60,11.361792,11.489870,11.183987,0.070004,60,1.992140,2.017579,1.955073,0.013702,60,10.956541,11.080034,10.766427,0.068724,60,0.797208,0.953080,0.632757,0.065180,60,-179.024239,-178.881805,-179.141281,0.047004,60,0.007873,0.092123,-0.081172,0.039525,60,7.018521,7.145886,6.917128,0.048968,60,179.430685,179.554062,179.295670,0.058397,60,-0.175058,-0.064094,-0.274737,0.047154,60,0.000000,21.383333,34.000000,5.000000,8.483467,60,1422.683333,1654.000000,962.000000,144.619254,60,2.138333,3.400000,0.500000,0.848347,60,142.408828,14.266456,60,60,60,60,60,60,60,60,60,60,60,60,60,60,60,60,60,60,60,60,60,60,60,60,60,60,60,60,60,60,13.4462,13.50,13.39,23.48,25,21,39.99,6860861
2026-10-03 11:02:00,23.362860,23.419546,23.309681,0.024994,60,14.887821,14.950789,14.818036,0.026018,60,19.426795,19.478142,19.359121,0.027290,60,54.961667,57.100000,53.900000,0.810334,60,36.518819,36.554512,36.469063,0.020561,60,34.295373,34.316780,34.271385,0.013469,60,36.033754,36.079193,35.993744,0.018981,60,32.675000,32.800000,32.600000,0.065419,60,35.890306,35.936111,35.822800,0.025822,60,33.529702,33.550308,33.499252,0.014367,60,35.405949,35.455887,35.340195,0.030120,60,1001.568333,1001.600000,1001.500000,0.046910,60,1001.568333,1001.600000,1001.500000,0.046910,60,22.505000,23.300000,22.100000,0.303329,60,165.097795,189.745087,97.930504,26.125921,60,892.240383,1037.148682,505.229248,154.554448,60,909.570502,1051.503418,515.875732,154.151972,60,9.932510,11.482418,5.633363,1.683339,60,1.745084,2.005605,1.035125,0.276151,60,9.538049,11.087119,5.400900,1.652187,60,0.775324,0.911404,0.648611,0.053749,60,-179.016784,-178.893616,-179.142303,0.053239,60,0.002125,0.092123,-0.120433,0.049115,60,7.010429,7.141936,6.907548,0.050194,60,179.430136,179.595398,179.323105,0.048657,60,-0.174400,-0.050854,-0.301142,0.051827,60,0.000000,23.483333,29.000000,12.000000,3.202180,60,1330.950000,1538.000000,1079.000000,116.412683,60,2.348333,2.900000,1.200000,0.320218,60,133.104397,11.535275,60,60,60,60,60,60,60,60,60,60,60,60,60,60,60,60,60,60,60,60,60,60,60,60,60,60,60,60,60,60,13.4320,13.52,13.36,23.42,25,22,39.99,6860895
2026-10-03 11:03:00,23.396099,23.443962,23.350882,0.023789,60,14.888228,14.950789,14.831769,0.029318,60,19.453041,19.505608,19.391165,0.029991,60,55.798333,57.500000,54.500000,0.892624,60,36.433192,36.482414,36.370262,0.033252,60,34.259322,34.298088,34.228653,0.017616,60,35.955559,36.023117,35.897614,0.031381,60,32.593333,32.700000,32.500000,0.040617,60,35.717405,35.828751,35.580307,0.076098,60,33.457892,33.504776,33.400314,0.028701,60,35.234859,35.342392,35.108627,0.070763,60,1001.556667,1001.600000,1001.500000,0.049972,60,1001.556667,1001.600000,1001.500000,0.049972,60,22.683333,23.100000,22.300000,0.238759,60,98.633692,141.794296,67.146446,26.043593,60,543.654361,794.834961,372.610443,137.188667,60,556.562927,811.773743,382.824982,138.188483,60,6.077667,8.864570,4.180449,1.509018,60,1.042558,1.498766,0.709738,0.275281,60,5.811665,8.496785,3.983206,1.466547,60,0.781187,0.951483,0.633243,0.068582,60,-179.003928,-178.856689,-179.113785,0.057596,60,-0.012263,0.092075,-0.106778,0.042080,60,7.003494,7.182735,6.835096,0.073611,60,179.437287,179.581131,179.295502,0.061834,60,-0.166033,-0.050619,-0.274486,0.048437,60,0.000000,20.433333,31.000000,8.000000,6.680015,60,1268.200000,1505.000000,926.000000,122.166155,60,2.043333,3.100000,0.800000,0.668001,60,126.902737,12.076228,60,60,60,60,60,60,60,60,60,60,60,60,60,60,60,60,60,60,60,60,60,60,60,60,60,60,60,60,60,60,13.4546,13.57,13.37,23.54,25,22,39.98,6860929
2026-10-03 11:04:00,23.407187,23.469902,23.355459,0.025647,60,14.893365,14.947738,14.847029,0.024306,60,19.458686,19.519341,19.383535,0.027141,60,55.778333,57.400000,54.500000,0.936110,60,36.331009,36.383614,36.271461,0.027808,60,34.207780,34.242004,34.172577,0.016391,60,35.857426,35.910965,35.798813,0.027648,60,32.451667,32.500000,32.400000,0.050394,60,35.514914,35.571671,35.472946,0.025944,60,33.367935,33.411179,33.335709,0.017483,60,35.050256,35.107010,35.014572,0.024724,60,1001.535000,1001.600000,1001.500000,0.048099,60,1001.535000,1001.600000,1001.500000,0.048099,60,22.518333,23.000000,22.100000,0.308354,60,148.699383,188.685883,67.439819,45.935129,60,823.253838,1024.740356,373.778931,239.786544,60,836.535335,1040.766113,383.670532,242.653363,60,9.134966,11.365166,4.189682,2.649775,60,1.571752,1.994410,0.712839,0.485534,60,8.800583,10.954473,3.995697,2.563318,60,0.784740,0.927270,0.605744,0.062520,60,-178.995145,-178.883133,-179.100784,0.055946,60,-0.025983,0.092091,-0.120234,0.036727,60,7.004258,7.071980,6.889684,0.044780,60,179.430917,179.554672,179.296310,0.058271,60,-0.174588,-0.051478,-0.274587,0.044850,60,0.000000,18.716667,28.000000,11.000000,4.198836,60,1338.366667,1678.000000,1139.000000,114.130310,60,1.871667,2.800000,1.100000,0.419884,60,133.766398,11.277124,60,60,60,60,60,60,60,60,60,60,60,60,60,60,60,60,60,60,60,60,60,60,60,60,60,60,60,60,60,60,13.4683,13.55,13.38,23.42,25,22,39.97,6860963
2026-10-03 11:05:00,23.418860,23.460747,23.370718,0.023816,60,14.901249,14.982834,14.828717,0.028979,60,19.462984,19.530022,19.382010,0.033243,60,56.393333,60.100000,55.400000,1.230387,60,36.251119,36.314186,36.215378,0.024109,60,34.158513,34.185928,34.116501,0.016496,60,35.783814,35.812164,35.742729,0.020668,60,32.561667,32.700000,32.500000,0.061318,60,35.559846,35.594345,35.529007,0.015547,60,33.344351,33.357834,33.326248,0.006695,60,35.108630,35.143814,35.077255,0.017244,60,1001.510000,1001.600000,1001.500000,0.030253,60,1001.510000,1001.600000,1001.500000,0.030253,60,22.786667,23.900000,22.500000,0.391636,60,184.473992,185.755280,183.802689,0.393530,60,998.778486,1003.782227,993.270447,2.319632,60,1014.757116,1020.735474,1009.734131,2.365210,60,11.081148,11.146432,11.026297,0.025828,60,1.949890,1.963433,1.942794,0.004160,60,10.676942,10.730432,10.618060,0.024797,60,0.797030,0.965487,0.700474,0.051606,60,-179.016420,-178.883392,-179.142090,0.052454,60,-0.008731,0.105336,-0.080489,0.038642,60,7.012097,7.132077,6.885250,0.049144,60,179.425911,179.540527,179.296310,0.056205,60,-0.160106,-0.063794,-0.274662,0.049798,60,0.000000,14.800000,20.000000,10.000000,1.920452,60,1715.333333,2262.000000,1483.000000,185.765085,60,1.480000,2.000000,1.000000,0.192045,60,171.027918,18.208246,60,60,60,60,60,60,60,60,60,60,60,60,60,60,60,60,60,60,60,60,60,60,60,60,60,60,60,60,60,60,13.4334,13.50,13.37,23.51,25,22,39.98,6860996
2026-10-03 11:06:00,23.440325,23.489738,23.366140,0.023909,60,14.907429,14.998093,14.827191,0.029614,60,19.471173,19.543755,19.414053,0.025605,60,58.356667,61.100000,55.200000,2.122787,60,36.217292,36.258110,36.186005,0.014284,60,34.132478,34.159225,34.103149,0.012048,60,35.759069,35.785461,35.729378,0.011225,60,32.746667,32.800000,32.700000,0.050310,60,35.639262,35.687881,35.592819,0.025772,60,33.371331,33.399246,33.343430,0.014695,60,35.178251,35.223862,35.139999,0.023321,60,1001.501667,1001.600000,1001.500000,0.012910,60,1001.501667,1001.600000,1001.500000,0.012910,60,23.540000,24.300000,22.600000,0.547784,60,185.236667,185.881744,184.467209,0.446275,60,1006.135836,1009.382996,1001.338440,2.707644,60,1021.869430,1025.784790,1016.583740,2.889523,60,11.158814,11.201571,11.101094,0.031554,60,1.957952,1.964770,1.949818,0.004717,60,10.755592,10.790304,10.704308,0.028945,60,0.794266,0.925702,0.673679,0.051929,60,-179.005009,-178.897018,-179.143707,0.048114,60,-0.011758,0.065685,-0.080773,0.042068,60,7.042033,7.176424,6.896720,0.057671,60,179.416190,179.553558,179.295502,0.062856,60,-0.158647,-0.024355,-0.300936,0.057421,60,0.000000,17.083333,23.000000,10.000000,2.612173,60,1538.283333,1934.000000,1336.000000,98.906923,60,1.708333,2.300000,1.000000,0.261217,60,153.791987,9.757429,60,60,60,60,60,60,60,60,60,60,60,60,60,60,60,60,60,60,60,60,60,60,60,60,60,60,60,60,60,60,13.4431,13.53,13.38,23.52,25,22,39.97,6861030
2026-10-03 11:07:00,23.439129,23.506523,23.379873,0.024905,60,14.915668,14.982834,14.877546,0.024175,60,19.473386,19.546806,19.400320,0.027083,60,58.428333,59.300000,56.400000,0.722071,60,36.229843,36.284813,36.199356,0.017607,60,34.128829,34.159225,34.103149,0.012331,60,35.771709,35.798813,35.742729,0.015184,60,32.865000,33.000000,32.800000,0.054695,60,35.717477,35.762375,35.676437,0.021906,60,33.413584,33.439468,33.386185,0.012849,60,35.247926,35.292984,35.212387,0.022806,60,1001.500000,1001.500000,1001.500000,0.000000,60,1001.500000,1001.500000,1001.500000,0.000000,60,23.665000,23.900000,23.100000,0.184873,60,185.795347,185.882874,185.629059,0.063051,60,1008.696811,1009.760437,1007.242432,0.556608,60,1024.517581,1025.916138,1023.119202,0.516908,60,11.187732,11.203004,11.172462,0.005645,60,1.963857,1.964782,1.962099,0.000666,60,10.782969,10.794339,10.767421,0.005950,60,0.783228,0.912333,0.672669,0.045302,60,-179.014811,-178.883133,-179.116089,0.057671,60,-0.008019,0.092091,-0.080603,0.039828,60,7.027645,7.155479,6.917128,0.051070,60,179.417910,179.540222,179.295670,0.050279,60,-0.156198,-0.024609,-0.300992,0.064655,60,0.000000,14.033333,22.000000,8.000000,3.892482,60,1883.200000,2110.000000,1640.000000,96.115009,60,1.403333,2.200000,0.800000,0.389248,60,188.319271,9.513635,60,60,60,60,60,60,60,60,60,60,60,60,60,60,60,60,60,60,60,60,60,60,60,60,60,60,60,60,60,60,13.4463,13.52,13.38,23.57,25,22,39.93,6861064
2026-10-03 11:08:00,23.429618,23.479057,23.323416,0.029665,60,14.907276,14.979782,14.810407,0.032416,60,19.467435,19.548332,19.400320,0.027837,60,56.603333,57.600000,55.600000,0.583957,60,36.279872,36.314186,36.228729,0.022189,60,34.140667,34.199280,34.103149,0.016449,60,35.814256,35.854889,35.769440,0.019672,60,33.081667,33.200000,33.000000,0.074769,60,35.829525,35.907364,35.763443,0.043516,60,33.465592,33.500381,33.430496,0.019163,60,35.349915,35.413254,35.290298,0.035903,60,1001.500000,1001.500000,1001.500000,0.000000,60,1001.500000,1001.500000,1001.500000,0.000000,60,23.326667,23.800000,23.000000,0.189439,60,186.290301,186.578964,185.764206,0.211390,60,1010.855299,1012.795044,1008.040649,1.290088,60,1026.525594,1028.310547,1023.714783,1.309574,60,11.209659,11.229152,11.178966,0.014301,60,1.969088,1.972139,1.963528,0.002234,60,10.806043,10.826778,10.775954,0.013791,60,0.790594,0.860340,0.644917,0.045991,60,-179.016012,-178.898849,-179.169937,0.055254,60,-0.008251,0.092170,-0.106967,0.039039,60,7.035391,7.137263,6.890981,0.050544,60,179.424787,179.540619,179.269394,0.059829,60,-0.174636,-0.050697,-0.300992,0.049449,60,0.000000,12.233333,19.000000,7.000000,2.959424,60,1938.633333,2248.000000,1487.000000,163.760984,60,1.223333,1.900000,0.700000,0.295942,60,193.974435,16.177762,60,60,60,60,60,60,60,60,60,60,60,60,60,60,60,60,60,60,60,60,60,60,60,60,60,60,60,60,60,60,13.4628,13.54,13.41,23.31,25,21,39.91,6861098
2026-10-03 11:09:00,23.427049,23.501945,23.347830,0.030453,60,14.905954,14.964522,14.847029,0.026418,60,19.466647,19.548332,19.401846,0.028287,60,56.175000,57.600000,54.200000,0.929666,60,36.355754,36.412987,36.298164,0.029315,60,34.178229,34.215302,34.143204,0.015625,60,35.883149,35.937668,35.841537,0.027140,60,33.320000,33.400000,33.200000,0.070830,60,35.966629,36.062241,35.907516,0.042089,60,33.534885,33.578690,33.488266,0.024762,60,35.471706,35.556381,35.409012,0.042201,60,1001.500000,1001.500000,1001.500000,0.000000,60,1001.500000,1001.500000,1001.500000,0.000000,60,23.431667,23.900000,23.000000,0.239697,60,186.760609,187.229736,186.463013,0.198163,60,1013.146908,1015.441589,1009.313354,1.522195,60,1028.795919,1031.134277,1024.175415,1.715575,60,11.234451,11.259986,11.183996,0.018734,60,1.974060,1.979018,1.970914,0.002095,60,10.830540,10.855070,10.789559,0.016272,60,0.793826,0.912023,0.701512,0.049874,60,-179.025390,-178.897552,-179.167984,0.059026,60,-0.014211,0.065663,-0.120300,0.044897,60,7.051387,7.218688,6.924441,0.054418,60,179.426061,179.540527,179.323563,0.047327,60,-0.163891,0.015911,-0.274812,0.051817,60,0.000000,9.416667,18.000000,4.000000,3.585714,60,1711.400000,2046.000000,1125.000000,249.898094,60,0.941667,1.800000,0.400000,0.358571,60,171.981738,24.690853,60,60,60,60,60,60,60,60,60,60,60,60,60,60,60,60,60,60,60,60,60,60,60,60,60,60,60,60,60,60,13.4665,13.54,13.41,23.45,26,21,39.89,6861131
2026-10-03 11:10:00,23.417461,23.485161,23.364614,0.028655,60,14.907937,14.947738,14.863813,0.023521,60,19.456016,19.507133,19.374380,0.029517,60,54.760000,56.900000,53.600000,0.936854,60,36.458293,36.525139,36.383614,0.034334,60,34.228609,34.255363,34.185928,0.017456,60,35.981238,36.052490,35.924316,0.036026,60,33.511667,33.600000,33.400000,0.052373,60,36.127950,36.210251,36.045181,0.045646,60,33.616784,33.662766,33.572159,0.024227,60,35.615886,35.691666,35.540146,0.041345,60,1001.500000,1001.500000,1001.500000,0.000000,60,1001.500000,1001.500000,1001.500000,0.000000,60,23.206667,23.800000,22.800000,0.273004,60,186.660679,187.410843,185.472214,0.552523,60,1010.185228,1017.267822,1000.687561,4.482326,60,1025.924939,1032.787842,1017.075806,4.368175,60,11.203100,11.278044,11.106468,0.047700,60,1.973003,1.980933,1.960441,0.005840,60,10.798880,10.874593,10.697350,0.047916,60,0.784002,0.913884,0.646637,0.057934,60,-179.009872,-178.853149,-179.113785,0.055404,60,-0.006025,0.065553,-0.120632,0.039036,60,7.034478,7.153509,6.894807,0.047999,60,179.429529,179.539795,179.322159,0.045844,60,-0.170263,-0.063869,-0.261581,0.046617,60,0.000000,6.016667,11.000000,1.000000,2.158873,60,1429.366667,2344.000000,299.000000,345.754197,60,0.601667,1.100000,0.100000,0.215887,60,145.153335,32.649403,60,60,60,60,60,60,60,60,60,60,60,60,60,60,60,60,60,60,60,60,60,60,60,60,60,60,60,60,60,60,13.4687,13.53,13.41,23.43,25,22,39.87,6861165
2026-10-03 11:11:00,23.391419,23.451591,23.327993,0.026185,60,14.903614,14.966048,14.833295,0.026089,60,19.456525,19.497978,19.397268,0.024928,60,56.935000,58.500000,55.400000,0.930978,60,36.591540,36.682686,36.495766,0.045026,60,34.297242,34.343483,34.242004,0.026592,60,36.104472,36.194016,36.036469,0.043735,60,33.760000,33.900000,33.600000,0.084773,60,36.311416,36.420944,36.212387,0.058705,60,33.713493,33.779861,33.653397,0.033406,60,35.785271,35.878738,35.696915,0.051653,60,1001.460000,1001.500000,1001.400000,0.049403,60,1001.460000,1001.500000,1001.400000,0.049403,60,24.065000,24.400000,23.800000,0.221570,60,188.079255,188.682693,186.845108,0.449310,60,1018.513295,1022.900452,1011.326416,3.032669,60,1034.114319,1038.406128,1026.642578,3.161968,60,11.292528,11.339395,11.210938,0.034529,60,1.987998,1.994376,1.974953,0.004749,60,10.887907,10.934806,10.811079,0.032419,60,0.767947,0.912023,0.672165,0.054521,60,-179.009010,-178.882065,-179.141678,0.056384,60,0.004790,0.092154,-0.107156,0.039326,60,7.041908,7.210469,6.952075,0.047444,60,179.424605,179.580963,179.268524,0.052979,60,-0.164990,-0.090211,-0.274787,0.041709,60,0.000000,8.150000,18.000000,1.000000,4.157187,60,1300.733333,3154.000000,121.000000,559.937281,60,0.815000,1.800000,0.100000,0.415719,60,117.918556,48.483399,60,60,60,60,60,60,60,60,60,60,60,60,60,60,60,60,60,60,60,60,60,60,60,60,60,60,60,60,60,60,13.4722,13.54,13.42,23.43,26,22,39.77,6861199
2026-10-03 11:12:00,23.384654,23.457695,23.309681,0.028384,60,14.900053,14.955367,14.851606,0.028004,60,19.434984,19.505608,19.369802,0.031565,60,54.356667,55.500000,52.700000,0.834706,60,36.745174,36.824219,36.669334,0.044721,60,34.381802,34.428932,34.330132,0.024059,60,36.240348,36.319527,36.167313,0.040663,60,34.046667,34.200000,33.900000,0.101625,60,36.509594,36.608841,36.408554,0.055098,60,33.816841,33.864761,33.770432,0.027486,60,35.946916,36.022385,35.865860,0.043152,60,1001.423333,1001.500000,1001.400000,0.042652,60,1001.423333,1001.500000,1001.400000,0.042652,60,23.561667,23.900000,23.100000,0.241529,60,184.502078,188.953659,174.122314,4.495292,60,999.079863,1023.431213,939.179260,22.441681,60,1014.176712,1038.886719,954.397461,22.812161,60,11.074810,11.344644,10.422021,0.249109,60,1.950187,1.997240,1.840473,0.047515,60,10.680163,10.940479,10.039826,0.239902,60,0.770998,0.911404,0.631545,0.051186,60,-179.002569,-178.856140,-179.141083,0.052482,60,-0.007802,0.092123,-0.119903,0.045996,60,7.033276,7.159424,6.911378,0.050532,60,179.421398,179.539795,179.335892,0.053481,60,-0.171145,-0.050854,-0.300936,0.046920,60,0.000000,9.800000,15.000000,4.000000,2.880678,60,1031.183333,1275.000000,616.000000,158.880244,60,0.980000,1.500000,0.400000,0.288068,60,103.351803,15.666085,60,60,60,60,60,60,60,60,60,60,60,60,60,60,60,60,60,60,60,60,60,60,60,60,60,60,60,60,60,60,13.4748,13.54,13.42,23.39,25,22,39.68,6861233
2026-10-03 11:13:00,23.367921,23.410391,23.315786,0.022121,60,14.896798,14.956893,14.824140,0.028048,60,19.432898,19.493401,19.363699,0.028892,60,52.538333,53.600000,51.600000,0.648882,60,36.915142,37.005798,36.810867,0.057382,60,34.461554,34.525063,34.399559,0.029314,60,36.388109,36.490425,36.306175,0.046356,60,34.383333,34.500000,34.200000,0.092364,60,36.726876,36.854202,36.607590,0.073292,60,33.913111,33.981400,33.857132,0.032962,60,36.124293,36.224686,36.015671,0.061289,60,1001.400000,1001.400000,1001.400000,0.000000,60,1001.400000,1001.400000,1001.400000,0.000000,60,23.303333,23.600000,23.000000,0.226219,60,185.363048,187.028503,183.429077,1.028279,60,1003.151654,1014.884888,990.084412,7.338756,60,1017.688905,1029.923828,1004.340698,7.351245,60,11.113163,11.246769,10.967401,0.080276,60,1.959287,1.976891,1.938845,0.010869,60,10.723691,10.849119,10.584002,0.078451,60,0.752978,0.888026,0.644181,0.047888,60,-179.006933,-178.882065,-179.182022,0.054547,60,-0.000038,0.065685,-0.080944,0.038757,60,7.040625,7.153042,6.911377,0.051763,60,179.418217,179.539795,179.267853,0.054047,60,-0.181927,-0.089866,-0.275011,0.049979,60,0.000000,2.783333,6.000000,0.000000,1.668163,60,1322.616667,3577.000000,95.000000,823.578613,60,0.278333,0.600000,0.000000,0.166816,60,113.303319,66.906265,60,60,60,60,60,60,60,60,60,60,60,60,60,60,60,60,60,60,60,60,60,60,60,60,60,60,60,60,60,60,13.4774,13.54,13.42,23.43,25,22,39.69,6861267
2026-10-03 11:14:00,23.347957,23.419546,23.288319,0.027745,60,14.893568,14.961471,14.827191,0.030843,60,19.415910,19.502556,19.340811,0.031858,60,50.130000,52.000000,49.200000,0.732838,60,37.117194,37.222092,37.005798,0.064504,60,34.558708,34.623863,34.485008,0.033291,60,36.550952,36.645302,36.447701,0.052598,60,34.535000,34.600000,34.500000,0.048099,60,36.969648,37.081039,36.860611,0.065680,60,34.044917,34.111221,33.972214,0.039222,60,36.327840,36.429153,36.233200,0.055306,60,1001.400000,1001.400000,1001.400000,0.000000,60,1001.400000,1001.400000,1001.400000,0.000000,60,22.776667,23.300000,22.500000,0.243816,60,186.959015,187.197723,186.625137,0.160185,60,1013.645783,1016.260925,1009.620972,1.922239,60,1028.368177,1030.751831,1023.973694,1.952116,60,11.229781,11.255810,11.181793,0.021317,60,1.976157,1.978680,1.972628,0.001693,60,10.835873,10.863829,10.792848,0.020549,60,0.746959,0.846660,0.632029,0.050364,60,-178.985381,-178.881012,-179.060989,0.045063,60,-0.002657,0.092170,-0.106778,0.041956,60,7.013681,7.145144,6.917128,0.043307,60,179.432487,179.553070,179.323563,0.045666,60,-0.182172,-0.064394,-0.301049,0.050439,60,0.000000,2.816667,6.000000,0.000000,1.789723,60,2811.050000,3485.000000,123.000000,890.715584,60,0.281667,0.600000,0.000000,0.178972,60,322.368252,42.865365,60,60,60,60,60,60,60,60,60,60,60,60,60,60,60,60,60,60,60,60,60,60,60,60,60,60,60,60,60,60,13.4796,13.55,13.42,23.37,25,22,39.57,6861300
2026-10-03 11:15:00,23.321457,23.382925,23.274586,0.021998,60,14.890567,14.964522,14.828717,0.030995,60,19.413036,19.493401,19.328604,0.034528,60,52.018333,56.700000,49.600000,1.985924,60,37.318095,37.419701,37.206070,0.057462,60,34.665876,34.722664,34.610512,0.031770,60,36.726882,36.816208,36.618599,0.049696,60,34.548333,34.600000,34.500000,0.050394,60,37.169542,37.249069,37.079880,0.045566,60,34.151772,34.201370,34.106033,0.027042,60,36.501859,36.565048,36.417160,0.040882,60,1001.380000,1001.400000,1001.300000,0.040338,60,1001.380000,1001.400000,1001.300000,0.040338,60,23.346667,24.800000,22.600000,0.623132,60,187.411147,188.450577,186.708389,0.476909,60,1013.306029,1018.269165,1009.420837,2.621785,60,1027.713299,1033.216919,1023.682190,2.537273,60,11.222629,11.282728,11.178610,0.027707,60,1.980936,1.991923,1.973508,0.005041,60,10.832241,10.885297,10.790708,0.028027,60,0.741233,0.925389,0.644181,0.055072,60,-179.000793,-178.881271,-179.143707,0.052378,60,-0.003383,0.092154,-0.107156,0.045486,60,7.015793,7.163370,6.914860,0.052112,60,179.424009,179.554565,179.335892,0.057457,60,-0.195705,-0.090418,-0.314158,0.053001,60,0.000000,11.766667,22.000000,4.000000,3.421600,60,869.433333,3579.000000,1.000000,958.611803,60,1.176667,2.200000,0.400000,0.342160,60,48.702181,56.080966,60,60,60,60,60,60,60,60,60,60,60,60,60,60,60,60,60,60,60,60,60,60,60,60,60,60,60,60,60,60,13.4752,13.54,13.41,23.39,25,22,39.57,6861334
2026-10-03 11:16:00,23.296177,23.361563,23.233387,0.027980,60,14.882073,14.955367,14.836347,0.027417,60,19.385417,19.468987,19.319448,0.032961,60,54.411667,57.300000,51.000000,1.697365,60,37.496783,37.577248,37.403679,0.051457,60,34.764014,34.824142,34.709312,0.030208,60,36.876512,36.941711,36.786835,0.038515,60,34.553333,34.600000,34.500000,0.050310,60,37.293120,37.342148,37.225693,0.032122,60,34.241975,34.279831,34.188461,0.023943,60,36.602471,36.642807,36.550858,0.022449,60,1001.325000,1001.400000,1001.300000,0.043667,60,1001.325000,1001.400000,1001.300000,0.043667,60,24.081667,25.000000,23.000000,0.558597,60,190.127208,191.929977,188.576111,1.054297,60,1026.188799,1032.600098,1018.878296,4.523446,60,1040.500212,1047.207153,1032.920044,4.571842,60,11.362262,11.435502,11.279488,0.049925,60,2.009645,2.028700,1.993250,0.011144,60,10.969958,11.038494,10.891809,0.048356,60,0.729592,0.846954,0.593058,0.051549,60,-178.996299,-178.854782,-179.170120,0.055972,60,0.002634,0.105374,-0.106967,0.047695,60,7.001587,7.120279,6.868644,0.054021,60,179.439364,179.580109,179.337112,0.052727,60,-0.200587,-0.090418,-0.379985,0.055512,60,0.000000,15.150000,22.000000,8.000000,3.308054,60,1537.166667,1931.000000,1291.000000,167.148079,60,1.515000,2.200000,0.800000,0.330805,60,153.626603,16.564474,60,60,60,60,60,60,60,60,60,60,60,60,60,60,60,60,60,60,60,60,60,60,60,60,60,60,60,60,60,60,13.4758,13.55,13.42,23.43,25,21,39.55,6861368
2026-10-03 11:17:00,23.265685,23.327993,23.208973,0.024076,60,14.871595,14.941634,14.822614,0.026917,60,19.372625,19.424734,19.322500,0.025328,60,52.143333,54.800000,50.300000,1.275369,60,37.637685,37.702751,37.561226,0.036768,60,34.852002,34.893570,34.810791,0.024297,60,36.989866,37.040512,36.912338,0.032224,60,34.391667,34.500000,34.300000,0.061868,60,37.362411,37.397507,37.336136,0.013436,60,34.292696,34.314255,34.267899,0.010305,60,36.651885,36.675980,36.621353,0.011898,60,1001.300000,1001.300000,1001.300000,0.000000,60,1001.300000,1001.300000,1001.300000,0.000000,60,23.221667,24.100000,22.600000,0.390607,60,192.915450,193.810745,191.949875,0.500401,60,1036.663127,1040.482666,1032.449097,2.063723,60,1051.373635,1055.219727,1047.348022,2.257791,60,11.481000,11.522999,11.437041,0.024655,60,2.039116,2.048580,2.028910,0.005289,60,11.081928,11.122759,11.036880,0.022061,60,0.723411,0.913884,0.568769,0.056975,60,-178.986376,-178.880463,-179.101837,0.052684,60,-0.005534,0.105273,-0.107156,0.046919,60,6.987573,7.127431,6.851757,0.062206,60,179.438605,179.553772,179.321854,0.055779,60,-0.200794,-0.103053,-0.301049,0.048489,60,0.000000,13.650000,31.000000,6.000000,6.291843,60,1570.383333,1959.000000,1350.000000,161.341736,60,1.365000,3.100000,0.600000,0.629184,60,156.847014,15.938475,60,60,60,60,60,60,60,60,60,60,60,60,60,60,60,60,60,60,60,60,60,60,60,60,60,60,60,60,60,60,13.4770,13.54,13.42,23.32,25,21,39.48,6861402
2026-10-03 11:18:00,23.251214,23.306629,23.183031,0.024515,60,14.869128,14.909591,14.808881,0.024088,60,19.367285,19.432364,19.310291,0.027333,60,52.110000,53.400000,51.200000,0.791416,60,37.731502,37.774857,37.676048,0.021354,60,34.911016,34.936295,34.880219,0.016383,60,37.065924,37.099258,37.024490,0.020052,60,34.228333,34.300000,34.100000,0.069115,60,37.322236,37.373154,37.280624,0.028662,60,34.289228,34.313828,34.257950,0.013425,60,36.633515,36.672775,36.606430,0.019947,60,1001.285000,1001.300000,1001.200000,0.036008,60,1001.285000,1001.300000,1001.200000,0.036008,60,23.033333,23.400000,22.600000,0.231185,60,194.663976,195.095871,193.882584,0.309814,60,1041.996606,1043.981812,1040.499268,1.098709,60,1057.429702,1060.014038,1055.046143,1.246496,60,11.547132,11.575354,11.521105,0.013612,60,2.057598,2.062163,2.049339,0.003275,60,11.138943,11.160165,11.122936,0.011745,60,0.713966,0.817882,0.564683,0.063326,60,-178.967403,-178.846085,-179.073944,0.052310,60,-0.004909,0.105399,-0.106652,0.045203,60,6.988081,7.143670,6.881433,0.057051,60,179.442633,179.554367,179.325607,0.052333,60,-0.197935,-0.090555,-0.340460,0.062038,60,0.000000,25.866667,37.000000,16.000000,4.952201,60,1871.666667,2128.000000,1645.000000,95.164205,60,2.586667,3.700000,1.600000,0.495220,60,187.183840,9.416103,60,60,60,60,60,60,60,60,60,60,60,60,60,60,60,60,60,60,60,60,60,60,60,60,60,60,60,60,60,60,13.4814,13.54,13.41,23.41,25,22,39.42,6861436
2026-10-03 11:19:00,23.251443,23.305103,23.213551,0.024136,60,14.868569,14.943160,14.808881,0.025425,60,19.357977,19.415579,19.278248,0.028289,60,51.851667,53.800000,50.300000,1.119245,60,37.756473,37.788208,37.718773,0.016604,60,34.925391,34.949646,34.893570,0.014562,60,37.085640,37.112610,37.053864,0.014540,60,33.895000,34.100000,33.700000,0.145468,60,37.191275,37.289993,37.095657,0.057949,60,34.230640,34.274551,34.184097,0.025440,60,36.546559,36.613510,36.474014,0.044042,60,1001.211667,1001.300000,1001.200000,0.032373,60,1001.211667,1001.300000,1001.200000,0.032373,60,22.663333,23.400000,22.000000,0.462479,60,195.262365,195.617722,194.864258,0.255485,60,1044.611743,1046.243164,1042.069336,1.009787,60,1060.164187,1061.500488,1057.705566,0.721313,60,11.576993,11.591586,11.550145,0.007877,60,2.063923,2.067679,2.059715,0.002700,60,11.166899,11.184339,11.139721,0.010795,60,0.732855,0.925702,0.566268,0.070371,60,-178.972009,-178.815826,-179.101212,0.061402,60,-0.016883,0.065509,-0.146841,0.044625,60,6.966230,7.129396,6.840131,0.052559,60,179.431910,179.580475,179.321533,0.066687,60,-0.202269,-0.050932,-0.314236,0.065542,60,0.000000,30.050000,38.000000,18.000000,5.540070,60,1611.650000,1711.000000,1544.000000,36.984112,60,3.005000,3.800000,1.800000,0.554007,60,161.163897,3.666535,60,60,60,60,60,60,60,60,60,60,60,60,60,60,60,60,60,60,60,60,60,60,60,60,60,60,60,60,60,60,13.4868,13.55,13.43,23.33,25,22,39.34,6861469
2026-10-03 11:20:00,23.269729,23.346304,23.227283,0.030681,60,14.874851,14.943160,14.824140,0.027690,60,19.370870,19.446098,19.278248,0.033122,60,53.958333,56.700000,51.900000,1.299321,60,37.704442,37.758835,37.633324,0.025414,60,34.908346,34.936295,34.880219,0.014480,60,37.041358,37.085907,36.997787,0.023457,60,33.526667,33.700000,33.400000,0.086095,60,37.048745,37.099930,36.956375,0.047856,60,34.142530,34.185928,34.096207,0.022631,60,36.427288,36.478836,36.354538,0.032781,60,1001.210000,1001.300000,1001.200000,0.030253,60,1001.210000,1001.300000,1001.200000,0.030253,60,22.968333,23.800000,22.500000,0.387295,60,195.832828,196.257523,195.385590,0.279232,60,1047.645392,1049.566162,1044.946655,1.533541,60,1063.129549,1065.690674,1059.586060,2.111149,60,11.609375,11.637342,11.570680,0.023054,60,2.069953,2.074442,2.065226,0.002951,60,11.199329,11.219861,11.170480,0.016393,60,0.730235,0.887112,0.604800,0.059040,60,-178.978795,-178.853149,-179.114838,0.055797,60,-0.011528,0.105450,-0.106841,0.038653,60,6.958240,7.064172,6.855312,0.045568,60,179.443551,179.647690,179.265625,0.066360,60,-0.190703,0.015158,-0.472208,0.074438,60,0.000000,28.816667,43.000000,16.000000,8.522138,60,1631.633333,1879.000000,1481.000000,111.155254,60,2.881667,4.300000,1.600000,0.852214,60,163.094083,11.002096,60,60,60,60,60,60,60,60,60,60,60,60,60,60,60,60,60,60,60,60,60,60,60,60,60,60,60,60,60,60,13.4766,13.55,13.41,23.48,26,22,39.45,6861503
2026-10-03 11:21:00,23.292490,23.355459,23.237965,0.027928,60,14.871977,14.923324,14.822614,0.026574,60,19.387910,19.443047,19.324026,0.028374,60,53.498333,55.300000,52.600000,0.739100,60,37.610048,37.676048,37.547874,0.038395,60,34.861883,34.893570,34.824142,0.018987,60,36.966946,37.024490,36.912338,0.027995,60,33.156667,33.400000,33.000000,0.112546,60,36.854749,36.949173,36.778793,0.047265,60,34.050399,34.109329,33.998001,0.030185,60,36.280366,36.366745,36.213486,0.039853,60,1001.200000,1001.200000,1001.200000,0.000038,60,1001.200000,1001.200000,1001.200000,0.000038,60,22.495000,23.000000,22.100000,0.250711,60,195.956612,196.513626,195.119461,0.494737,60,1046.520003,1049.605591,1041.585083,2.929034,60,1062.231177,1065.326660,1057.372314,2.839000,60,11.599565,11.633368,11.546506,0.031002,60,2.071261,2.077149,2.062413,0.005229,60,11.187298,11.220284,11.134544,0.031311,60,0.721654,0.858854,0.564457,0.063237,60,-178.984413,-178.854782,-179.140686,0.060297,60,-0.018812,0.065729,-0.120101,0.041233,60,6.965778,7.120279,6.840354,0.057698,60,179.440457,179.553375,179.294357,0.058192,60,-0.178204,-0.064094,-0.274787,0.052049,60,0.000000,27.200000,33.000000,20.000000,2.904117,60,1495.850000,1621.000000,1370.000000,52.967795,60,2.720000,3.300000,2.000000,0.290412,60,149.584724,5.249844,60,60,60,60,60,60,60,60,60,60,60,60,60,60,60,60,60,60,60,60,60,60,60,60,60,60,60,60,60,60,13.4857,13.57,13.43,23.35,25,22,39.35,6861537
2026-10-03 11:22:00,23.330332,23.393606,23.260853,0.034470,60,14.893314,14.970627,14.836347,0.028852,60,19.417436,19.484245,19.333181,0.032329,60,55.695000,57.100000,54.500000,0.772060,60,37.479916,37.547874,37.390327,0.041877,60,34.799531,34.837494,34.752045,0.021816,60,36.868501,36.912338,36.816208,0.030947,60,32.888333,33.000000,32.800000,0.076117,60,36.702682,36.785660,36.627548,0.046968,60,33.956270,34.000290,33.914627,0.023302,60,36.157516,36.236679,36.096268,0.037573,60,1001.183333,1001.200000,1001.100000,0.037582,60,1001.183333,1001.200000,1001.100000,0.037582,60,22.881667,23.400000,22.500000,0.293715,60,194.251370,195.128815,192.982758,0.573186,60,1037.647203,1041.813599,1031.383667,2.753253,60,1053.512734,1057.601929,1046.365479,2.930179,60,11.504359,11.549014,11.426311,0.031998,60,2.053237,2.062511,2.039828,0.006059,60,11.092448,11.136987,11.025491,0.029432,60,0.738604,0.886809,0.593291,0.065877,60,-178.974346,-178.790039,-179.073944,0.051698,60,-0.019539,0.065685,-0.147422,0.047401,60,6.983399,7.084401,6.879526,0.051461,60,179.446751,179.580399,179.335724,0.055463,60,-0.196785,-0.064094,-0.366797,0.057824,60,0.000000,25.850000,34.000000,17.000000,4.870614,60,1503.966667,1603.000000,1405.000000,53.992770,60,2.585000,3.400000,1.700000,0.487061,60,150.397461,5.353075,60,60,60,60,60,60,60,60,60,60,60,60,60,60,60,60,60,60,60,60,60,60,60,60,60,60,60,60,60,60,13.4801,13.55,13.43,23.39,25,22,39.36,6861571
2026-10-03 11:23:00,23.392030,23.466850,23.324942,0.035270,60,14.911854,14.984360,14.851606,0.027744,60,19.448997,19.530022,19.382010,0.031842,60,54.456667,55.000000,53.800000,0.337672,60,37.357527,37.433052,37.304878,0.034288,60,34.728718,34.781418,34.679939,0.021176,60,36.776954,36.842911,36.730751,0.024937,60,32.716667,32.800000,32.700000,0.037582,60,36.612388,36.629318,36.584305,0.009880,60,33.890280,33.916733,33.866592,0.010871,60,36.083852,36.107040,36.066391,0.010638,60,1001.200000,1001.200000,1001.200000,0.000038,60,1001.200000,1001.200000,1001.200000,0.000038,60,22.381667,22.600000,22.100000,0.168233,60,189.764870,192.863403,184.962738,2.004646,60,1017.046398,1030.493530,1001.425781,8.684649,60,1032.459430,1046.396606,1016.698059,8.902133,60,11.274457,11.426650,11.102343,0.097211,60,2.005815,2.038566,1.955056,0.021189,60,10.872226,11.015976,10.705241,0.092839,60,0.730257,0.849314,0.604094,0.059277,60,-178.965244,-178.783981,-179.074600,0.055006,60,-0.028813,0.065553,-0.120101,0.041698,60,6.988342,7.089598,6.890981,0.047635,60,179.426668,179.540222,179.295013,0.050906,60,-0.194133,-0.103514,-0.314158,0.045884,60,0.000000,10.516667,19.000000,5.000000,4.159904,60,1879.583333,2209.000000,1482.000000,224.752994,60,1.051667,1.900000,0.500000,0.415990,60,188.068704,22.357805,60,60,60,60,60,60,60,60,60,60,60,60,60,60,60,60,60,60,60,60,60,60,60,60,60,60,60,60,60,60,13.4738,13.53,13.42,23.38,25,22,39.22,6861604
2026-10-03 11:24:00,23.430610,23.476006,23.352407,0.029257,60,14.920348,15.019455,14.850080,0.031485,60,19.488975,19.543755,19.397268,0.028306,60,56.090000,58.600000,53.800000,1.704202,60,37.285251,37.320900,37.248795,0.014550,60,34.674777,34.709312,34.639885,0.016118,60,36.729283,36.760132,36.701378,0.012711,60,32.718333,32.800000,32.700000,0.039020,60,36.637013,36.665970,36.603683,0.018039,60,33.878251,33.896255,33.866013,0.007179,60,36.126006,36.163895,36.082687,0.022033,60,1001.120000,1001.200000,1001.100000,0.040338,60,1001.120000,1001.200000,1001.100000,0.040338,60,22.856667,23.600000,22.100000,0.546907,60,184.447991,186.800064,183.053818,1.260173,60,989.232742,1001.378296,981.137146,6.634863,60,1004.157310,1016.226685,995.951843,6.699112,60,10.965398,11.097196,10.875794,0.073154,60,1.949615,1.974477,1.934879,0.013320,60,10.574898,10.704734,10.488356,0.070927,60,0.739122,0.820181,0.605744,0.058308,60,-178.961653,-178.841705,-179.072845,0.051732,60,-0.029899,0.092075,-0.120035,0.041322,60,7.010522,7.124209,6.849613,0.057435,60,179.432522,179.540833,179.295166,0.056333,60,-0.191968,0.001806,-0.301011,0.051911,60,0.000000,13.150000,23.000000,4.000000,5.187420,60,2026.583333,2480.000000,1655.000000,209.543838,60,1.315000,2.300000,0.400000,0.518742,60,202.459414,20.757514,60,60,60,60,60,60,60,60,60,60,60,60,60,60,60,60,60,60,60,60,60,60,60,60,60,60,60,60,60,60,13.4949,13.57,13.43,23.33,25,22,39.27,6861638
2026-10-03 11:25:00,23.453600,23.506523,23.398184,0.023447,60,14.933979,15.001144,14.865339,0.031600,60,19.489179,19.543755,19.395742,0.032610,60,57.023729,58.100000,55.300000,0.884997,59,37.254272,37.278175,37.235443,0.012050,60,34.651990,34.679939,34.623863,0.012891,60,36.718512,36.744102,36.688026,0.012605,60,32.798305,32.800000,32.700000,0.013019,59,36.649345,36.672806,36.623337,0.012212,60,33.893794,33.912369,33.877548,0.008254,60,36.158926,36.188217,36.134232,0.014740,60,1001.100000,1001.100000,1001.100000,0.000053,59,1001.100000,1001.100000,1001.100000,0.000053,59,23.203390,23.400000,22.800000,0.218905,59,184.019030,184.347397,183.576080,0.195291,60,987.355769,989.914062,984.062683,1.697993,60,1001.985373,1004.884155,998.603821,1.812153,60,10.941680,10.973335,10.904754,0.019789,60,1.945081,1.948552,1.940399,0.002064,60,10.554833,10.582181,10.519629,0.018152,60,0.752053,0.858854,0.632514,0.054711,60,-178.959159,-178.815002,-179.101212,0.059563,60,-0.044082,0.065575,-0.146551,0.044988,60,7.011020,7.127432,6.870005,0.051804,60,179.433676,179.594498,179.267517,0.063613,60,-0.193028,-0.050854,-0.301011,0.051923,60,0.000000,14.116667,22.000000,8.000000,2.706500,60,1890.416667,2097.000000,1705.000000,96.917104,60,1.411667,2.200000,0.800000,0.270650,60,189.020381,9.602554,60,60,60,60,60,60,60,60,60,60,60,60,60,60,60,60,60,60,60,60,60,60,59,59,59,59,59,59,60,60,13.4936,13.57,13.43,23.39,25,22,39.20,6861672
2026-10-03 11:26:00,23.456652,23.492790,23.411917,0.022178,60,14.950612,15.016403,14.882124,0.025344,60,19.491824,19.560539,19.429312,0.026664,60,56.538333,57.300000,55.800000,0.430645,60,37.245725,37.278175,37.222092,0.012593,60,34.644736,34.679939,34.610512,0.011804,60,36.732087,36.760132,36.701378,0.013289,60,32.800000,32.800000,32.800000,0.000001,60,36.675447,36.692368,36.660049,0.007262,60,33.909226,33.929459,33.894760,0.008048,60,36.197684,36.223007,36.170151,0.012268,60,1001.100000,1001.100000,1001.100000,0.000053,60,1001.100000,1001.100000,1001.100000,0.000053,60,23.090000,23.300000,22.800000,0.134920,60,185.266183,185.781815,184.389236,0.454509,60,993.289748,995.954407,989.803894,2.121395,60,1007.739882,1010.520325,1004.211670,2.017413,60,11.004520,11.034882,10.965991,0.022030,60,1.958263,1.963714,1.948994,0.004804,60,10.618267,10.646752,10.581003,0.022678,60,0.748655,0.845190,0.644181,0.042130,60,-178.952748,-178.788895,-179.099731,0.059147,60,-0.034789,0.052292,-0.120234,0.036823,60,6.999351,7.137264,6.873811,0.047516,60,179.435451,179.541870,179.323410,0.053840,60,-0.187106,-0.064019,-0.366838,0.050849,60,0.000000,16.166667,24.000000,11.000000,3.098204,60,1985.016667,2401.000000,1707.000000,144.544579,60,1.616667,2.400000,1.100000,0.309820,60,198.491736,14.295130,60,60,60,60,60,60,60,60,60,60,60,60,60,60,60,60,60,60,60,60,60,60,60,60,60,60,60,60,60,60,13.4936,13.58,13.43,23.32,26,22,39.16,6861706
2026-10-03 11:27:00,23.454770,23.506523,23.366140,0.028263,60,14.941202,15.019455,14.865339,0.030277,60,19.492917,19.546806,19.414053,0.028619,60,57.666667,59.200000,55.400000,1.298326,60,37.245459,37.264824,37.206070,0.014806,60,34.653325,34.679939,34.623863,0.011467,60,36.746553,36.773483,36.717400,0.013885,60,32.800000,32.800000,32.800000,0.000001,60,36.694256,36.713272,36.667648,0.010242,60,33.933002,33.952042,33.908646,0.009574,60,36.227901,36.240128,36.214188,0.006334,60,1001.086667,1001.100000,1001.000000,0.034280,60,1001.086667,1001.100000,1001.000000,0.034280,60,23.396667,23.800000,22.800000,0.363582,60,187.131157,188.411926,185.808578,0.837843,60,1001.854035,1007.374695,996.116516,3.278594,60,1016.072347,1021.931946,1009.806824,3.616773,60,11.095510,11.159497,11.027091,0.039495,60,1.977976,1.991514,1.963997,0.008856,60,10.709819,10.768835,10.648485,0.035048,60,0.744075,0.913573,0.606689,0.058881,60,-178.954120,-178.813858,-179.059875,0.051728,60,-0.045143,0.052493,-0.147131,0.039520,60,7.013713,7.132077,6.905636,0.047229,60,179.446103,179.553375,179.269897,0.057186,60,-0.195058,-0.090761,-0.300992,0.051032,60,0.000000,19.616667,29.000000,12.000000,3.584768,60,2199.983333,2421.000000,1904.000000,121.039914,60,1.961667,2.900000,1.200000,0.358477,60,220.033215,11.984144,60,60,60,60,60,60,60,60,60,60,60,60,60,60,60,60,60,60,60,60,60,60,60,60,60,60,60,60,60,60,13.4860,13.55,13.43,23.38,26,22,39.17,6861739
2026-10-03 11:28:00,23.450498,23.506523,23.379873,0.027658,60,14.942524,15.019455,14.882124,0.028442,60,19.492358,19.546806,19.432364,0.028353,60,58.158333,60.100000,56.200000,1.315526,60,37.242565,37.264824,37.222092,0.011807,60,34.655017,34.679939,34.639885,0.010564,60,36.761821,36.786835,36.744102,0.011039,60,32.798333,32.800000,32.700000,0.012910,60,36.680111,36.711655,36.657791,0.012728,60,33.939234,33.959183,33.915268,0.008437,60,36.238314,36.267776,36.210190,0.012859,60,1001.096667,1001.100000,1001.000000,0.018102,60,1001.096667,1001.100000,1001.000000,0.018102,60,23.521667,24.100000,23.000000,0.360363,60,188.976838,189.811157,188.418808,0.341283,60,1010.289937,1014.567017,1006.782532,2.244362,60,1024.104031,1028.182617,1020.706787,2.198060,60,11.183216,11.227755,11.146118,0.024003,60,1.997485,2.006304,1.991587,0.003607,60,10.799999,10.845720,10.762505,0.023992,60,0.750817,0.884684,0.646145,0.052136,60,-178.958156,-178.843887,-179.059875,0.043322,60,-0.041426,0.052418,-0.160414,0.050413,60,7.019416,7.123506,6.881433,0.051099,60,179.443580,179.580673,179.268875,0.056950,60,-0.178992,-0.063869,-0.301011,0.057306,60,0.000000,12.666667,20.000000,6.000000,3.515904,60,1868.100000,2369.000000,1508.000000,204.424094,60,1.266667,2.000000,0.600000,0.351590,60,186.677002,20.233813,60,60,60,60,60,60,60,60,60,60,60,60,60,60,60,60,60,60,60,60,60,60,60,60,60,60,60,60,60,60,13.4992,13.57,13.43,23.40,26,21,39.14,6861773
2026-10-03 11:29:00,23.468961,23.535515,23.398184,0.031287,60,14.948323,15.019455,14.865339,0.027270,60,19.500496,19.546806,19.432364,0.023610,60,57.633333,58.700000,56.600000,0.595083,60,37.246972,37.278175,37.206070,0.013702,60,34.662449,34.709312,34.639885,0.013611,60,36.779981,36.829559,36.744102,0.016175,60,32.761667,32.800000,32.700000,0.049030,60,36.708808,36.724106,36.690170,0.007682,60,33.955130,33.974411,33.935837,0.008377,60,36.281836,36.306320,36.253647,0.013593,60,1001.013333,1001.100000,1001.000000,0.034280,60,1001.013333,1001.100000,1001.000000,0.034280,60,23.358333,23.600000,23.100000,0.154362,60,190.984917,191.534851,189.838135,0.575426,60,1019.485215,1021.951843,1014.724121,2.256820,60,1033.764502,1036.637939,1028.392212,2.491030,60,11.288708,11.320086,11.230043,0.027202,60,2.018711,2.024523,2.006589,0.006082,60,10.898296,10.924665,10.847401,0.024125,60,0.752050,0.885290,0.605272,0.060948,60,-178.943265,-178.841705,-179.112122,0.061227,60,-0.042919,0.052317,-0.145828,0.045283,60,7.018226,7.157759,6.911377,0.048862,60,179.430849,179.581131,179.295990,0.056294,60,-0.189559,-0.090693,-0.314329,0.047666,60,0.000000,18.500000,28.000000,10.000000,4.413001,60,2462.916667,2807.000000,1943.000000,212.125905,60,1.850000,2.800000,1.000000,0.441300,60,246.671417,20.921643,60,60,60,60,60,60,60,60,60,60,60,60,60,60,60,60,60,60,60,60,60,60,60,60,60,60,60,60,60,60,13.4893,13.57,13.42,23.40,26,21,39.08,6861807
2026-10-03 11:30:00,23.454414,23.506523,23.382925,0.028195,60,14.947763,15.034715,14.882124,0.033056,60,19.496223,19.548332,19.450676,0.023489,60,59.636667,62.000000,57.400000,1.421978,60,37.240072,37.264824,37.206070,0.013410,60,34.671928,34.695961,34.639885,0.012486,60,36.802990,36.829559,36.773483,0.013761,60,32.700000,32.700000,32.700000,0.000000,60,36.684964,36.706436,36.664963,0.010665,60,33.963982,33.983627,33.950638,0.007578,60,36.310862,36.331619,36.294815,0.007886,60,1000.973333,1001.000000,1000.900000,0.044595,60,1000.973333,1001.000000,1000.900000,0.044595,60,23.758333,24.400000,23.100000,0.409751,60,191.597007,191.967270,191.349869,0.184232,60,1021.177308,1022.866577,1020.326782,0.439007,60,1035.440324,1037.113647,1033.038574,0.676546,60,11.307008,11.325281,11.280781,0.007388,60,2.025180,2.029094,2.022568,0.001947,60,10.916385,10.934443,10.907293,0.004693,60,0.752576,0.914506,0.632757,0.063719,60,-178.947757,-178.855331,-179.060532,0.050446,60,-0.045323,0.092123,-0.120565,0.041911,60,7.022923,7.156693,6.881433,0.058476,60,179.441221,179.580673,179.322617,0.060416,60,-0.192002,-0.050306,-0.274812,0.051029,60,0.000000,23.300000,36.000000,8.000000,7.781551,60,1514.983333,3499.000000,54.000000,848.299265,60,2.330000,3.600000,0.800000,0.778155,60,109.933516,75.237978,60,60,60,60,60,60,60,60,60,60,60,60,60,60,60,60,60,60,60,60,60,60,60,60,60,60,60,60,60,60,13.4869,13.57,13.42,23.38,25,22,39.09,6861843
2026-10-03 11:31:00,23.466036,23.520256,23.398184,0.028099,60,14.937794,14.984360,14.882124,0.025038,60,19.490247,19.583429,19.418631,0.027834,60,58.503333,60.400000,56.900000,0.884704,60,37.220801,37.248795,37.179367,0.015371,60,34.673709,34.709312,34.653236,0.014093,60,36.825910,36.856262,36.786835,0.014206,60,32.708333,32.800000,32.700000,0.027872,60,36.675250,36.701431,36.654587,0.011501,60,33.957631,33.977798,33.942032,0.006845,60,36.313526,36.332016,36.294510,0.010452,60,1001.000000,1001.000000,1001.000000,0.000000,60,1001.000000,1001.000000,1001.000000,0.000000,60,23.528333,23.900000,23.000000,0.279280,60,191.492668,192.010239,190.919037,0.360344,60,1018.607891,1021.476013,1015.910034,1.724104,60,1032.805113,1035.523926,1030.324219,1.665609,60,11.278232,11.307922,11.251141,0.018189,60,2.024077,2.029548,2.018014,0.003809,60,10.888918,10.919579,10.860078,0.018431,60,0.763766,0.860043,0.632029,0.057881,60,-178.954169,-178.815002,-179.073074,0.052875,60,-0.040985,0.052418,-0.120035,0.041611,60,7.020349,7.137264,6.894807,0.048932,60,179.439328,179.581421,179.337112,0.047923,60,-0.185131,-0.064469,-0.261665,0.049206,60,0.000000,16.333333,26.000000,4.000000,6.500760,60,1120.833333,1445.000000,215.000000,200.503279,60,1.633333,2.600000,0.400000,0.650076,60,113.024798,18.916485,60,60,60,60,60,60,60,60,60,60,60,60,60,60,60,60,60,60,60,60,60,60,60,60,60,60,60,60,60,60,13.4974,13.58,13.43,23.32,25,22,39.03,6861877
2026-10-03 11:32:00,23.483915,23.567560,23.411917,0.030191,60,14.938735,15.002670,14.882124,0.029494,60,19.502963,19.551384,19.450676,0.025870,60,57.925000,59.000000,56.600000,0.660669,60,37.234019,37.278175,37.192719,0.016936,60,34.679717,34.709312,34.653236,0.012936,60,36.848785,36.898987,36.800186,0.017290,60,32.800000,32.800000,32.800000,0.000001,60,36.754365,36.811844,36.693497,0.033811,60,33.978114,34.013535,33.947128,0.015093,60,36.377618,36.417984,36.324112,0.027363,60,1000.966667,1001.000000,1000.900000,0.047538,60,1000.966667,1001.000000,1000.900000,0.047538,60,23.461667,23.800000,23.100000,0.205097,60,190.058265,190.967758,189.390640,0.513845,60,1012.187611,1016.118347,1009.454956,2.188088,60,1026.554660,1030.827515,1023.507141,2.212794,60,11.209977,11.256637,11.176699,0.024164,60,2.008916,2.018529,2.001859,0.005431,60,10.820285,10.862305,10.791073,0.023391,60,0.741338,0.858854,0.526081,0.058568,60,-178.939914,-178.818359,-179.032150,0.051004,60,-0.050069,0.052443,-0.147568,0.040693,60,7.018791,7.126175,6.914860,0.045375,60,179.455751,179.580673,179.295166,0.050782,60,-0.183579,-0.050697,-0.301049,0.052790,60,0.000000,15.066667,43.000000,1.000000,11.819069,60,1190.950000,3589.000000,4.000000,490.568934,60,1.506667,4.300000,0.100000,1.181907,60,113.377289,37.274224,60,60,60,60,60,60,60,60,60,60,60,60,60,60,60,60,60,60,60,60,60,60,60,60,60,60,60,60,60,60,13.4932,13.60,13.42,23.43,25,22,39.04,6861910
2026-10-03 11:33:00,23.468249,23.553825,23.398184,0.031121,60,14.936624,15.002670,14.850080,0.034296,60,19.485084,19.551384,19.436941,0.029360,60,58.201667,59.500000,55.800000,1.081664,60,37.264332,37.278175,37.235443,0.012140,60,34.691288,34.709312,34.666588,0.011847,60,36.877491,36.912338,36.842911,0.013708,60,32.753333,32.800000,32.600000,0.062346,60,36.719316,36.799210,36.610062,0.055803,60,33.986176,34.014816,33.944870,0.017778,60,36.349982,36.406662,36.266800,0.040312,60,1000.893333,1000.900000,1000.800000,0.025155,60,1000.893333,1000.900000,1000.800000,0.025155,60,23.480000,23.900000,22.600000,0.359755,60,190.181021,190.590912,189.694992,0.255421,60,1007.489962,1010.715210,1005.778931,1.427580,60,1022.870424,1024.819824,1021.262329,1.182281,60,11.169745,11.191032,11.152184,0.012910,60,2.010213,2.014546,2.005076,0.002700,60,10.770067,10.804545,10.751777,0.015261,60,0.780510,1.029609,0.419871,0.125787,60,-178.931523,-178.785706,-179.034424,0.050627,60,-0.058515,0.026053,-0.120433,0.035894,60,6.999290,7.145145,6.894807,0.048065,60,179.454752,179.662170,179.323410,0.070887,60,-0.181561,0.015440,-0.406366,0.078817,60,0.000000,35.350000,47.000000,22.000000,5.780813,60,1682.566667,1795.000000,1468.000000,66.685288,60,3.535000,4.700000,2.200000,0.578081,60,168.266577,6.604015,60,60,60,60,60,60,60,60,60,60,60,60,60,60,60,60,60,60,60,60,60,60,60,60,60,60,60,60,60,60,13.4918,13.57,13.44,23.25,25,22,39.02,6861944
2026-10-03 11:34:00,23.453371,23.501945,23.379873,0.025859,60,14.930317,15.002670,14.865339,0.029260,60,19.475039,19.534599,19.401846,0.029404,60,57.560000,60.300000,55.800000,1.243723,60,37.232774,37.291527,37.179367,0.024480,60,34.675667,34.709312,34.639885,0.016601,60,36.847717,36.885635,36.786835,0.023582,60,32.510000,32.600000,32.400000,0.068147,60,36.561883,36.614609,36.505386,0.030176,60,33.903325,33.950211,33.863083,0.024859,60,36.214510,36.268234,36.161575,0.029460,60,1000.900000,1000.900000,1000.900000,0.000000,60,1000.900000,1000.900000,1000.900000,0.000000,60,23.093333,23.800000,22.600000,0.304690,60,190.129088,190.403625,189.778473,0.173617,60,1003.400377,1005.541321,1001.447449,1.135265,60,1018.908676,1020.893127,1016.858765,1.067118,60,11.126483,11.148153,11.104097,0.011653,60,2.009664,2.012566,2.005958,0.001835,60,10.726350,10.749236,10.705473,0.012136,60,0.746334,0.910476,0.605980,0.066495,60,-178.936058,-178.813858,-179.057648,0.049991,60,-0.051420,0.025927,-0.120433,0.038545,60,7.002821,7.130109,6.864831,0.057590,60,179.433254,179.540527,179.267166,0.053911,60,-0.183119,-0.064244,-0.340460,0.051342,60,0.000000,25.850000,31.000000,22.000000,2.455192,60,1509.716667,1753.000000,1415.000000,82.836390,60,2.585000,3.100000,2.200000,0.245519,60,150.940539,8.202530,60,60,60,60,60,60,60,60,60,60,60,60,60,60,60,60,60,60,60,60,60,60,60,60,60,60,60,60,60,60,13.4770,13.55,13.43,23.35,25,21,39.00,6861978
2026-10-03 11:35:00,23.477938,23.547722,23.421072,0.026573,60,14.936522,14.982834,14.863813,0.025426,60,19.499250,19.565119,19.432364,0.029073,60,58.890000,61.400000,56.900000,1.177285,60,37.161209,37.206070,37.093918,0.028734,60,34.638327,34.679939,34.597160,0.019119,60,36.777933,36.829559,36.717400,0.025594,60,32.360000,32.400000,32.300000,0.049403,60,36.470484,36.516617,36.418564,0.027588,60,33.833668,33.873764,33.787186,0.020576,60,36.118935,36.172745,36.054550,0.028225,60,1000.900000,1000.900000,1000.900000,0.000000,60,1000.900000,1000.900000,1000.900000,0.000000,60,23.263333,23.900000,22.600000,0.310258,60,189.580074,189.951569,189.230804,0.192432,60,1000.455404,1002.026733,998.997070,0.737201,60,1015.989548,1017.663940,1014.291138,0.815106,60,11.094606,11.112890,11.076059,0.008901,60,2.003861,2.007788,2.000170,0.002034,60,10.694868,10.711665,10.679278,0.007881,60,0.752283,0.912953,0.591893,0.065148,60,-178.942758,-178.813568,-179.059204,0.058483,60,-0.059757,0.025927,-0.146841,0.041333,60,7.001477,7.098096,6.855562,0.046881,60,179.442927,179.581238,179.296814,0.062382,60,-0.180519,-0.063794,-0.366838,0.060256,60,0.000000,26.166667,36.000000,16.000000,5.740627,60,1411.283333,1691.000000,1248.000000,105.685509,60,2.616667,3.600000,1.600000,0.574063,60,141.098135,10.468020,60,60,60,60,60,60,60,60,60,60,60,60,60,60,60,60,60,60,60,60,60,60,60,60,60,60,60,60,60,60,13.4864,13.55,13.42,23.28,25,22,39.02,6862012
2026-10-03 11:36:00,23.488975,23.556877,23.387503,0.031650,60,14.941177,15.048448,14.877546,0.030564,60,19.509880,19.575800,19.427786,0.025696,60,57.576667,59.200000,56.300000,0.878243,60,37.068105,37.123291,37.005798,0.030749,60,34.584743,34.639885,34.541084,0.021804,60,36.701467,36.760132,36.645302,0.025513,60,32.238333,32.300000,32.200000,0.049030,60,36.365545,36.423294,36.305527,0.030266,60,33.756388,33.800949,33.711349,0.025696,60,36.011148,36.054611,35.961258,0.024843,60,1000.900000,1000.900000,1000.900000,0.000000,60,1000.900000,1000.900000,1000.900000,0.000000,60,22.880000,23.300000,22.500000,0.256310,60,190.537390,190.808136,189.966644,0.234891,60,1004.201639,1006.251709,1002.337097,0.926652,60,1019.993096,1022.023804,1017.740906,1.034287,60,11.138325,11.160500,11.113730,0.011294,60,2.013980,2.016842,2.007947,0.002483,60,10.734915,10.756830,10.714983,0.009906,60,0.748984,0.882869,0.605744,0.057686,60,-178.927235,-178.786285,-179.075256,0.062033,60,-0.056224,0.025864,-0.160490,0.041271,60,6.996603,7.100056,6.900553,0.051508,60,179.444024,179.554169,179.295670,0.055757,60,-0.171982,-0.023678,-0.301086,0.055836,60,0.000000,16.000000,25.000000,6.000000,5.259374,60,1225.050000,1370.000000,809.000000,102.067845,60,1.600000,2.500000,0.600000,0.525937,60,122.596089,10.043569,60,60,60,60,60,60,60,60,60,60,60,60,60,60,60,60,60,60,60,60,60,60,60,60,60,60,60,60,60,60,13.4953,13.59,13.43,23.37,26,22,39.00,6862046
2026-10-03 11:37:00,23.514280,23.566034,23.443962,0.027806,60,14.951934,15.046922,14.891279,0.032960,60,19.531497,19.589533,19.459831,0.024130,60,57.631667,59.200000,56.200000,1.036044,60,36.982344,37.035172,36.936371,0.023527,60,34.521992,34.567787,34.485008,0.020921,60,36.635555,36.688026,36.586555,0.020501,60,32.200000,32.200000,32.200000,0.000000,60,36.304323,36.322647,36.275192,0.012792,60,33.693846,33.721420,33.664597,0.014573,60,35.971917,35.994308,35.954056,0.010221,60,1000.868333,1000.900000,1000.800000,0.046910,60,1000.868333,1000.900000,1000.800000,0.046910,60,22.855000,23.300000,22.300000,0.356739,60,190.530694,190.710281,190.263687,0.108427,60,1004.223471,1005.723328,1002.851868,0.785731,60,1020.463632,1021.834778,1019.256348,0.775536,60,11.143463,11.158436,11.130280,0.008469,60,2.013909,2.015808,2.011087,0.001146,60,10.735149,10.751182,10.720487,0.008399,60,0.753765,0.845484,0.645899,0.041346,60,-178.920857,-178.788025,-179.034424,0.054281,60,-0.069294,0.052241,-0.160035,0.045301,60,7.011552,7.130109,6.881433,0.051525,60,179.441523,179.540619,179.322617,0.054351,60,-0.160980,-0.050932,-0.300992,0.055170,60,0.000000,15.800000,29.000000,6.000000,5.058304,60,1420.800000,1804.000000,861.000000,196.082981,60,1.580000,2.900000,0.600000,0.505830,60,142.146838,19.358120,60,60,60,60,60,60,60,60,60,60,60,60,60,60,60,60,60,60,60,60,60,60,60,60,60,60,60,60,60,60,13.4850,13.55,13.43,23.35,26,22,39.00,6862079
2026-10-03 11:38:00,23.538694,23.608759,23.483635,0.025016,60,14.969965,15.043870,14.874495,0.034033,60,19.545001,19.603266,19.473564,0.033636,60,57.783333,60.100000,56.500000,1.023647,60,36.927959,36.949722,36.893646,0.015561,60,34.474149,34.511711,34.442284,0.018597,60,36.593231,36.645302,36.559853,0.018510,60,32.161667,32.200000,32.100000,0.049030,60,36.306622,36.345657,36.278976,0.018483,60,33.661494,33.674881,33.640823,0.007075,60,35.983352,36.013168,35.959183,0.014258,60,1000.820000,1000.900000,1000.800000,0.040338,60,1000.820000,1000.900000,1000.800000,0.040338,60,22.783333,23.400000,22.500000,0.282343,60,190.222856,190.554077,189.909256,0.169442,60,1003.344286,1006.506165,1001.195557,1.487239,60,1019.591199,1022.765320,1017.794189,1.432885,60,11.133936,11.168597,11.114312,0.015647,60,2.010656,2.014157,2.007341,0.001791,60,10.725750,10.759551,10.702781,0.015899,60,0.760185,0.858854,0.565135,0.055829,60,-178.930238,-178.814423,-179.100784,0.056140,60,-0.075428,-0.000753,-0.160111,0.036751,60,7.013284,7.090265,6.901813,0.046501,60,179.449019,179.580399,179.323410,0.058248,60,-0.169172,-0.050854,-0.274587,0.050312,60,0.000000,9.616667,18.000000,3.000000,4.532712,60,1398.866667,1753.000000,867.000000,187.597068,60,0.961667,1.800000,0.300000,0.453271,60,140.010573,18.553112,60,60,60,60,60,60,60,60,60,60,60,60,60,60,60,60,60,60,60,60,60,60,60,60,60,60,60,60,60,60,13.5017,13.62,13.42,23.25,25,22,39.00,6862113
2026-10-03 11:39:00,23.557870,23.627069,23.515678,0.025305,60,14.975051,15.060655,14.906539,0.032104,60,19.564635,19.638361,19.505608,0.026732,60,58.298333,60.000000,57.700000,0.515026,60,36.924533,36.949722,36.880295,0.013404,60,34.444242,34.468987,34.412910,0.012111,60,36.587134,36.618599,36.559853,0.016447,60,32.200000,32.200000,32.200000,0.000000,60,36.408006,36.466995,36.343094,0.040187,60,33.687346,33.725052,33.655960,0.015268,60,36.074974,36.126724,36.006638,0.037412,60,1000.803333,1000.900000,1000.800000,0.018102,60,1000.803333,1000.900000,1000.800000,0.018102,60,23.026667,23.400000,22.800000,0.131312,60,190.680688,191.260193,190.509964,0.161453,60,1007.253534,1010.072876,1005.384277,1.207921,60,1017.628532,1023.593750,1008.607422,6.209590,60,11.112504,11.177644,11.013993,0.067809,60,2.015495,2.021620,2.013690,0.001707,60,10.767540,10.797679,10.747558,0.012913,60,0.758864,0.858557,0.670152,0.047878,60,-178.921316,-178.813568,-179.100143,0.056920,60,-0.060376,0.025707,-0.160035,0.039804,60,7.036595,7.155479,6.914860,0.053204,60,179.451685,179.541138,179.336349,0.047500,60,-0.159744,-0.050932,-0.261637,0.050049,60,0.000000,6.533333,15.000000,1.000000,3.779816,60,1587.400000,2417.000000,290.000000,551.039978,60,0.653333,1.500000,0.100000,0.377982,60,166.485789,54.134548,60,60,60,60,60,60,60,60,60,60,60,60,60,60,60,60,60,60,60,60,60,60,60,60,60,60,60,60,60,60,13.4912,13.57,13.43,23.33,25,21,39.00,6862147
2026-10-03 11:40:00,23.549096,23.613337,23.474480,0.025573,60,14.972890,15.025558,14.923324,0.024326,60,19.556395,19.624628,19.491875,0.028706,60,57.305000,58.400000,56.100000,0.689737,60,36.970818,37.021820,36.923019,0.021714,60,34.445844,34.468987,34.399559,0.014681,60,36.638715,36.688026,36.605247,0.021590,60,32.263333,32.300000,32.200000,0.048596,60,36.516065,36.575912,36.469131,0.031121,60,33.736250,33.765579,33.711960,0.013616,60,36.171578,36.224319,36.116989,0.027443,60,1000.800000,1000.800000,1000.800000,0.000000,60,1000.800000,1000.800000,1000.800000,0.000000,60,22.823333,23.100000,22.500000,0.202833,60,191.988985,192.331299,191.264099,0.314731,60,1012.575273,1015.888123,1010.424133,1.166559,60,1016.779412,1030.083496,1011.980530,6.423128,60,11.103231,11.248511,11.050827,0.070141,60,2.029324,2.032942,2.021662,0.003327,60,10.824429,10.859844,10.801434,0.012471,60,0.777626,0.912023,0.697630,0.049467,60,-178.913837,-178.815277,-179.073502,0.054788,60,-0.063261,0.025801,-0.159808,0.043429,60,7.050513,7.178402,6.950562,0.049234,60,179.434429,179.553375,179.336197,0.047806,60,-0.170256,-0.090004,-0.274662,0.043461,60,0.000000,10.816667,14.000000,7.000000,1.761083,60,2027.800000,2319.000000,1778.000000,102.779969,60,1.081667,1.400000,0.700000,0.176108,60,202.797357,10.167017,60,60,60,60,60,60,60,60,60,60,60,60,60,60,60,60,60,60,60,60,60,60,60,60,60,60,60,60,60,60,13.4915,13.60,13.43,23.23,25,22,39.00,6862181
2026-10-03 11:41:00,23.539330,23.602655,23.480583,0.029320,60,14.972661,15.043870,14.923324,0.027197,60,19.551588,19.610895,19.493401,0.027635,60,58.171667,60.400000,56.100000,1.382713,60,37.048122,37.093918,37.005798,0.027226,60,34.461955,34.498360,34.428932,0.013446,60,36.698485,36.760132,36.645302,0.027943,60,32.383333,32.400000,32.300000,0.037582,60,36.645435,36.709152,36.580582,0.036720,60,33.780855,33.817001,33.741989,0.019009,60,36.274913,36.335403,36.214005,0.032396,60,1000.800000,1000.800000,1000.800000,0.000000,60,1000.800000,1000.800000,1000.800000,0.000000,60,23.058333,23.600000,22.500000,0.363268,60,191.403392,192.143570,191.072464,0.291947,60,1009.642063,1012.238342,1007.525940,1.319438,60,1025.960718,1028.786621,1024.124512,1.248808,60,11.203491,11.234350,11.183439,0.013637,60,2.023134,2.030957,2.019636,0.003086,60,10.793073,10.820827,10.770452,0.014105,60,0.753841,0.857963,0.671661,0.041765,60,-178.919714,-178.786285,-179.058533,0.052519,60,-0.068279,0.025927,-0.159884,0.038689,60,7.036325,7.159423,6.918689,0.051889,60,179.447400,179.580399,179.229111,0.061843,60,-0.166150,-0.050854,-0.314158,0.051349,60,0.000000,8.000000,12.000000,3.000000,2.083023,60,1747.083333,2239.000000,1462.000000,191.695848,60,0.800000,1.200000,0.300000,0.208302,60,174.363544,18.889240,60,60,60,60,60,60,60,60,60,60,60,60,60,60,60,60,60,60,60,60,60,60,60,60,60,60,60,60,60,60,13.4948,13.57,13.43,23.36,25,22,39.00,6862214
2026-10-03 11:42:00,23.524045,23.590448,23.466850,0.028173,60,14.972661,15.028610,14.909591,0.027522,60,19.546908,19.630732,19.465935,0.030445,60,59.078333,62.200000,56.000000,2.157140,60,37.139669,37.206070,37.080566,0.031278,60,34.489325,34.541084,34.455635,0.016666,60,36.777621,36.829559,36.717400,0.025776,60,32.418333,32.500000,32.400000,0.039020,60,36.766121,36.819382,36.697433,0.036284,60,33.833881,33.873642,33.804642,0.016809,60,36.387477,36.446518,36.318832,0.035867,60,1000.791667,1000.800000,1000.700000,0.027872,60,1000.791667,1000.800000,1000.700000,0.027872,60,23.425000,24.300000,22.500000,0.618808,60,191.504661,191.957428,191.251312,0.144291,60,1008.994954,1010.249817,1007.395508,0.684296,60,1025.449125,1027.054321,1023.493835,0.850772,60,11.197905,11.215434,11.176553,0.009291,60,2.024204,2.028990,2.021526,0.001525,60,10.786156,10.799570,10.769057,0.007315,60,0.764013,0.926329,0.671661,0.055526,60,-178.919401,-178.813019,-179.033279,0.056655,60,-0.063023,0.025675,-0.146986,0.040879,60,7.029709,7.163370,6.881432,0.058668,60,179.451863,179.581879,179.363312,0.055271,60,-0.172027,-0.051088,-0.301086,0.055250,60,0.000000,14.550000,32.000000,6.000000,6.176569,60,1957.516667,2534.000000,1410.000000,295.658386,60,1.455000,3.200000,0.600000,0.617657,60,195.440943,29.539970,60,60,60,60,60,60,60,60,60,60,60,60,60,60,60,60,60,60,60,60,60,60,60,60,60,60,60,60,60,60,13.4847,13.55,13.42,23.40,26,22,38.99,6862248
2026-10-03 11:43:00,23.492434,23.562983,23.428701,0.027703,60,14.963175,15.030136,14.877546,0.032183,60,19.526996,19.601740,19.452202,0.029441,60,59.091667,62.400000,56.800000,1.969539,60,37.217018,37.264824,37.166016,0.018976,60,34.527021,34.567787,34.485008,0.017353,60,36.856084,36.898987,36.816208,0.021048,60,32.431667,32.500000,32.400000,0.046910,60,36.768033,36.817215,36.726608,0.027617,60,33.864373,33.878708,33.849960,0.007169,60,36.416236,36.443100,36.386948,0.012606,60,1000.715000,1000.800000,1000.700000,0.036008,60,1000.715000,1000.800000,1000.700000,0.036008,60,23.458333,24.400000,22.800000,0.542840,60,192.206043,192.564087,191.931137,0.143006,60,1009.254653,1010.631775,1007.999878,0.640307,60,1026.530922,1028.008911,1024.962646,0.680664,60,11.209718,11.225858,11.192593,0.007433,60,2.031618,2.035402,2.028712,0.001512,60,10.788932,10.803654,10.775518,0.006845,60,0.774744,0.964842,0.594226,0.064952,60,-178.916561,-178.772934,-179.033951,0.062405,60,-0.082425,0.025864,-0.160262,0.046757,60,7.020027,7.132077,6.906306,0.052764,60,179.430347,179.595673,179.295013,0.062120,60,-0.180830,0.001534,-0.301198,0.054990,60,0.000000,22.050000,34.000000,14.000000,5.555346,60,2471.233333,2669.000000,2266.000000,93.793745,60,2.205000,3.400000,1.400000,0.555535,60,247.123255,9.293152,60,60,60,60,60,60,60,60,60,60,60,60,60,60,60,60,60,60,60,60,60,60,60,60,60,60,60,60,60,60,13.4960,13.55,13.43,23.30,25,21,38.98,6862282
2026-10-03 11:44:00,23.470004,23.535515,23.411917,0.024231,60,14.950484,15.014877,14.892805,0.027052,60,19.513771,19.569696,19.436941,0.021484,60,58.058333,60.200000,56.600000,1.070608,60,37.223516,37.264824,37.179367,0.018007,60,34.544155,34.567787,34.525063,0.012250,60,36.881897,36.912338,36.842911,0.013130,60,32.306667,32.400000,32.200000,0.079972,60,36.651511,36.740311,36.549362,0.060307,60,33.839169,33.869492,33.814896,0.014703,60,36.369665,36.411758,36.326279,0.025924,60,1000.706667,1000.800000,1000.700000,0.025155,60,1000.706667,1000.800000,1000.700000,0.025155,60,23.020000,23.600000,22.600000,0.318790,60,192.741439,192.863403,192.586929,0.064012,60,1009.374357,1010.232361,1008.152100,0.516316,60,1027.420272,1028.731812,1026.040039,0.741586,60,11.219429,11.233751,11.204357,0.008098,60,2.037277,2.038566,2.035644,0.000677,60,10.790211,10.799384,10.777145,0.005519,60,0.756046,0.857074,0.605980,0.054424,60,-178.918899,-178.774979,-179.004852,0.049422,60,-0.060174,0.025864,-0.159506,0.043193,60,7.011485,7.120279,6.914861,0.049803,60,179.446782,179.553070,179.322311,0.047889,60,-0.178810,-0.051478,-0.301011,0.054513,60,0.000000,23.716667,31.000000,13.000000,4.577364,60,2623.033333,2787.000000,2534.000000,63.231875,60,2.371667,3.100000,1.300000,0.457736,60,262.293475,6.265311,60,60,60,60,60,60,60,60,60,60,60,60,60,60,60,60,60,60,60,60,60,60,60,60,60,60,60,60,60,60,13.4919,13.57,13.44,23.30,25,22,38.97,6862316
2026-10-03 11:45:00,23.482084,23.547722,23.424124,0.029955,60,14.953206,15.030136,14.909591,0.028787,60,19.514559,19.601740,19.452202,0.029113,60,57.133333,59.200000,56.500000,0.806051,60,37.161521,37.206070,37.123291,0.023504,60,34.535610,34.567787,34.511711,0.013557,60,36.868679,36.898987,36.842911,0.012781,60,32.128333,32.200000,32.100000,0.045442,60,36.516325,36.557571,36.488815,0.016635,60,33.801417,33.825424,33.783890,0.009199,60,36.311700,36.330338,36.293900,0.008566,60,1000.700000,1000.700000,1000.700000,0.000052,60,1000.700000,1000.700000,1000.700000,0.000052,60,22.613333,23.100000,22.500000,0.198696,60,192.804063,192.933838,192.601349,0.072491,60,1010.087180,1011.108093,1008.886780,0.490344,60,1027.442613,1028.441162,1026.281738,0.471077,60,11.219673,11.230578,11.206996,0.005144,60,2.037939,2.039311,2.035796,0.000766,60,10.797832,10.808745,10.784999,0.005242,60,0.772912,0.884684,0.647377,0.045740,60,-178.903538,-178.812164,-179.033737,0.055059,60,-0.066780,0.026178,-0.147568,0.042941,60,7.027627,7.139232,6.911377,0.044205,60,179.429871,179.594421,179.323410,0.058220,60,-0.177963,-0.090349,-0.274687,0.045319,60,0.000000,10.183333,16.000000,6.000000,2.251114,60,2819.266667,3182.000000,2323.000000,164.107227,60,1.018333,1.600000,0.600000,0.225111,60,282.080999,16.148099,60,60,60,60,60,60,60,60,60,60,60,60,60,60,60,60,60,60,60,60,60,60,60,60,60,60,60,60,60,60,13.5117,13.59,13.46,23.37,26,22,38.96,6862350
2026-10-03 11:46:00,23.526538,23.590448,23.451591,0.028510,60,14.958394,15.030136,14.860762,0.029541,60,19.536533,19.601740,19.484245,0.026453,60,57.923333,60.100000,57.100000,0.627442,60,37.111052,37.136642,37.080566,0.014562,60,34.523327,34.554436,34.498360,0.014525,60,36.862137,36.898987,36.829559,0.014340,60,32.100000,32.100000,32.100000,0.000002,60,36.522879,36.578659,36.484818,0.023167,60,33.795026,33.813400,33.779221,0.007638,60,36.348079,36.396164,36.308517,0.024191,60,1000.700000,1000.700000,1000.700000,0.000052,60,1000.700000,1000.700000,1000.700000,0.000052,60,22.820000,23.400000,22.600000,0.192045,60,192.343512,192.613480,192.146545,0.126988,60,1008.755654,1009.765015,1007.745300,0.529336,60,1025.474260,1027.065063,1023.618347,0.768807,60,11.198179,11.215550,11.177912,0.008395,60,2.033071,2.035924,2.030989,0.001342,60,10.783597,10.794388,10.772797,0.005659,60,0.770001,0.885290,0.645408,0.047259,60,-178.907458,-178.788025,-179.032593,0.051228,60,-0.070802,0.052367,-0.186160,0.053057,60,7.025786,7.127431,6.911378,0.046703,60,179.428432,179.580109,179.227676,0.058961,60,-0.187995,-0.050697,-0.300992,0.052929,60,0.000000,6.833333,13.000000,2.000000,2.380476,60,2320.833333,2721.000000,2003.000000,178.160960,60,0.683333,1.300000,0.200000,0.238048,60,231.957320,17.646419,60,60,60,60,60,60,60,60,60,60,60,60,60,60,60,60,60,60,60,60,60,60,60,60,60,60,60,60,60,60,13.4990,13.57,13.44,23.30,25,22,38.96,6862383
2026-10-03 11:47:00,23.550850,23.607233,23.494316,0.027043,60,14.977645,15.046922,14.924850,0.029958,60,19.552885,19.638361,19.487297,0.031117,60,60.276667,61.900000,58.500000,1.082271,60,37.119998,37.166016,37.080566,0.018080,60,34.527555,34.554436,34.498360,0.013659,60,36.893735,36.928360,36.856262,0.018604,60,32.198333,32.200000,32.100000,0.012910,60,36.637108,36.724411,36.557388,0.043457,60,33.833712,33.870804,33.795517,0.020887,60,36.448105,36.511490,36.393600,0.032309,60,1000.700000,1000.700000,1000.700000,0.000052,60,1000.700000,1000.700000,1000.700000,0.000052,60,23.521667,23.900000,23.100000,0.255178,60,192.012378,192.222702,191.743393,0.142445,60,1008.955139,1010.488831,1007.384216,0.717811,60,1024.896077,1026.141846,1023.530151,0.606176,60,11.191865,11.205469,11.176950,0.006620,60,2.029571,2.031794,2.026728,0.001506,60,10.785730,10.802125,10.768936,0.007674,60,0.753570,0.859448,0.633972,0.047843,60,-178.903276,-178.788605,-179.007660,0.051745,60,-0.068786,-0.013646,-0.186815,0.040569,60,7.024755,7.153042,6.939816,0.045481,60,179.448044,179.553558,179.336349,0.053763,60,-0.183431,-0.090349,-0.274662,0.047893,60,0.000000,3.916667,7.000000,2.000000,1.487709,60,1859.533333,3546.000000,103.000000,1025.997794,60,0.391667,0.700000,0.200000,0.148771,60,110.099254,91.324346,60,60,60,60,60,60,60,60,60,60,60,60,60,60,60,60,60,60,60,60,60,60,60,60,60,60,60,60,60,60,13.5098,13.58,13.44,23.30,25,22,38.93,6862417
2026-10-03 11:48:00,23.543959,23.608759,23.489738,0.026699,60,14.968643,15.033189,14.892805,0.032113,60,19.554335,19.607843,19.491875,0.026957,60,59.951667,62.100000,58.300000,1.251236,60,37.184263,37.235443,37.136642,0.026467,60,34.559732,34.597160,34.525063,0.019089,60,36.964987,37.011139,36.898987,0.027321,60,32.271667,32.400000,32.200000,0.049030,60,36.797864,36.864212,36.714371,0.046106,60,33.918874,33.972153,33.862442,0.026891,60,36.580793,36.640335,36.505966,0.041226,60,1000.655000,1000.700000,1000.600000,0.050169,60,1000.655000,1000.700000,1000.600000,0.050169,60,23.528333,24.100000,23.100000,0.353238,60,191.499257,191.882416,191.252686,0.164178,60,1006.132603,1008.273499,1004.503906,0.842733,60,1022.151855,1024.802734,1020.557678,0.931964,60,11.161898,11.190845,11.144490,0.010177,60,2.024147,2.028197,2.021541,0.001735,60,10.755557,10.778443,10.738147,0.009009,60,0.773614,0.883776,0.647376,0.049209,60,-178.918125,-178.774979,-179.033279,0.049899,60,-0.077594,0.025770,-0.159884,0.044040,60,7.038131,7.143670,6.944794,0.051287,60,179.440276,179.580215,179.269394,0.059347,60,-0.193113,-0.090418,-0.300955,0.049539,60,0.000000,9.533333,26.000000,0.000000,6.710646,60,2478.450000,3294.000000,27.000000,798.263315,60,0.953333,2.600000,0.000000,0.671065,60,279.695259,47.108353,60,60,60,60,60,60,60,60,60,60,60,60,60,60,60,60,60,60,60,60,60,60,60,60,60,60,60,60,60,60,13.5016,13.59,13.44,23.32,25,21,38.89,6862451
2026-10-03 11:49:00,23.525597,23.567560,23.430227,0.026761,60,14.968287,15.033189,14.897383,0.028750,60,19.532133,19.594110,19.447624,0.028862,60,60.615000,62.100000,59.200000,0.833783,60,37.261483,37.291527,37.222092,0.020836,60,34.609399,34.653236,34.567787,0.019226,60,37.046743,37.099258,36.997787,0.025202,60,32.325000,32.400000,32.300000,0.043667,60,36.841560,36.870651,36.784683,0.024235,60,33.984884,34.004837,33.957138,0.012912,60,36.649748,36.668503,36.619614,0.011637,60,1000.600000,1000.600000,1000.600000,0.000039,60,1000.600000,1000.600000,1000.600000,0.000039,60,23.708333,24.100000,23.300000,0.238847,60,192.636967,193.697571,191.906662,0.540554,60,1008.336339,1009.760925,1006.411804,0.940087,60,1024.902121,1026.671021,1022.494934,0.976768,60,11.191931,11.211247,11.165645,0.010666,60,2.036173,2.047383,2.028453,0.005714,60,10.779115,10.794344,10.758542,0.010049,60,0.773854,0.964842,0.632514,0.068300,60,-178.916521,-178.811584,-179.037598,0.053779,60,-0.077834,-0.000753,-0.160490,0.044017,60,7.032696,7.168521,6.901813,0.056381,60,179.428295,179.622513,179.270248,0.054593,60,-0.192858,-0.064019,-0.340564,0.061942,60,0.000000,25.616667,40.000000,12.000000,7.551163,60,2482.333333,2724.000000,2312.000000,103.563403,60,2.561667,4.000000,1.200000,0.755116,60,248.200935,10.257689,60,60,60,60,60,60,60,60,60,60,60,60,60,60,60,60,60,60,60,60,60,60,60,60,60,60,60,60,60,60,13.4990,13.57,13.46,23.30,25,22,38.86,6862485
2026-10-03 11:50:00,23.488187,23.570612,23.428701,0.028210,60,14.952366,15.051499,14.882124,0.032317,60,19.512525,19.580378,19.446098,0.027331,60,59.790000,61.100000,58.800000,0.526163,60,37.272522,37.304878,37.222092,0.019937,60,34.643668,34.666588,34.610512,0.013663,60,37.080121,37.125961,37.053864,0.015695,60,32.258333,32.300000,32.200000,0.049717,60,36.677480,36.786636,36.555313,0.070405,60,33.954839,33.992020,33.905075,0.024676,60,36.553356,36.630692,36.466354,0.047546,60,1000.600000,1000.600000,1000.600000,0.000039,60,1000.600000,1000.600000,1000.600000,0.000039,60,23.473333,23.900000,23.300000,0.158239,60,194.698140,195.453720,193.693665,0.602964,60,1011.913112,1013.818726,1009.443665,1.487804,60,1028.576565,1030.708862,1025.768311,1.543593,60,11.232056,11.255341,11.201389,0.016856,60,2.057959,2.065946,2.047342,0.006373,60,10.817351,10.837722,10.790952,0.015905,60,0.770258,1.072408,0.482590,0.115934,60,-178.909553,-178.811584,-179.030304,0.050254,60,-0.072214,0.052241,-0.146623,0.037888,60,7.020131,7.178789,6.911378,0.053396,60,179.443040,179.551956,179.269730,0.053268,60,-0.199726,-0.050306,-0.314298,0.056115,60,0.000000,32.416667,40.000000,27.000000,2.751220,60,2505.083333,2656.000000,2381.000000,61.824599,60,3.241667,4.000000,2.700000,0.275122,60,250.504252,6.125498,60,60,60,60,60,60,60,60,60,60,60,60,60,60,60,60,60,60,60,60,60,60,60,60,60,60,60,60,60,60,13.4983,13.60,13.42,23.27,25,21,38.84,6862519
2026-10-03 11:51:00,23.485313,23.533989,23.425650,0.024740,60,14.940439,15.016403,14.882124,0.027826,60,19.511864,19.560539,19.461357,0.025890,60,59.478333,60.500000,58.200000,0.698447,60,37.179590,37.248795,37.093918,0.040584,60,34.633254,34.666588,34.597160,0.015308,60,37.033658,37.085907,36.968414,0.026142,60,32.138333,32.200000,32.000000,0.055515,60,36.421740,36.544144,36.295822,0.074288,60,33.860960,33.914139,33.804459,0.031300,60,36.385697,36.472275,36.294388,0.051113,60,1000.568333,1000.600000,1000.500000,0.046910,60,1000.568333,1000.600000,1000.500000,0.046910,60,23.250000,23.600000,23.000000,0.190004,60,195.902568,196.759445,195.323608,0.417290,60,1015.491800,1017.658386,1013.400330,1.310519,60,1032.057770,1034.306641,1030.047852,1.199684,60,11.270071,11.294628,11.248122,0.013101,60,2.070690,2.079747,2.064571,0.004411,60,10.855607,10.878768,10.833249,0.014009,60,0.798368,0.968397,0.645899,0.081054,60,-178.911146,-178.786575,-179.003906,0.048176,60,-0.073497,0.025927,-0.187309,0.042506,60,7.008124,7.162603,6.912947,0.050410,60,179.432866,179.553070,179.296310,0.059778,60,-0.191038,-0.024355,-0.301049,0.056277,60,0.000000,31.066667,38.000000,25.000000,3.182935,60,2500.166667,2684.000000,2359.000000,72.833259,60,3.106667,3.800000,2.500000,0.318293,60,250.006003,7.213606,60,60,60,60,60,60,60,60,60,60,60,60,60,60,60,60,60,60,60,60,60,60,60,60,60,60,60,60,60,60,13.5012,13.58,13.46,23.24,25,22,38.84,6862552
2026-10-03 11:52:00,23.525266,23.581293,23.460747,0.028328,60,14.942677,15.014877,14.879072,0.026715,60,19.525444,19.571222,19.456779,0.027847,60,60.375000,62.600000,58.400000,1.324428,60,37.020663,37.123291,36.909668,0.055139,60,34.581450,34.610512,34.541084,0.022222,60,36.934057,36.997787,36.856262,0.035743,60,32.000000,32.000000,32.000000,0.000000,60,36.172600,36.301865,36.043503,0.072989,60,33.749790,33.806259,33.695908,0.031993,60,36.210598,36.302322,36.118515,0.049490,60,1000.535000,1000.600000,1000.500000,0.048099,60,1000.535000,1000.600000,1000.500000,0.048099,60,23.370000,24.100000,23.000000,0.322227,60,197.073559,197.798950,196.533295,0.380595,60,1019.305144,1021.820312,1017.041809,1.193021,60,1035.916443,1038.158081,1033.839722,1.210754,60,11.312208,11.336686,11.289530,0.013221,60,2.083067,2.090735,2.077357,0.004023,60,10.896372,10.923259,10.872177,0.012753,60,0.754245,0.926956,0.498239,0.083306,60,-178.904591,-178.811584,-179.032150,0.052126,60,-0.078592,0.025801,-0.186815,0.038695,60,7.014541,7.120279,6.870005,0.047790,60,179.439662,179.552963,179.321533,0.060964,60,-0.183794,-0.051088,-0.301011,0.057198,60,0.000000,33.683333,43.000000,28.000000,3.610210,60,2513.766667,2708.000000,2162.000000,158.853452,60,3.368333,4.300000,2.800000,0.361021,60,251.430936,15.777492,60,60,60,60,60,60,60,60,60,60,60,60,60,60,60,60,60,60,60,60,60,60,60,60,60,60,60,60,60,60,13.4873,13.55,13.42,23.30,25,22,38.73,6862586
2026-10-03 11:53:00,23.554233,23.620966,23.479057,0.030066,60,14.957351,15.014877,14.892805,0.025703,60,19.546654,19.615473,19.497978,0.023704,60,60.021667,61.600000,58.900000,0.780502,60,36.831428,36.923019,36.725410,0.056926,60,34.512379,34.567787,34.468987,0.024164,60,36.807350,36.885635,36.717400,0.042897,60,31.930000,32.000000,31.900000,0.046212,60,35.941890,36.046555,35.859055,0.055664,60,33.648408,33.699875,33.603256,0.028159,60,36.043784,36.123672,35.987015,0.041616,60,1000.515000,1000.600000,1000.500000,0.036008,60,1000.515000,1000.600000,1000.500000,0.036008,60,23.235000,23.600000,23.000000,0.194697,60,197.970260,198.181961,197.659439,0.147089,60,1023.190007,1024.365479,1021.829834,0.812988,60,1039.410714,1040.617188,1037.775146,0.959325,60,11.350365,11.363540,11.332505,0.010476,60,2.092546,2.094783,2.089260,0.001555,60,10.937901,10.950467,10.923360,0.008691,60,0.790734,0.965810,0.538817,0.077108,60,-178.910851,-178.790039,-179.074158,0.060561,60,-0.079689,0.026021,-0.160414,0.037974,60,7.023825,7.129396,6.842251,0.058518,60,179.424468,179.540009,179.322159,0.055707,60,-0.192796,-0.063643,-0.314283,0.059230,60,0.000000,26.133333,34.000000,17.000000,4.921302,60,2506.216667,2595.000000,2432.000000,33.973116,60,2.613333,3.400000,1.700000,0.492130,60,250.621401,3.368082,60,60,60,60,60,60,60,60,60,60,60,60,60,60,60,60,60,60,60,60,60,60,60,60,60,60,60,60,60,60,13.4949,13.57,13.42,23.29,25,22,38.60,6862620
2026-10-03 11:54:00,23.610056,23.682001,23.535515,0.030853,60,14.968185,15.025558,14.906539,0.022981,60,19.579843,19.658197,19.511711,0.028641,60,58.950000,60.100000,57.900000,0.631517,60,36.654737,36.738762,36.581215,0.046427,60,34.437655,34.498360,34.386208,0.023802,60,36.686380,36.744102,36.631950,0.028101,60,31.878333,31.900000,31.800000,0.041545,60,35.819595,35.857681,35.794052,0.015592,60,33.588422,33.616501,33.567612,0.011633,60,35.962996,35.987167,35.943192,0.010758,60,1000.500000,1000.500000,1000.500000,0.000000,60,1000.500000,1000.500000,1000.500000,0.000000,60,22.938333,23.300000,22.600000,0.179540,60,198.068933,198.244614,197.849930,0.113505,60,1024.644347,1025.477417,1023.618896,0.529541,60,1040.719348,1041.444214,1039.583374,0.527184,60,11.364655,11.372570,11.352251,0.005757,60,2.093589,2.095446,2.091274,0.001200,60,10.953448,10.962354,10.942486,0.005661,60,0.801668,0.929470,0.644672,0.058635,60,-178.905154,-178.787155,-179.031235,0.050615,60,-0.077689,-0.000639,-0.213103,0.047522,60,7.053311,7.175236,6.907548,0.050992,60,179.431118,179.540619,179.269211,0.060060,60,-0.176778,-0.089797,-0.300955,0.050357,60,0.000000,15.933333,26.000000,6.000000,4.375845,60,2575.466667,3068.000000,2249.000000,178.815829,60,1.593333,2.600000,0.600000,0.437585,60,257.210050,17.576831,60,60,60,60,60,60,60,60,60,60,60,60,60,60,60,60,60,60,60,60,60,60,60,60,60,60,60,60,60,60,13.4936,13.57,13.43,23.33,26,21,38.63,6862654
2026-10-03 11:55:00,23.649297,23.707943,23.584345,0.026884,60,14.976577,15.056077,14.906539,0.032233,60,19.602223,19.690243,19.520866,0.031079,60,59.100000,60.300000,58.500000,0.483981,60,36.537912,36.594566,36.482414,0.028045,60,34.382380,34.412910,34.343483,0.017041,60,36.611879,36.661324,36.573204,0.021263,60,31.803333,31.900000,31.800000,0.018102,60,35.803080,35.827072,35.784103,0.009858,60,33.572314,33.587387,33.557938,0.006616,60,35.963262,35.983566,35.946121,0.007472,60,1000.500000,1000.500000,1000.500000,0.000000,60,1000.500000,1000.500000,1000.500000,0.000000,60,22.865000,23.100000,22.600000,0.182102,60,198.148292,198.472824,197.924713,0.160819,60,1025.371168,1026.684570,1023.779724,0.790774,60,1041.396517,1042.762939,1040.190674,0.756415,60,11.372050,11.386971,11.358882,0.008260,60,2.094427,2.097858,2.092064,0.001700,60,10.961217,10.975258,10.944205,0.008453,60,0.820549,0.951483,0.675452,0.053279,60,-178.903850,-178.788895,-178.991211,0.042524,60,-0.087111,0.025675,-0.185996,0.039781,60,7.061181,7.149571,6.975204,0.046454,60,179.435552,179.540329,179.295990,0.051960,60,-0.168732,-0.024946,-0.274687,0.049025,60,0.000000,14.950000,22.000000,9.000000,3.010856,60,2634.850000,2874.000000,2344.000000,110.764344,60,1.495000,2.200000,0.900000,0.301086,60,263.486440,10.961872,60,60,60,60,60,60,60,60,60,60,60,60,60,60,60,60,60,60,60,60,60,60,60,60,60,60,60,60,60,60,13.4927,13.58,13.43,23.24,26,22,38.54,6862688
2026-10-03 11:56:00,23.657791,23.721676,23.595026,0.027233,60,14.986572,15.039292,14.920272,0.024943,60,19.615015,19.653620,19.552910,0.023072,60,60.761667,61.500000,59.800000,0.528859,60,36.468840,36.511787,36.439690,0.016883,60,34.353497,34.386208,34.330132,0.013780,60,36.574094,36.618599,36.546501,0.014263,60,31.851667,31.900000,31.800000,0.050394,60,35.818799,35.841690,35.797958,0.011093,60,33.575614,33.592209,33.552322,0.007519,60,35.986818,36.011215,35.953873,0.014186,60,1000.500000,1000.500000,1000.500000,0.000000,60,1000.500000,1000.500000,1000.500000,0.000000,60,23.383333,23.600000,23.000000,0.194994,60,197.955696,198.347290,197.609161,0.188163,60,1024.009794,1025.778442,1021.924927,1.165253,60,1040.253984,1041.564575,1038.323242,1.015795,60,11.359574,11.373885,11.338490,0.011092,60,2.092392,2.096531,2.088729,0.001989,60,10.946664,10.965571,10.924377,0.012456,60,0.802014,0.952121,0.669399,0.053990,60,-178.915851,-178.789474,-179.006744,0.053867,60,-0.081456,0.025770,-0.186651,0.044546,60,7.043262,7.166548,6.900553,0.058873,60,179.424922,179.486481,179.296310,0.047637,60,-0.169324,-0.050619,-0.261412,0.044536,60,0.000000,14.033333,23.000000,3.000000,4.991405,60,2552.816667,2937.000000,2345.000000,147.384829,60,1.403333,2.300000,0.300000,0.499141,60,255.205164,14.607810,60,60,60,60,60,60,60,60,60,60,60,60,60,60,60,60,60,60,60,60,60,60,60,60,60,60,60,60,60,60,13.5022,13.57,13.43,23.35,25,22,38.46,6862721
2026-10-03 11:57:00,23.660410,23.721676,23.608759,0.028166,60,14.990718,15.056077,14.937057,0.026392,60,19.612853,19.670404,19.552910,0.023741,60,60.045000,61.200000,58.600000,0.811866,60,36.441915,36.469063,36.412987,0.012526,60,34.335828,34.372856,34.298088,0.015061,60,36.563235,36.605247,36.530479,0.013965,60,31.900000,31.900000,31.900000,0.000000,60,35.838619,35.862137,35.817825,0.008696,60,33.584564,33.596085,33.568863,0.007161,60,36.014076,36.038895,35.996414,0.008671,60,1000.498333,1000.500000,1000.400000,0.012910,60,1000.498333,1000.500000,1000.400000,0.012910,60,23.230000,23.600000,22.800000,0.230180,60,197.550532,198.009583,197.299545,0.171840,60,1021.113466,1022.901001,1019.126404,0.796119,60,1037.475765,1039.239502,1036.411377,0.768436,60,11.329235,11.348495,11.317613,0.008391,60,2.088109,2.092961,2.085456,0.001816,60,10.915703,10.934812,10.894461,0.008511,60,0.808345,0.913884,0.712823,0.049881,60,-178.910865,-178.748627,-178.993118,0.049086,60,-0.084046,0.052317,-0.186405,0.045665,60,7.063695,7.159424,6.950562,0.046414,60,179.435771,179.580872,179.361404,0.052792,60,-0.173971,0.001534,-0.366838,0.064624,60,0.000000,15.250000,18.000000,11.000000,1.642910,60,2385.183333,2538.000000,2177.000000,77.051489,60,1.525000,1.800000,1.100000,0.164291,60,238.535462,7.631986,60,60,60,60,60,60,60,60,60,60,60,60,60,60,60,60,60,60,60,60,60,60,60,60,60,60,60,60,60,60,13.5114,13.59,13.46,23.27,25,22,38.39,6862755
2026-10-03 11:58:00,23.656570,23.703365,23.579767,0.026249,60,14.992243,15.071336,14.937057,0.028246,60,19.617380,19.688717,19.537651,0.031982,60,60.375000,62.200000,58.600000,1.060321,60,36.433459,36.469063,36.396965,0.013308,60,34.328307,34.356834,34.298088,0.012673,60,36.570267,36.605247,36.546501,0.012608,60,31.913333,32.000000,31.900000,0.034280,60,35.892375,35.954147,35.852921,0.026764,60,33.599088,33.619064,33.576065,0.010647,60,36.052739,36.097946,36.018692,0.022976,60,1000.461667,1000.500000,1000.400000,0.049030,60,1000.461667,1000.500000,1000.400000,0.049030,60,23.320000,23.800000,22.800000,0.292157,60,198.589370,199.221710,198.010483,0.328571,60,1026.787406,1030.413940,1022.906433,2.057731,60,1043.340344,1046.707275,1039.248169,2.146591,60,11.393277,11.430043,11.348590,0.023441,60,2.099090,2.105773,2.092971,0.003473,60,10.976357,11.015125,10.934869,0.021997,60,0.818883,0.912953,0.713871,0.051102,60,-178.903091,-178.774979,-179.033737,0.049676,60,-0.077837,-0.013768,-0.159657,0.035373,60,7.074985,7.202525,6.963624,0.055229,60,179.442536,179.539169,179.323883,0.045407,60,-0.172232,-0.024271,-0.261581,0.053803,60,0.000000,8.833333,16.000000,3.000000,3.494144,60,2352.833333,2562.000000,2168.000000,94.257880,60,0.883333,1.600000,0.300000,0.349414,60,235.279803,9.340414,60,60,60,60,60,60,60,60,60,60,60,60,60,60,60,60,60,60,60,60,60,60,60,60,60,60,60,60,60,60,13.5114,13.59,13.44,23.27,25,22,38.35,6862789
2026-10-03 11:59:00,23.655502,23.718624,23.581293,0.026221,60,14.986852,15.056077,14.934005,0.028952,60,19.623814,19.690243,19.571222,0.025246,60,60.473333,63.300000,58.900000,1.076855,60,36.473424,36.511787,36.439690,0.019474,60,34.337208,34.372856,34.298088,0.014764,60,36.609386,36.661324,36.559853,0.023662,60,32.030000,32.100000,32.000000,0.046212,60,36.025178,36.098465,35.944016,0.041887,60,33.649437,33.692917,33.609634,0.020348,60,36.161931,36.224411,36.083206,0.037830,60,1000.400000,1000.400000,1000.400000,0.000000,60,1000.400000,1000.400000,1000.400000,0.000000,60,23.468333,24.300000,23.100000,0.325468,60,199.568719,199.883942,199.258316,0.148064,60,1031.956944,1033.568359,1030.346069,0.625598,60,1049.003611,1050.484741,1047.126953,0.692921,60,11.455119,11.471294,11.434626,0.007567,60,2.109441,2.112773,2.106160,0.001565,60,11.031619,11.048845,11.014400,0.006688,60,0.814870,0.966455,0.700993,0.058485,60,-178.902808,-178.732620,-179.006744,0.057897,60,-0.067891,0.052493,-0.160035,0.042108,60,7.055371,7.168521,6.953998,0.058064,60,179.433807,179.540009,179.323410,0.050864,60,-0.152301,-0.050854,-0.300861,0.047321,60,0.000000,8.450000,13.000000,4.000000,2.645271,60,2450.800000,3004.000000,1820.000000,230.484663,60,0.845000,1.300000,0.400000,0.264527,60,245.062883,22.691985,60,60,60,60,60,60,60,60,60,60,60,60,60,60,60,60,60,60,60,60,60,60,60,60,60,60,60,60,60,60,13.5173,13.59,13.44,23.34,25,22,38.25,6862823
2026-10-03 12:00:00,23.635894,23.709469,23.572138,0.031785,60,14.991175,15.057603,14.937057,0.027736,60,19.613260,19.658197,19.557487,0.025202,60,59.755000,63.500000,57.700000,1.914567,60,36.542540,36.594566,36.495766,0.025873,60,34.372678,34.428932,34.343483,0.018996,60,36.676589,36.730751,36.631950,0.026274,60,32.143333,32.200000,32.100000,0.049972,60,36.150159,36.243271,36.092789,0.045871,60,33.720144,33.758102,33.675827,0.021148,60,36.267963,36.349716,36.209854,0.038412,60,1000.400000,1000.400000,1000.400000,0.000000,60,1000.400000,1000.400000,1000.400000,0.000000,60,23.353333,24.300000,22.800000,0.507058,60,200.289639,200.977188,199.695541,0.436370,60,1035.861102,1039.447388,1033.143799,1.804250,60,1052.993492,1056.504028,1050.320068,1.681017,60,11.498689,11.537024,11.469495,0.018357,60,2.117061,2.124329,2.110782,0.004612,60,11.073355,11.111692,11.044307,0.019287,60,0.808575,0.913573,0.714397,0.047960,60,-178.923101,-178.748047,-179.058762,0.062153,60,-0.056196,0.052292,-0.160035,0.049566,60,7.065951,7.176424,6.939816,0.045728,60,179.432362,179.540527,179.335892,0.048526,60,-0.155765,-0.050070,-0.235097,0.042529,60,0.000000,7.083333,15.000000,0.000000,4.365860,60,1930.616667,3592.000000,8.000000,1398.480229,60,0.708333,1.500000,0.000000,0.436586,60,331.738240,56.708139,60,60,60,60,60,60,60,60,60,60,60,60,60,60,60,60,60,60,60,60,60,60,60,60,60,60,60,60,60,60,13.5138,13.57,13.46,23.20,25,21,38.22,6862858
2026-10-03 12:01:00,23.624832,23.703365,23.547722,0.032657,60,14.987132,15.057603,14.906539,0.027452,60,19.605605,19.662775,19.530022,0.028005,60,57.803333,59.300000,56.600000,0.943123,60,36.647661,36.712059,36.567863,0.035395,60,34.414424,34.455635,34.372856,0.019619,60,36.765291,36.829559,36.717400,0.029579,60,32.200000,32.200000,32.200000,0.000000,60,36.323377,36.398239,36.236465,0.048493,60,33.796921,33.837814,33.751114,0.021595,60,36.400373,36.449936,36.342270,0.032935,60,1000.400000,1000.400000,1000.400000,0.000000,60,1000.400000,1000.400000,1000.400000,0.000000,60,22.933333,23.300000,22.600000,0.279022,60,201.215628,201.341232,200.994324,0.090872,60,1040.329043,1041.099854,1038.911987,0.517934,60,1057.560415,1058.569458,1056.074829,0.552068,60,11.548560,11.559578,11.532337,0.006029,60,2.126849,2.128177,2.124510,0.000961,60,11.121117,11.129357,11.105968,0.005537,60,0.811789,0.993865,0.698404,0.055809,60,-178.920249,-178.786575,-179.032150,0.057854,60,-0.069338,0.025958,-0.146406,0.035919,60,7.055811,7.162603,6.959769,0.044494,60,179.437281,179.581238,179.323883,0.059472,60,-0.172553,-0.025198,-0.314127,0.057275,60,0.000000,12.683333,17.000000,7.000000,2.325188,60,290.633333,3592.000000,5.000000,623.505371,60,1.268333,1.700000,0.700000,0.232519,60,17.043267,11.052910,60,60,60,60,60,60,60,60,60,60,60,60,60,60,60,60,60,60,60,60,60,60,60,60,60,60,60,60,60,60,13.5179,13.58,13.46,23.34,25,22,38.16,6862892
2026-10-03 12:02:00,23.597594,23.675898,23.540092,0.032266,60,14.985173,15.028610,14.906539,0.025757,60,19.585184,19.667353,19.519341,0.028653,60,57.830000,58.700000,57.200000,0.455587,60,36.771523,36.837570,36.712059,0.035892,60,34.468586,34.498360,34.412910,0.017800,60,36.854126,36.912338,36.786835,0.028830,60,32.216667,32.300000,32.200000,0.037582,60,36.465841,36.525131,36.409012,0.033623,60,33.860119,33.888351,33.828201,0.015690,60,36.489191,36.518234,36.452255,0.017869,60,1000.365000,1000.400000,1000.300000,0.048099,60,1000.365000,1000.400000,1000.300000,0.048099,60,22.968333,23.100000,22.800000,0.126881,60,201.024890,201.203796,200.748962,0.142225,60,1038.718191,1040.464111,1036.580933,1.312400,60,1056.194358,1057.842163,1053.292603,1.308392,60,11.533643,11.551637,11.501955,0.014288,60,2.124833,2.126724,2.121917,0.001503,60,11.103897,11.122561,11.081050,0.014029,60,0.783119,0.913573,0.644181,0.050885,60,-178.921758,-178.771179,-179.032150,0.049046,60,-0.064453,0.026115,-0.146189,0.040420,60,7.034584,7.165345,6.935966,0.050017,60,179.446616,179.553772,179.324036,0.051766,60,-0.181360,0.013941,-0.274687,0.052577,60,0.000000,13.666667,21.000000,9.000000,3.040220,60,904.916667,3598.000000,5.000000,1369.995438,60,1.366667,2.100000,0.900000,0.304022,60,6.962823,20.018505,60,60,60,60,60,60,60,60,60,60,60,60,60,60,60,60,60,60,60,60,60,60,60,60,60,60,60,60,60,60,13.5182,13.59,13.47,23.26,25,21,38.13,6862926
2026-10-03 12:03:00,23.563745,23.622492,23.501945,0.025907,60,14.974670,15.030136,14.909591,0.028224,60,19.573205,19.652094,19.505608,0.030842,60,59.621667,62.400000,57.900000,1.444814,60,36.877625,36.923019,36.824219,0.029580,60,34.520568,34.554436,34.468987,0.017316,60,36.929962,36.968414,36.872284,0.020278,60,32.296667,32.300000,32.200000,0.018102,60,36.536159,36.555283,36.510727,0.008988,60,33.897012,33.926315,33.869339,0.011891,60,36.519550,36.545609,36.494644,0.011763,60,1000.305000,1000.400000,1000.300000,0.021978,60,1000.305000,1000.400000,1000.300000,0.021978,60,23.426667,24.300000,23.000000,0.396539,60,200.459478,200.891678,200.177551,0.190229,60,1035.023114,1038.427490,1032.844116,1.672828,60,1053.099249,1055.414062,1051.001709,1.287652,60,11.499844,11.525122,11.476938,0.014061,60,2.118857,2.123425,2.115877,0.002011,60,11.064397,11.100790,11.041103,0.017883,60,0.786069,0.928841,0.632757,0.057255,60,-178.909480,-178.788895,-179.033279,0.053262,60,-0.061002,0.025801,-0.159884,0.044587,60,7.028522,7.126175,6.918689,0.052905,60,179.442427,179.540329,179.255844,0.055666,60,-0.170070,-0.024271,-0.301086,0.054271,60,0.000000,15.600000,21.000000,11.000000,2.359259,60,3040.700000,3319.000000,2655.000000,196.827491,60,1.560000,2.100000,1.100000,0.235926,60,304.176961,19.548697,60,60,60,60,60,60,60,60,60,60,60,60,60,60,60,60,60,60,60,60,60,60,60,60,60,60,60,60,60,60,13.5119,13.59,13.46,23.27,25,21,38.08,6862960
2026-10-03 12:04:00,23.545612,23.611811,23.485161,0.025662,60,14.970652,15.033189,14.927901,0.026131,60,19.568475,19.621576,19.510185,0.025157,60,59.728333,61.700000,58.000000,0.996280,60,36.946429,36.992447,36.893646,0.022526,60,34.562491,34.597160,34.525063,0.017620,60,36.978917,37.011139,36.955063,0.017547,60,32.353333,32.400000,32.300000,0.050310,60,36.551140,36.580643,36.535324,0.008410,60,33.936504,33.964523,33.907730,0.015953,60,36.561341,36.597672,36.530502,0.015935,60,1000.300000,1000.300000,1000.300000,0.000000,60,1000.300000,1000.300000,1000.300000,0.000000,60,23.460000,23.900000,23.000000,0.284158,60,200.027005,200.219177,199.620728,0.190918,60,1033.413306,1035.024536,1030.283569,1.315672,60,1051.518323,1053.216675,1047.249634,1.606537,60,11.482580,11.501126,11.435966,0.017544,60,2.114285,2.116317,2.109991,0.002018,60,11.047188,11.064412,11.013730,0.014065,60,0.775670,0.909859,0.674185,0.045700,60,-178.909697,-178.772644,-179.033279,0.052269,60,-0.063276,0.025864,-0.147204,0.038892,60,7.017926,7.171276,6.905636,0.055725,60,179.448513,179.580963,179.322617,0.059111,60,-0.177933,-0.064244,-0.300992,0.048198,60,0.000000,10.950000,18.000000,6.000000,3.217668,60,2509.333333,2927.000000,2141.000000,217.377253,60,1.095000,1.800000,0.600000,0.321767,60,250.583656,21.557702,60,60,60,60,60,60,60,60,60,60,60,60,60,60,60,60,60,60,60,60,60,60,60,60,60,60,60,60,60,60,13.5155,13.58,13.47,23.34,25,22,38.06,6862993
2026-10-03 12:05:00,23.546934,23.602655,23.479057,0.028262,60,14.964523,15.016403,14.914168,0.023849,60,19.575901,19.642939,19.510185,0.027904,60,59.686667,62.300000,57.900000,1.440394,60,37.011450,37.067215,36.949722,0.027659,60,34.608732,34.639885,34.583809,0.015753,60,37.043672,37.099258,36.997787,0.022022,60,32.446667,32.500000,32.400000,0.050310,60,36.634668,36.696091,36.564285,0.036154,60,33.994517,34.033493,33.957047,0.019220,60,36.652606,36.713699,36.592758,0.035520,60,1000.300000,1000.300000,1000.300000,0.000000,60,1000.300000,1000.300000,1000.300000,0.000000,60,23.596667,24.300000,23.000000,0.425846,60,199.100776,199.640625,198.582138,0.311897,60,1027.874951,1030.337524,1025.161865,1.309199,60,1045.310577,1048.259888,1042.998657,1.379129,60,11.414792,11.446998,11.389544,0.015060,60,2.104495,2.110201,2.099013,0.003297,60,10.987983,11.014308,10.958981,0.013995,60,0.783155,0.911404,0.646637,0.050708,60,-178.935410,-178.815002,-179.033279,0.050738,60,-0.064587,0.052166,-0.160111,0.044976,60,7.036090,7.139963,6.911378,0.056629,60,179.442308,179.553772,179.322159,0.049399,60,-0.179453,-0.024101,-0.274812,0.052277,60,0.000000,7.333333,12.000000,4.000000,1.723877,60,2874.316667,3335.000000,2287.000000,286.673942,60,0.733333,1.200000,0.400000,0.172388,60,287.938951,28.573698,60,60,60,60,60,60,60,60,60,60,60,60,60,60,60,60,60,60,60,60,60,60,60,60,60,60,60,60,60,60,13.5168,13.59,13.46,23.27,25,22,38.05,6863027
2026-10-03 12:06:00,23.548638,23.634699,23.483635,0.028876,60,14.960098,15.019455,14.897383,0.026456,60,19.570433,19.647516,19.482719,0.027417,60,59.731667,62.400000,57.600000,1.534186,60,37.104243,37.166016,37.048523,0.031532,60,34.664407,34.722664,34.623863,0.024658,60,37.129655,37.198059,37.085907,0.028798,60,32.516667,32.600000,32.500000,0.037582,60,36.758149,36.814774,36.688828,0.037535,60,34.069906,34.117203,34.024704,0.025274,60,36.767029,36.823959,36.697495,0.037197,60,1000.300000,1000.300000,1000.300000,0.000000,60,1000.300000,1000.300000,1000.300000,0.000000,60,23.653333,24.400000,23.100000,0.438590,60,198.854478,199.520340,198.521332,0.269222,60,1026.914693,1030.619629,1024.526855,1.521351,60,1044.068646,1047.700195,1034.332642,1.949199,60,11.401230,11.440886,11.294913,0.021285,60,2.101892,2.108930,2.098370,0.002846,60,10.977718,11.017323,10.952191,0.016263,60,0.769234,0.966455,0.672165,0.054315,60,-178.931256,-178.788895,-179.056976,0.051387,60,-0.061496,0.052241,-0.159506,0.047213,60,7.024238,7.121545,6.920606,0.049069,60,179.442164,179.580475,179.322800,0.058991,60,-0.175091,-0.064469,-0.274687,0.045220,60,0.000000,8.650000,13.000000,4.000000,2.192630,60,3201.533333,3538.000000,21.000000,472.969575,60,0.865000,1.300000,0.400000,0.219263,60,326.444783,22.594247,60,60,60,60,60,60,60,60,60,60,60,60,60,60,60,60,60,60,60,60,60,60,60,60,60,60,60,60,60,60,13.5176,13.60,13.46,23.25,25,21,38.04,6863061
2026-10-03 12:07:00,23.530734,23.611811,23.460747,0.028064,60,14.968617,15.039292,14.901960,0.032295,60,19.565194,19.633783,19.505608,0.028326,60,57.441667,60.100000,56.200000,0.964504,60,37.199217,37.278175,37.149994,0.031685,60,34.728896,34.781418,34.679939,0.022669,60,37.222539,37.280846,37.168686,0.031043,60,32.546667,32.600000,32.500000,0.050310,60,36.866409,36.922379,36.817795,0.026226,60,34.139086,34.168564,34.110062,0.015806,60,36.872823,36.931839,36.820633,0.025609,60,1000.300000,1000.300000,1000.300000,0.000000,60,1000.300000,1000.300000,1000.300000,0.000000,60,23.088333,23.900000,22.600000,0.317881,60,198.942284,199.781265,198.312057,0.572566,60,1025.001156,1031.162109,1019.883179,4.235107,60,1042.202981,1048.481445,1036.665771,4.353298,60,11.380857,11.449417,11.320390,0.047538,60,2.102820,2.111688,2.096159,0.006052,60,10.957262,11.023122,10.902551,0.045273,60,0.767722,0.913573,0.670906,0.050017,60,-178.933761,-178.790329,-179.033737,0.055055,60,-0.059698,0.065619,-0.160111,0.043620,60,7.022636,7.143670,6.911377,0.053732,60,179.438107,179.540222,179.322617,0.051828,60,-0.189156,-0.064094,-0.314205,0.045690,60,0.000000,11.583333,17.000000,7.000000,2.381366,60,2822.283333,3555.000000,1.000000,1099.292640,60,1.158333,1.700000,0.700000,0.238137,60,329.990134,18.271630,60,60,60,60,60,60,60,60,60,60,60,60,60,60,60,60,60,60,60,60,60,60,60,60,60,60,60,60,60,60,13.5158,13.59,13.46,23.27,25,22,38.04,6863095
2026-10-03 12:08:00,23.527428,23.598078,23.476006,0.021729,60,14.967320,15.024033,14.905012,0.028356,60,19.562346,19.607843,19.507133,0.025900,60,58.823333,60.800000,57.600000,1.023514,60,37.287965,37.334251,37.235443,0.027085,60,34.785156,34.824142,34.736015,0.021120,60,37.313067,37.350273,37.267494,0.024699,60,32.610000,32.700000,32.600000,0.030253,60,36.932645,36.978500,36.904861,0.020362,60,34.186551,34.226395,34.156418,0.017830,60,36.942929,36.988022,36.910812,0.021730,60,1000.246667,1000.300000,1000.200000,0.050310,60,1000.246667,1000.300000,1000.200000,0.050310,60,23.546667,24.100000,23.300000,0.269630,60,198.769550,199.226746,198.103973,0.378142,60,1025.206226,1027.988403,1022.509277,1.731047,60,1042.109855,1044.875000,1039.075073,1.831886,60,11.379840,11.410035,11.346700,0.020004,60,2.100994,2.105827,2.093959,0.003997,60,10.959454,10.989195,10.930624,0.018505,60,0.757001,0.886201,0.646883,0.051238,60,-178.932878,-178.786575,-179.072403,0.063410,60,-0.059643,0.026053,-0.146551,0.041715,60,6.997641,7.124209,6.819916,0.060159,60,179.445242,179.540527,179.335724,0.043919,60,-0.182169,-0.090555,-0.340517,0.050545,60,0.000000,11.033333,16.000000,6.000000,2.421420,60,2257.616667,3590.000000,15.000000,1505.076968,60,1.103333,1.600000,0.600000,0.242142,60,339.966280,25.298579,60,60,60,60,60,60,60,60,60,60,60,60,60,60,60,60,60,60,60,60,60,60,60,60,60,60,60,60,60,60,13.5188,13.60,13.46,23.28,26,22,38.02,6863129
2026-10-03 12:09:00,23.522036,23.576715,23.469902,0.024012,60,14.962030,15.025558,14.888227,0.028361,60,19.560616,19.612421,19.511711,0.024858,60,57.710000,60.400000,56.300000,1.113812,60,37.371680,37.419701,37.320900,0.030834,60,34.841366,34.893570,34.810791,0.023141,60,37.387969,37.435722,37.350273,0.024627,60,32.695000,32.700000,32.600000,0.021978,60,37.016152,37.071365,36.964096,0.029220,60,34.244670,34.277664,34.206314,0.018714,60,37.024205,37.068375,36.977097,0.024954,60,1000.201667,1000.300000,1000.200000,0.012910,60,1000.201667,1000.300000,1000.200000,0.012910,60,23.228333,23.900000,22.800000,0.301461,60,197.822349,198.408340,197.395340,0.349599,60,1020.185227,1024.472290,1016.875183,2.570101,60,1036.902555,1041.519531,1033.442871,2.809709,60,11.322976,11.373394,11.285196,0.030682,60,2.090982,2.097176,2.086469,0.003695,60,10.905780,10.951609,10.870396,0.027474,60,0.771507,0.911404,0.645408,0.057162,60,-178.921504,-178.733521,-179.100784,0.056440,60,-0.054416,0.025770,-0.186569,0.046686,60,6.996901,7.104599,6.899903,0.048968,60,179.452484,179.593521,179.336655,0.043150,60,-0.186946,-0.051322,-0.300804,0.045478,60,0.000000,11.650000,16.000000,7.000000,2.334886,60,2674.016667,3582.000000,40.000000,1440.020262,60,1.165000,1.600000,0.700000,0.233489,60,351.469077,13.469510,60,60,60,60,60,60,60,60,60,60,60,60,60,60,60,60,60,60,60,60,60,60,60,60,60,60,60,60,60,60,13.5158,13.58,13.47,23.33,25,21,38.01,6863162
2026-10-03 12:10:00,23.515094,23.562983,23.457695,0.023582,60,14.960733,15.060655,14.906539,0.028086,60,19.562982,19.616999,19.484245,0.027904,60,58.101667,60.500000,56.400000,1.068421,60,37.463805,37.521172,37.403679,0.028504,60,34.897353,34.965668,34.837494,0.021567,60,37.476489,37.537193,37.422371,0.029535,60,32.700000,32.700000,32.700000,0.000000,60,37.108452,37.157516,37.050980,0.030690,60,34.298445,34.334061,34.266617,0.015810,60,37.103942,37.142899,37.059799,0.023015,60,1000.200000,1000.200000,1000.200000,0.000041,60,1000.200000,1000.200000,1000.200000,0.000041,60,23.396667,24.100000,22.800000,0.333937,60,197.794394,198.088669,197.417542,0.166554,60,1019.591260,1021.546875,1016.992065,1.135649,60,1035.868150,1037.608765,1033.410156,1.221449,60,11.311680,11.330688,11.284839,0.013338,60,2.090687,2.093797,2.086703,0.001760,60,10.899430,10.920336,10.871645,0.012140,60,0.758934,0.913574,0.644917,0.053075,60,-178.950463,-178.774979,-179.072845,0.055474,60,-0.052399,0.025958,-0.146768,0.039195,60,6.988887,7.137263,6.890364,0.052010,60,179.452168,179.554367,179.363464,0.044812,60,-0.194643,-0.090418,-0.314205,0.049110,60,0.000000,12.200000,17.000000,6.000000,2.628398,60,1216.700000,3570.000000,19.000000,1426.503968,60,1.220000,1.700000,0.600000,0.262840,60,14.159513,28.266952,60,60,60,60,60,60,60,60,60,60,60,60,60,60,60,60,60,60,60,60,60,60,60,60,60,60,60,60,60,60,13.5173,13.58,13.47,23.28,25,22,38.02,6863196
2026-10-03 12:11:00,23.507439,23.556877,23.457695,0.024923,60,14.965591,15.028610,14.895857,0.029270,60,19.556395,19.603266,19.487297,0.025299,60,57.401667,58.900000,56.100000,0.802853,60,37.545516,37.603951,37.489128,0.029837,60,34.949201,34.992371,34.909592,0.019382,60,37.556019,37.606621,37.505150,0.026755,60,32.721667,32.800000,32.700000,0.041545,60,37.181143,37.223618,37.136246,0.023079,60,34.341045,34.363724,34.320694,0.009257,60,37.162582,37.187912,37.131180,0.013694,60,1000.200000,1000.200000,1000.200000,0.000041,60,1000.200000,1000.200000,1000.200000,0.000041,60,23.275000,23.800000,22.800000,0.272854,60,198.184996,198.369690,198.047272,0.076987,60,1021.271605,1022.865112,1019.852234,0.734321,60,1037.446490,1038.838989,1036.152588,0.634849,60,11.328916,11.344122,11.314786,0.006933,60,2.094815,2.096768,2.093360,0.000814,60,10.917393,10.934427,10.902220,0.007850,60,0.746283,0.912953,0.604800,0.060752,60,-178.932363,-178.790039,-179.060989,0.055713,60,-0.045806,0.052317,-0.146551,0.041463,60,6.988701,7.120279,6.834453,0.057342,60,179.447468,179.595123,179.323883,0.058406,60,-0.186056,-0.050619,-0.301086,0.053230,60,0.000000,17.633333,29.000000,6.000000,5.078925,60,289.616667,659.000000,68.000000,123.496805,60,1.763333,2.900000,0.600000,0.507893,60,28.883261,12.181242,60,60,60,60,60,60,60,60,60,60,60,60,60,60,60,60,60,60,60,60,60,60,60,60,60,60,60,60,60,60,13.5166,13.59,13.46,23.30,25,22,38.00,6863230
2026-10-03 12:12:00,23.498156,23.575190,23.451591,0.025362,60,14.953231,15.033189,14.877546,0.035067,60,19.545586,19.621576,19.456779,0.030168,60,58.008333,59.300000,56.400000,0.833065,60,37.618459,37.660027,37.577248,0.017810,60,34.994729,35.035095,34.965668,0.015376,60,37.606309,37.635994,37.579918,0.015710,60,32.790000,32.800000,32.700000,0.030253,60,37.209687,37.226852,37.197617,0.007286,60,34.359492,34.378311,34.343094,0.007901,60,37.155207,37.180710,37.130875,0.012101,60,1000.148333,1000.200000,1000.100000,0.050394,60,1000.148333,1000.200000,1000.100000,0.050394,60,23.475000,23.800000,23.000000,0.239084,60,198.194667,198.392349,197.823868,0.161581,60,1021.031925,1023.328552,1018.666443,1.171841,60,1037.132654,1038.744629,1035.113525,1.037072,60,11.325489,11.343092,11.303439,0.011325,60,2.094918,2.097007,2.090998,0.001708,60,10.914831,10.939382,10.889544,0.012527,60,0.738880,0.912023,0.632757,0.065424,60,-178.933531,-178.786285,-179.060532,0.057150,60,-0.045136,0.065619,-0.146623,0.042887,60,6.987741,7.108514,6.816311,0.056620,60,179.460608,179.553268,179.337112,0.047984,60,-0.185412,-0.090211,-0.340535,0.063372,60,0.000000,18.900000,28.000000,10.000000,2.772137,60,364.750000,490.000000,210.000000,52.972210,60,1.890000,2.800000,1.000000,0.277214,60,36.478124,5.248728,60,60,60,60,60,60,60,60,60,60,60,60,60,60,60,60,60,60,60,60,60,60,60,60,60,60,60,60,60,60,13.5193,13.59,13.47,23.20,25,21,38.00,6863264
2026-10-03 12:13:00,23.493299,23.561455,23.434805,0.025772,60,14.956232,15.016403,14.879072,0.028430,60,19.547748,19.606318,19.473564,0.026858,60,58.105000,59.000000,57.000000,0.597005,60,37.655087,37.689400,37.619972,0.015869,60,35.022322,35.048447,34.992371,0.013661,60,37.623889,37.649345,37.606621,0.012956,60,32.800000,32.800000,32.800000,0.000001,60,37.203981,37.225449,37.185013,0.007581,60,34.361770,34.373398,34.347580,0.005955,60,37.124334,37.141159,37.105881,0.009492,60,1000.100000,1000.100000,1000.100000,0.000039,60,1000.100000,1000.100000,1000.100000,0.000039,60,23.513333,23.800000,23.300000,0.176084,60,197.794546,197.991486,197.431931,0.130201,60,1018.083762,1019.815857,1015.912048,0.917210,60,1034.756510,1036.093506,1033.097656,0.767496,60,11.299541,11.314140,11.281426,0.008381,60,2.090688,2.092770,2.086855,0.001376,60,10.883315,10.901831,10.860100,0.009805,60,0.738521,0.858557,0.630577,0.051897,60,-178.934067,-178.842514,-179.031464,0.044454,60,-0.046411,0.052367,-0.186405,0.044253,60,6.976398,7.100056,6.857468,0.048147,60,179.467628,179.594498,179.323410,0.063898,60,-0.197930,-0.064394,-0.340610,0.060303,60,0.000000,18.716667,26.000000,14.000000,3.454752,60,275.400000,419.000000,119.000000,73.281024,60,1.871667,2.600000,1.400000,0.345475,60,27.540991,7.262128,60,60,60,60,60,60,60,60,60,60,60,60,60,60,60,60,60,60,60,60,60,60,60,60,60,60,60,60,60,60,13.5168,13.58,13.46,23.24,25,22,38.00,6863298
2026-10-03 12:14:00,23.496223,23.562983,23.439384,0.027249,60,14.959945,15.033189,14.897383,0.028644,60,19.551944,19.624628,19.491875,0.026314,60,57.591667,58.800000,56.300000,0.770272,60,37.673690,37.702751,37.646675,0.012024,60,35.037766,35.077820,35.005722,0.012496,60,37.619349,37.649345,37.579918,0.016242,60,32.800000,32.800000,32.800000,0.000001,60,37.180788,37.203964,37.161484,0.010224,60,34.347480,34.366806,34.331741,0.009073,60,37.082517,37.111282,37.056229,0.014196,60,1000.100000,1000.100000,1000.100000,0.000039,60,1000.100000,1000.100000,1000.100000,0.000039,60,23.363333,23.800000,23.000000,0.226219,60,197.240119,197.580109,196.962036,0.185935,60,1013.731124,1016.434326,1010.526062,1.401365,60,1030.848678,1032.958618,1029.189697,1.003858,60,11.256868,11.279908,11.238751,0.010962,60,2.084828,2.088422,2.081889,0.001965,60,10.836785,10.865683,10.802524,0.014981,60,0.739591,0.858557,0.630819,0.062070,60,-178.926499,-178.787735,-179.033279,0.056301,60,-0.037406,0.052216,-0.146623,0.043634,60,6.969341,7.078546,6.864833,0.052220,60,179.463430,179.594238,179.336975,0.063999,60,-0.174209,-0.024946,-0.366838,0.063781,60,0.000000,17.033333,26.000000,8.000000,4.108555,60,2008.766667,3555.000000,21.000000,1531.940426,60,1.703333,2.600000,0.800000,0.410856,60,350.707574,29.991424,60,60,60,60,60,60,60,60,60,60,60,60,60,60,60,60,60,60,60,60,60,60,60,60,60,60,60,60,60,60,13.5190,13.59,13.46,23.23,25,22,38.02,6863331
2026-10-03 12:15:00,23.502225,23.547722,23.453117,0.026507,60,14.967854,15.033189,14.897383,0.029177,60,19.567458,19.606318,19.507133,0.023858,60,58.706667,60.100000,56.700000,1.057799,60,37.663631,37.689400,37.619972,0.014466,60,35.041949,35.061798,35.005722,0.011269,60,37.600168,37.619972,37.579918,0.012411,60,32.801667,32.900000,32.800000,0.012910,60,37.129892,37.168503,37.090073,0.022679,60,34.336856,34.350418,34.318008,0.006948,60,37.053354,37.079300,37.035080,0.009549,60,1000.100000,1000.100000,1000.100000,0.000039,60,1000.100000,1000.100000,1000.100000,0.000039,60,23.668333,24.100000,23.100000,0.292558,60,197.232190,197.368134,197.029739,0.083332,60,1013.978699,1015.109558,1011.789246,0.874650,60,1032.280815,1033.874878,1030.183228,0.975784,60,11.272507,11.289913,11.249601,0.010656,60,2.084744,2.086181,2.082604,0.000881,60,10.839432,10.851521,10.816027,0.009350,60,0.733693,0.911095,0.630819,0.052864,60,-178.942181,-178.815002,-179.072189,0.059325,60,-0.043447,0.065663,-0.120964,0.039918,60,6.968268,7.060871,6.819916,0.050896,60,179.447835,179.580215,179.335724,0.054309,60,-0.185978,-0.090211,-0.300936,0.045358,60,0.000000,15.133333,19.000000,11.000000,1.845440,60,3047.150000,3496.000000,2685.000000,200.618267,60,1.513333,1.900000,1.100000,0.184544,60,304.538615,19.883838,60,60,60,60,60,60,60,60,60,60,60,60,60,60,60,60,60,60,60,60,60,60,60,60,60,60,60,60,60,60,13.5191,13.60,13.47,23.23,25,22,38.00,6863365
2026-10-03 12:16:00,23.527173,23.561455,23.483635,0.020144,60,14.975458,15.033189,14.914168,0.027106,60,19.580937,19.653620,19.523918,0.027358,60,57.770000,58.400000,57.100000,0.396724,60,37.634837,37.676048,37.603951,0.012908,60,35.048758,35.077820,35.021744,0.012612,60,37.586327,37.619972,37.537193,0.013421,60,32.896667,32.900000,32.800000,0.018102,60,37.078774,37.104233,37.062210,0.008194,60,34.350313,34.371017,34.331985,0.007902,60,37.041226,37.063919,37.022110,0.010100,60,1000.090000,1000.100000,1000.000000,0.030253,60,1000.090000,1000.100000,1000.000000,0.030253,60,23.415000,23.600000,23.300000,0.102221,60,197.166716,197.341385,196.969803,0.084943,60,1013.140532,1014.516296,1011.913635,0.612881,60,1031.797609,1033.135132,1030.791626,0.461904,60,11.267230,11.281836,11.256245,0.005044,60,2.084052,2.085898,2.081971,0.000898,60,10.830472,10.845179,10.817356,0.006552,60,0.747863,0.951483,0.605744,0.059855,60,-178.943320,-178.843338,-179.060303,0.050761,60,-0.031457,0.065729,-0.146768,0.045107,60,6.975460,7.068074,6.834667,0.052406,60,179.450077,179.581238,179.294678,0.058347,60,-0.195027,-0.090555,-0.274812,0.042679,60,0.000000,12.516667,18.000000,7.000000,2.339721,60,3117.950000,3315.000000,2930.000000,75.786593,60,1.251667,1.800000,0.700000,0.233972,60,311.800232,7.505714,60,60,60,60,60,60,60,60,60,60,60,60,60,60,60,60,60,60,60,60,60,60,60,60,60,60,60,60,60,60,13.5229,13.58,13.46,23.33,26,22,38.00,6863399
2026-10-03 12:17:00,23.541263,23.636225,23.494316,0.028392,60,14.979375,15.034715,14.914168,0.027616,60,19.596246,19.638361,19.539177,0.027390,60,57.333333,59.500000,55.700000,1.173242,60,37.611561,37.646675,37.561226,0.016909,60,35.055968,35.104523,35.021744,0.014514,60,37.585704,37.606621,37.563896,0.011256,60,32.900000,32.900000,32.900000,0.000000,60,37.049563,37.082657,37.014542,0.021095,60,34.369465,34.392105,34.349106,0.008104,60,37.061330,37.081161,37.048294,0.007170,60,1000.025000,1000.100000,1000.000000,0.043667,60,1000.025000,1000.100000,1000.000000,0.043667,60,23.366667,24.100000,22.800000,0.374015,60,197.531308,197.863205,197.028122,0.263803,60,1013.674215,1014.952393,1012.093140,0.767855,60,1033.144704,1034.587280,1031.370483,0.868450,60,11.281940,11.297693,11.262567,0.009484,60,2.087906,2.091414,2.082587,0.002788,60,10.836177,10.849841,10.819276,0.008208,60,0.744909,0.860043,0.594459,0.059410,60,-178.932831,-178.813858,-179.033051,0.048769,60,-0.043893,0.052216,-0.146986,0.041421,60,6.993006,7.153509,6.860506,0.053742,60,179.445104,179.540222,179.362885,0.047545,60,-0.190600,-0.103185,-0.300861,0.046836,60,0.000000,15.266667,24.000000,6.000000,3.874588,60,2731.250000,3111.000000,2432.000000,144.920507,60,1.526667,2.400000,0.600000,0.387459,60,273.164535,14.341279,60,60,60,60,60,60,60,60,60,60,60,60,60,60,60,60,60,60,60,60,60,60,60,60,60,60,60,60,60,60,13.5193,13.58,13.47,23.22,25,21,38.01,6863433
2026-10-03 12:18:00,23.558404,23.616388,23.494316,0.027737,60,14.975433,15.066758,14.914168,0.031258,60,19.602325,19.671930,19.539177,0.029010,60,57.053333,59.000000,55.400000,0.845420,60,37.584146,37.603951,37.547874,0.014098,60,35.068251,35.091171,35.048447,0.012748,60,37.592246,37.619972,37.563896,0.011811,60,32.903333,33.000000,32.900000,0.018102,60,37.012595,37.025589,36.994492,0.006500,60,34.378503,34.397110,34.359390,0.006865,60,37.067376,37.088547,37.034836,0.010336,60,1000.003333,1000.100000,1000.000000,0.018102,60,1000.003333,1000.100000,1000.000000,0.018102,60,23.380000,23.900000,23.000000,0.243422,60,197.572282,197.775421,197.277832,0.128526,60,1012.752101,1014.285461,1011.137878,0.748043,60,1032.128052,1033.936035,1030.387695,0.735329,60,11.270838,11.290581,11.251834,0.008030,60,2.088339,2.090486,2.085227,0.001359,60,10.826320,10.842710,10.809064,0.007996,60,0.745535,0.884684,0.644917,0.056967,60,-178.959691,-178.880463,-179.033051,0.045973,60,-0.032081,0.052568,-0.106967,0.033016,60,6.976162,7.094178,6.853413,0.051402,60,179.448280,179.593964,179.295502,0.051509,60,-0.189797,-0.024524,-0.274687,0.054826,60,0.000000,12.683333,20.000000,8.000000,2.574264,60,2949.000000,3295.000000,2501.000000,203.548020,60,1.268333,2.000000,0.800000,0.257426,60,295.330800,20.118293,60,60,60,60,60,60,60,60,60,60,60,60,60,60,60,60,60,60,60,60,60,60,60,60,60,60,60,60,60,60,13.5232,13.59,13.47,23.22,25,22,38.00,6863467
2026-10-03 12:19:00,23.571934,23.648432,23.511101,0.029258,60,14.990743,15.066758,14.914168,0.032570,60,19.611175,19.671930,19.555962,0.028183,60,55.888333,56.500000,55.000000,0.373300,60,37.562250,37.603951,37.547874,0.012163,60,35.076574,35.104523,35.048447,0.013796,60,37.601903,37.619972,37.563896,0.013094,60,32.950000,33.000000,32.900000,0.050422,60,37.018675,37.054489,36.997543,0.013970,60,34.393085,34.419296,34.372635,0.011023,60,37.096272,37.146133,37.058548,0.019665,60,1000.000000,1000.000000,1000.000000,0.000000,60,1000.000000,1000.000000,1000.000000,0.000000,60,23.058333,23.300000,22.800000,0.102992,60,196.944126,197.316696,196.530533,0.232056,60,1009.874033,1012.043213,1007.804199,1.127215,60,1029.644615,1031.458740,1027.221436,1.198058,60,11.243719,11.263529,11.217257,0.013083,60,2.081699,2.085638,2.077328,0.002453,60,10.795553,10.818741,10.773427,0.012050,60,0.765858,0.860340,0.646637,0.049673,60,-178.945672,-178.840027,-179.059875,0.054106,60,-0.042955,0.025958,-0.160262,0.045522,60,6.994627,7.132077,6.873811,0.053680,60,179.441549,179.540329,179.322800,0.049449,60,-0.201406,-0.103317,-0.301086,0.046926,60,0.000000,6.733333,14.000000,2.000000,2.327919,60,3037.166667,3348.000000,2507.000000,178.010204,60,0.673333,1.400000,0.200000,0.232792,60,303.943787,17.543814,60,60,60,60,60,60,60,60,60,60,60,60,60,60,60,60,60,60,60,60,60,60,60,60,60,60,60,60,60,60,13.5164,13.58,13.46,23.15,25,21,38.00,6863500
2026-10-03 12:20:00,23.592737,23.648432,23.553825,0.023677,60,14.997558,15.085069,14.932479,0.031254,60,19.625264,19.674982,19.571222,0.027134,60,57.135000,58.600000,55.900000,0.822527,60,37.579918,37.619972,37.534523,0.017396,60,35.104701,35.133896,35.077820,0.014137,60,37.635148,37.676048,37.593269,0.020190,60,33.133333,33.200000,33.000000,0.068064,60,37.115029,37.189865,37.053696,0.041000,60,34.444079,34.493149,34.399521,0.022555,60,37.197320,37.260544,37.127762,0.038267,60,1000.000000,1000.000000,1000.000000,0.000000,60,1000.000000,1000.000000,1000.000000,0.000000,60,23.503333,23.900000,23.100000,0.271822,60,196.177581,196.524826,195.926392,0.151219,60,1007.049209,1008.563110,1005.509277,0.751513,60,1027.023474,1028.996338,1025.458496,0.787483,60,11.215096,11.236641,11.198007,0.008599,60,2.073597,2.077267,2.070942,0.001598,60,10.765356,10.781539,10.748894,0.008034,60,0.754023,0.857667,0.670152,0.053836,60,-178.950968,-178.841141,-179.060989,0.055130,60,-0.025254,0.052443,-0.146189,0.041892,60,7.001401,7.088309,6.899579,0.050137,60,179.448255,179.512894,179.296814,0.045993,60,-0.199440,-0.051088,-0.301142,0.052047,60,0.000000,6.833333,16.000000,2.000000,3.173869,60,2639.466667,3580.000000,5.000000,1182.304421,60,0.683333,1.600000,0.200000,0.317387,60,324.799204,35.068711,60,60,60,60,60,60,60,60,60,60,60,60,60,60,60,60,60,60,60,60,60,60,60,60,60,60,60,60,60,60,13.5215,13.59,13.46,23.25,26,21,38.00,6863534
2026-10-03 12:21:00,23.594975,23.671320,23.529411,0.024482,60,14.993337,15.053025,14.900434,0.031850,60,19.612930,19.697872,19.562065,0.030874,60,57.125000,59.800000,54.600000,1.570018,60,37.638976,37.676048,37.590599,0.019073,60,35.140349,35.176620,35.104523,0.018006,60,37.709071,37.748146,37.649345,0.024783,60,33.263333,33.300000,33.200000,0.048596,60,37.207825,37.252090,37.174210,0.016220,60,34.508190,34.534653,34.481796,0.014259,60,37.285529,37.321976,37.258286,0.017152,60,1000.000000,1000.000000,1000.000000,0.000000,60,1000.000000,1000.000000,1000.000000,0.000000,60,23.661667,24.400000,23.000000,0.448762,60,195.854279,196.011688,195.449631,0.149455,60,1003.525486,1006.362976,1000.803101,1.625019,60,1024.077949,1026.985474,1021.220032,1.683938,60,11.182931,11.214682,11.151723,0.018389,60,2.070180,2.071844,2.065902,0.001580,60,10.727687,10.758019,10.698585,0.017371,60,0.750670,0.857964,0.646145,0.050916,60,-178.955374,-178.772064,-179.060532,0.057699,60,-0.023916,0.052443,-0.119573,0.040175,60,6.991525,7.100056,6.873811,0.052799,60,179.443989,179.593689,179.336655,0.047210,60,-0.194852,-0.063869,-0.314048,0.052611,60,0.000000,10.316667,24.000000,2.000000,4.240609,60,2836.166667,3595.000000,72.000000,931.884371,60,1.031667,2.400000,0.200000,0.424061,60,319.089937,40.120933,60,60,60,60,60,60,60,60,60,60,60,60,60,60,60,60,60,60,60,60,60,60,60,60,60,60,60,60,60,60,13.5223,13.59,13.46,23.25,25,21,38.01,6863568
2026-10-03 12:22:00,23.584802,23.643854,23.530937,0.025327,60,14.994736,15.056077,14.920272,0.027538,60,19.611836,19.699398,19.548332,0.029528,60,55.361667,57.800000,54.100000,0.978773,60,37.700926,37.745476,37.646675,0.022629,60,35.180225,35.216675,35.147247,0.018163,60,37.771250,37.817581,37.732124,0.020462,60,33.355000,33.400000,33.300000,0.050169,60,37.280839,37.322281,37.240555,0.024356,60,34.551635,34.581100,34.523178,0.015108,60,37.357793,37.393753,37.314499,0.022302,60,1000.000000,1000.000000,1000.000000,0.000000,60,1000.000000,1000.000000,1000.000000,0.000000,60,23.233333,23.900000,22.800000,0.277804,60,195.426882,195.548187,195.172028,0.091036,60,1000.502346,1001.583923,998.903992,0.580145,60,1021.257344,1022.505981,1020.186829,0.566367,60,11.152130,11.165766,11.140440,0.006185,60,2.065662,2.066944,2.062968,0.000962,60,10.695370,10.706932,10.678284,0.006202,60,0.744431,0.855596,0.592592,0.050412,60,-178.968840,-178.851776,-179.099503,0.050039,60,-0.039174,0.052418,-0.146189,0.041101,60,6.987426,7.094178,6.849854,0.043345,60,179.450684,179.580963,179.267517,0.057988,60,-0.200313,-0.024946,-0.301086,0.054529,60,0.000000,7.600000,15.000000,0.000000,3.805438,60,2529.900000,3555.000000,235.000000,900.505634,60,0.760000,1.500000,0.000000,0.380544,60,299.469375,46.553813,60,60,60,60,60,60,60,60,60,60,60,60,60,60,60,60,60,60,60,60,60,60,60,60,60,60,60,60,60,60,13.5225,13.59,13.47,23.28,25,22,38.00,6863602
2026-10-03 12:23:00,23.575469,23.631647,23.521782,0.025618,60,14.990692,15.057603,14.937057,0.027997,60,19.611480,19.667353,19.551384,0.026747,60,55.898333,57.200000,53.500000,1.332831,60,37.766175,37.814911,37.718773,0.024041,60,35.233009,35.275429,35.203323,0.021074,60,37.835072,37.873657,37.804230,0.020088,60,33.558333,33.600000,33.500000,0.049717,60,37.359325,37.389053,37.310806,0.020970,60,34.606885,34.634628,34.575272,0.015040,60,37.424313,37.450607,37.387405,0.018160,60,999.961667,1000.000000,999.900000,0.049030,60,999.961667,1000.000000,999.900000,0.049030,60,23.590000,24.100000,22.800000,0.399024,60,195.438437,195.967087,195.009888,0.261981,60,999.601122,1001.378906,998.323914,0.637122,60,1020.741728,1023.021484,1019.505127,0.706217,60,11.146500,11.171394,11.132996,0.007712,60,2.065784,2.071372,2.061255,0.002769,60,10.685736,10.704741,10.672082,0.006811,60,0.751946,0.859448,0.645408,0.052105,60,-178.973226,-178.882599,-179.061203,0.044187,60,-0.015280,0.092201,-0.107030,0.041746,60,6.995251,7.120279,6.849613,0.051370,60,179.434784,179.594681,179.335419,0.056525,60,-0.201440,-0.090555,-0.300992,0.045589,60,0.000000,15.450000,24.000000,5.000000,4.717170,60,2537.500000,2872.000000,2241.000000,174.862222,60,1.545000,2.400000,0.500000,0.471717,60,253.675390,17.343071,60,60,60,60,60,60,60,60,60,60,60,60,60,60,60,60,60,60,60,60,60,60,60,60,60,60,60,60,60,60,13.5211,13.59,13.47,23.26,26,22,38.00,6863635
2026-10-03 12:24:00,23.551817,23.602655,23.508049,0.023749,60,14.983164,15.043870,14.920272,0.028807,60,19.591058,19.653620,19.520866,0.029921,60,52.676667,55.400000,50.900000,1.475835,60,37.808547,37.830933,37.774857,0.012468,60,35.271734,35.304802,35.235367,0.013917,60,37.881446,37.916382,37.846954,0.014971,60,33.541667,33.600000,33.500000,0.049717,60,37.319349,37.374435,37.256424,0.036070,60,34.625690,34.639359,34.608963,0.006815,60,37.408614,37.442459,37.376175,0.019532,60,999.900000,999.900000,999.900000,0.000000,60,999.900000,999.900000,999.900000,0.000000,60,22.573333,23.600000,22.000000,0.468632,60,197.988079,200.213470,195.974640,1.212308,60,1007.409466,1014.894226,1001.435486,3.929552,60,1029.328955,1036.682617,1022.612671,3.993731,60,11.240272,11.320574,11.166930,0.043611,60,2.092734,2.116256,2.071452,0.012814,60,10.769207,10.849218,10.705345,0.042007,60,0.733594,0.844603,0.591893,0.054658,60,-178.962071,-178.811584,-179.114426,0.058006,60,-0.024365,0.092170,-0.120300,0.039016,60,6.993233,7.114392,6.881433,0.052576,60,179.470840,179.594040,179.337570,0.052722,60,-0.207998,-0.090418,-0.340517,0.052030,60,0.000000,19.100000,27.000000,12.000000,3.731224,60,2808.016667,3012.000000,2657.000000,78.229235,60,1.910000,2.700000,1.200000,0.373122,60,280.787786,7.748909,60,60,60,60,60,60,60,60,60,60,60,60,60,60,60,60,60,60,60,60,60,60,60,60,60,60,60,60,60,60,13.5206,13.60,13.47,23.29,25,22,38.00,6863669
2026-10-03 12:25:00,23.547799,23.599604,23.494316,0.023747,60,14.984843,15.042344,14.906539,0.028791,60,19.597696,19.685663,19.555962,0.026403,60,52.108333,53.500000,51.000000,0.754712,60,37.795551,37.814911,37.774857,0.013334,60,35.292741,35.318153,35.262077,0.014363,60,37.888299,37.916382,37.860306,0.012844,60,33.456667,33.500000,33.400000,0.049972,60,37.208893,37.269516,37.157211,0.033316,60,34.600490,34.621536,34.575943,0.012080,60,37.341260,37.379379,37.305191,0.020539,60,999.900000,999.900000,999.900000,0.000000,60,999.900000,999.900000,999.900000,0.000000,60,22.383333,22.800000,22.100000,0.249179,60,202.724444,204.445831,200.337616,1.236262,60,1024.842502,1031.243652,1015.288330,4.787528,60,1047.161676,1053.817261,1037.262329,4.910428,60,11.435006,11.507685,11.326905,0.053622,60,2.142797,2.160992,2.117568,0.013067,60,10.955566,11.023994,10.853432,0.051179,60,0.747577,0.887112,0.604094,0.054753,60,-178.966447,-178.840317,-179.073502,0.052236,60,-0.019307,0.052317,-0.120300,0.042238,60,6.979675,7.110472,6.836562,0.055219,60,179.452765,179.581131,179.335419,0.061571,60,-0.208822,-0.063493,-0.301011,0.044947,60,0.000000,18.516667,24.000000,11.000000,3.456714,60,2723.233333,2842.000000,2650.000000,44.575347,60,1.851667,2.400000,1.100000,0.345671,60,272.322520,4.418764,60,60,60,60,60,60,60,60,60,60,60,60,60,60,60,60,60,60,60,60,60,60,60,60,60,60,60,60,60,60,13.5243,13.59,13.47,23.22,25,21,38.00,6863703
2026-10-03 12:26:00,23.560489,23.625544,23.506523,0.026063,60,14.984665,15.057603,14.906539,0.033782,60,19.599909,19.652094,19.519341,0.028078,60,53.260000,55.300000,52.200000,0.771132,60,37.744989,37.788208,37.702751,0.022839,60,35.284330,35.304802,35.262077,0.012550,60,37.860484,37.887009,37.830933,0.014854,60,33.400000,33.400000,33.400000,0.000000,60,37.104426,37.165421,37.044754,0.033614,60,34.559722,34.587509,34.535812,0.012802,60,37.277937,37.313553,37.245804,0.019629,60,999.900000,999.900000,999.900000,0.000000,60,999.900000,999.900000,999.900000,0.000000,60,22.610000,23.300000,22.300000,0.228999,60,204.502573,204.871826,203.892471,0.261616,60,1030.899679,1032.148193,1028.582397,1.030782,60,1053.592265,1055.075806,1051.207031,1.034826,60,11.505228,11.521428,11.479180,0.011300,60,2.161592,2.165495,2.155143,0.002765,60,11.020317,11.033664,10.995544,0.011019,60,0.739913,0.844310,0.631303,0.044349,60,-178.972001,-178.815826,-179.099503,0.060733,60,-0.023057,0.092170,-0.107156,0.045549,60,6.994242,7.100056,6.870005,0.050775,60,179.441394,179.580872,179.267853,0.060814,60,-0.199411,-0.103317,-0.340489,0.048560,60,0.000000,18.650000,28.000000,12.000000,3.887507,60,2644.366667,2892.000000,2328.000000,158.692536,60,1.865000,2.800000,1.200000,0.388751,60,264.549368,15.716070,60,60,60,60,60,60,60,60,60,60,60,60,60,60,60,60,60,60,60,60,60,60,60,60,60,60,60,60,60,60,13.5251,13.63,13.47,23.27,25,21,38.00,6863737
2026-10-03 12:27:00,23.579970,23.639277,23.529411,0.025910,60,14.990234,15.042344,14.938582,0.026985,60,19.615269,19.665827,19.551384,0.028421,60,52.596667,53.900000,51.100000,0.771080,60,37.669017,37.718773,37.619972,0.023434,60,35.265769,35.291451,35.235367,0.015659,60,37.818293,37.860306,37.774857,0.017875,60,33.400000,33.400000,33.400000,0.000000,60,37.006961,37.057785,36.956924,0.031366,60,34.522102,34.543381,34.501053,0.010896,60,37.212181,37.257950,37.168839,0.025091,60,999.900000,999.900000,999.900000,0.000000,60,999.900000,999.900000,999.900000,0.000000,60,22.411667,22.800000,22.000000,0.244320,60,203.536957,203.921967,203.265686,0.165587,60,1026.262374,1028.332642,1024.427490,0.873469,60,1049.038790,1050.735229,1047.533081,0.730343,60,11.455504,11.474029,11.439061,0.007975,60,2.151386,2.155455,2.148518,0.001750,60,10.970744,10.992876,10.951130,0.009337,60,0.755808,0.923826,0.645408,0.051572,60,-178.968396,-178.840027,-179.139679,0.055810,60,-0.015559,0.092028,-0.146841,0.048382,60,6.981130,7.137264,6.870005,0.049676,60,179.457578,179.593781,179.335419,0.054916,60,-0.199417,-0.090142,-0.314111,0.054719,60,0.000000,20.316667,26.000000,14.000000,3.254679,60,2889.350000,3104.000000,2786.000000,72.108869,60,2.031667,2.600000,1.400000,0.325468,60,288.916729,7.140234,60,60,60,60,60,60,60,60,60,60,60,60,60,60,60,60,60,60,60,60,60,60,60,60,60,60,60,60,60,60,13.5223,13.59,13.47,23.29,25,22,38.00,6863771
2026-10-03 12:28:00,23.602198,23.663691,23.543144,0.025546,60,14.997940,15.075913,14.955367,0.027154,60,19.626612,19.716183,19.578852,0.031596,60,52.555000,54.800000,51.200000,1.239796,60,37.591445,37.646675,37.534523,0.024481,60,35.247831,35.291451,35.216675,0.014468,60,37.772051,37.817581,37.732124,0.018667,60,33.400000,33.400000,33.400000,0.000000,60,36.938967,36.977829,36.913773,0.018235,60,34.503069,34.517441,34.487381,0.006834,60,37.169121,37.197189,37.146896,0.011254,60,999.893333,999.900000,999.800000,0.025155,60,999.893333,999.900000,999.800000,0.025155,60,22.368333,23.100000,22.000000,0.390780,60,204.263601,206.515518,203.459366,0.951213,60,1031.940963,1044.231079,1025.194580,5.740920,60,1055.224298,1067.521606,1048.528931,5.773092,60,11.523049,11.657336,11.449937,0.063042,60,2.159066,2.182869,2.150565,0.010054,60,11.031448,11.162830,10.959329,0.061371,60,0.754513,0.886201,0.645408,0.054593,60,-178.975188,-178.786285,-179.074600,0.056137,60,-0.016209,0.065509,-0.146841,0.043024,60,6.999476,7.116353,6.911377,0.047586,60,179.460738,179.593964,179.335419,0.062208,60,-0.202926,-0.103185,-0.301086,0.048215,60,0.000000,18.150000,25.000000,12.000000,2.990522,60,3001.200000,3097.000000,2728.000000,72.965002,60,1.815000,2.500000,1.200000,0.299052,60,300.150394,7.212560,60,60,60,60,60,60,60,60,60,60,60,60,60,60,60,60,60,60,60,60,60,60,60,60,60,60,60,60,60,60,13.5217,13.59,13.46,23.22,25,22,38.00,6863804
2026-10-03 12:29:00,23.626154,23.677423,23.570612,0.025408,60,15.001984,15.057603,14.955367,0.026765,60,19.644541,19.697872,19.578852,0.029891,60,52.835000,54.500000,51.700000,0.815906,60,37.524331,37.561226,37.489128,0.023214,60,35.232430,35.262077,35.189972,0.014991,60,37.736086,37.790878,37.705421,0.015388,60,33.405000,33.500000,33.400000,0.021978,60,36.895782,36.917343,36.866318,0.009931,60,34.497944,34.511887,34.489334,0.004858,60,37.149872,37.165787,37.133133,0.008722,60,999.843333,999.900000,999.800000,0.049972,60,999.843333,999.900000,999.800000,0.049972,60,22.470000,23.100000,22.100000,0.311530,60,207.587463,208.041397,206.619308,0.345326,60,1047.435748,1051.871094,1042.342896,2.392107,60,1071.020675,1075.642822,1066.394653,2.320935,60,11.695546,11.746019,11.645030,0.025345,60,2.194199,2.198997,2.183966,0.003650,60,11.197088,11.244501,11.142646,0.025572,60,0.776894,0.925702,0.672164,0.048902,60,-178.976379,-178.842255,-179.100357,0.060200,60,-0.018258,0.105248,-0.120300,0.048314,60,7.005218,7.110472,6.907548,0.046263,60,179.458379,179.648621,179.363464,0.053704,60,-0.204621,-0.090211,-0.340489,0.050759,60,0.000000,13.933333,23.000000,7.000000,3.848251,60,3031.016667,3379.000000,2583.000000,165.672486,60,1.393333,2.300000,0.700000,0.384825,60,303.254217,16.340945,60,60,60,60,60,60,60,60,60,60,60,60,60,60,60,60,60,60,60,60,60,60,60,60,60,60,60,60,60,60,13.5229,13.59,13.47,23.37,25,21,38.00,6863838
2026-10-03 12:30:00,23.648890,23.704891,23.552299,0.030166,60,15.022711,15.089646,14.955367,0.027236,60,19.665573,19.745174,19.610895,0.028989,60,56.121667,58.000000,54.600000,0.919855,60,37.482764,37.521172,37.459755,0.016366,60,35.226422,35.262077,35.203323,0.014434,60,37.716325,37.748146,37.676048,0.014661,60,33.535000,33.600000,33.500000,0.048099,60,36.898500,36.916153,36.882553,0.007810,60,34.514073,34.536636,34.490433,0.012206,60,37.169939,37.189041,37.157700,0.007956,60,999.823333,999.900000,999.800000,0.042652,60,999.823333,999.900000,999.800000,0.042652,60,23.608333,24.300000,23.100000,0.315311,60,206.746980,208.084625,206.099091,0.569404,60,1042.083917,1048.978638,1038.598145,2.480459,60,1065.715719,1072.171387,1063.137085,2.332596,60,11.637616,11.708112,11.609457,0.025472,60,2.185316,2.199454,2.178467,0.006019,60,11.139877,11.213581,11.102614,0.026516,60,0.758486,0.857963,0.605744,0.056843,60,-178.970262,-178.880463,-179.073944,0.052573,60,-0.006942,0.105437,-0.119771,0.039115,60,7.015036,7.127432,6.901813,0.052690,60,179.450619,179.580475,179.297775,0.056438,60,-0.208618,-0.103842,-0.300992,0.040681,60,0.000000,16.783333,22.000000,11.000000,2.225367,60,2656.033333,3209.000000,2090.000000,339.013872,60,1.678333,2.200000,1.100000,0.222537,60,265.287630,34.075161,60,60,60,60,60,60,60,60,60,60,60,60,60,60,60,60,60,60,60,60,60,60,60,60,60,60,60,60,60,60,13.5175,13.59,13.46,23.24,25,22,38.00,6863874
2026-10-03 12:31:00,23.649907,23.689632,23.579767,0.025933,60,15.026118,15.089646,14.955367,0.029739,60,19.659088,19.763485,19.575800,0.032959,60,53.663333,56.800000,52.300000,1.108514,60,37.462025,37.489128,37.433052,0.011981,60,35.234567,35.275429,35.203323,0.016892,60,37.710718,37.732124,37.676048,0.012462,60,33.616667,33.700000,33.600000,0.037582,60,36.893255,36.914627,36.879654,0.007978,60,34.544412,34.559769,34.523911,0.008816,60,37.173782,37.188065,37.160110,0.006780,60,999.800000,999.800000,999.800000,0.000000,60,999.800000,999.800000,999.800000,0.000000,60,23.035000,23.900000,22.600000,0.324076,60,208.783921,209.992615,202.270767,1.447918,60,1051.451065,1057.011597,1004.244141,9.325158,60,1075.586121,1081.129028,1028.128174,9.313362,60,11.745401,11.805928,11.227160,0.101702,60,2.206846,2.219622,2.138002,0.015304,60,11.240011,11.299454,10.735369,0.099686,60,0.755871,0.860340,0.644181,0.056779,60,-178.998786,-178.853973,-179.167023,0.064228,60,-0.010698,0.092123,-0.120765,0.038622,60,7.004192,7.120279,6.912947,0.055252,60,179.452682,179.555161,179.362595,0.050250,60,-0.191081,-0.090142,-0.314111,0.051426,60,0.000000,19.566667,26.000000,14.000000,2.806570,60,2325.233333,2562.000000,2206.000000,102.635998,60,1.956667,2.600000,1.400000,0.280657,60,232.470350,10.161923,60,60,60,60,60,60,60,60,60,60,60,60,60,60,60,60,60,60,60,60,60,60,60,60,60,60,60,60,60,60,13.5209,13.58,13.47,23.23,26,22,38.00,6863908
2026-10-03 12:32:00,23.644744,23.703365,23.566034,0.032626,60,15.021795,15.075913,14.923324,0.028812,60,19.659596,19.711605,19.592585,0.029178,60,53.613333,54.700000,52.000000,0.782102,60,37.449919,37.489128,37.419701,0.014014,60,35.248231,35.275429,35.216675,0.012799,60,37.701327,37.732124,37.662697,0.015316,60,33.691667,33.700000,33.600000,0.027872,60,36.862894,36.893906,36.831406,0.014387,60,34.537862,34.553848,34.519241,0.008561,60,37.136865,37.167068,37.093979,0.017493,60,999.800000,999.800000,999.800000,0.000000,60,999.800000,999.800000,999.800000,0.000000,60,23.041667,23.300000,22.500000,0.238847,60,204.486891,208.245346,190.493042,4.523867,60,1028.833549,1052.122925,963.146423,26.257250,60,1052.152491,1076.124146,983.506165,27.402759,60,11.489505,11.751276,10.739887,0.299238,60,2.161426,2.201153,2.013511,0.047817,60,10.998230,11.247193,10.296035,0.280690,60,0.757364,0.925702,0.632514,0.051124,60,-178.982807,-178.855865,-179.169357,0.059232,60,-0.002952,0.158381,-0.107156,0.046910,60,7.002807,7.104599,6.890981,0.044277,60,179.442154,179.580399,179.336655,0.057473,60,-0.190210,-0.064469,-0.314111,0.051628,60,0.000000,22.916667,32.000000,18.000000,2.751220,60,2263.650000,2403.000000,2106.000000,61.136365,60,2.291667,3.200000,1.800000,0.275122,60,226.364743,6.058606,60,60,60,60,60,60,60,60,60,60,60,60,60,60,60,60,60,60,60,60,60,60,60,60,60,60,60,60,60,60,13.5192,13.58,13.47,23.17,25,22,38.00,6863941
2026-10-03 12:33:00,23.651636,23.718624,23.593500,0.027902,60,15.011241,15.074388,14.955367,0.028204,60,19.653722,19.711605,19.607843,0.024259,60,52.913333,54.500000,51.500000,1.036531,60,37.421481,37.459755,37.376976,0.018924,60,35.240173,35.262077,35.216675,0.010427,60,37.664922,37.705421,37.606621,0.020397,60,33.610000,33.700000,33.600000,0.030253,60,36.791272,36.831070,36.743027,0.019421,60,34.504704,34.532272,34.478745,0.012966,60,37.047460,37.102951,36.983017,0.025162,60,999.800000,999.800000,999.800000,0.000000,60,999.800000,999.800000,999.800000,0.000000,60,22.775000,23.300000,22.100000,0.362956,60,186.866043,206.133850,137.766556,19.881266,60,934.562982,1039.051270,662.658325,114.870338,60,955.238041,1062.666748,672.487488,117.860574,60,10.431199,11.604321,7.343564,1.287037,60,1.975174,2.178835,1.456192,0.210145,60,9.990478,11.107458,7.083817,1.227964,60,0.771452,0.885594,0.632514,0.059738,60,-178.993360,-178.855865,-179.100784,0.051618,60,-0.007353,0.092123,-0.106778,0.040166,60,7.002160,7.147604,6.855312,0.054301,60,179.444701,179.540009,179.296967,0.052118,60,-0.192869,-0.090761,-0.301105,0.054688,60,0.000000,23.100000,31.000000,15.000000,4.273291,60,2249.350000,2436.000000,2072.000000,90.092199,60,2.310000,3.100000,1.500000,0.427329,60,224.938434,8.931692,60,60,60,60,60,60,60,60,60,60,60,60,60,60,60,60,60,60,60,60,60,60,60,60,60,60,60,60,60,60,13.5212,13.59,13.46,23.24,25,22,38.00,6863975
2026-10-03 12:34:00,23.658223,23.698788,23.604181,0.022221,60,15.018311,15.074388,14.952315,0.030294,60,19.679993,19.757381,19.606318,0.033871,60,53.961667,55.900000,52.300000,1.032209,60,37.362067,37.403679,37.320900,0.021102,60,35.215874,35.248718,35.189972,0.017308,60,37.597052,37.649345,37.550545,0.020075,60,33.576667,33.600000,33.500000,0.042652,60,36.663590,36.738205,36.618729,0.030460,60,34.449229,34.487717,34.421402,0.016622,60,36.913061,36.976517,36.873886,0.028529,60,999.791667,999.800000,999.700000,0.027872,60,999.791667,999.800000,999.700000,0.027872,60,22.996667,23.600000,22.500000,0.306963,60,178.121322,201.384216,139.257935,21.548991,60,899.384916,1012.804626,679.226929,112.214798,60,919.402670,1037.153687,686.796143,117.640580,60,10.039877,11.325718,7.499814,1.284635,60,1.882742,2.128631,1.471956,0.227773,60,9.614424,10.826880,7.260936,1.199576,60,0.788916,0.925389,0.698146,0.050777,60,-178.989573,-178.881012,-179.101425,0.046386,60,0.005024,0.092123,-0.106463,0.041196,60,6.989087,7.116353,6.814237,0.064884,60,179.464273,179.580963,179.335892,0.051535,60,-0.191744,-0.063643,-0.300992,0.047597,60,0.000000,22.533333,30.000000,15.000000,3.357090,60,2582.983333,2734.000000,2326.000000,96.441691,60,2.253333,3.000000,1.500000,0.335709,60,258.327867,9.547802,60,60,60,60,60,60,60,60,60,60,60,60,60,60,60,60,60,60,60,60,60,60,60,60,60,60,60,60,60,60,13.5271,13.60,13.46,23.27,25,22,38.00,6864009
2026-10-03 12:35:00,23.655451,23.750668,23.599604,0.026783,60,15.020981,15.089646,14.952315,0.031498,60,19.680044,19.752804,19.620050,0.031578,60,53.881356,55.400000,52.500000,0.742892,59,37.288989,37.334251,37.235443,0.025668,60,35.192197,35.235367,35.147247,0.017522,60,37.527046,37.593269,37.478447,0.026954,60,33.500000,33.500000,33.500000,0.000000,59,36.584546,36.625595,36.549850,0.020268,60,34.411390,34.435745,34.393478,0.012047,60,36.861454,36.892166,36.834946,0.015022,60,999.725424,999.800000,999.700000,0.043917,59,999.725424,999.800000,999.700000,0.043917,59,22.945763,23.400000,22.500000,0.238763,59,201.669578,201.962509,201.270554,0.208612,60,1014.399875,1015.906677,1012.108154,1.260606,60,1039.037443,1040.743164,1036.731689,1.279590,60,11.346289,11.364916,11.321111,0.013973,60,2.131647,2.134744,2.127430,0.002205,60,10.843934,10.860042,10.819435,0.013476,60,0.754024,0.846071,0.605744,0.048864,60,-179.008539,-178.895721,-179.115051,0.052940,60,-0.006939,0.065443,-0.080319,0.032522,60,6.996994,7.100055,6.855312,0.049697,60,179.447044,179.580963,179.322311,0.055735,60,-0.190394,-0.063869,-0.301049,0.049495,60,0.000000,19.466667,24.000000,13.000000,2.671042,60,2819.216667,2992.000000,2674.000000,79.591987,60,1.946667,2.400000,1.300000,0.267104,60,281.914353,7.888194,60,60,60,60,60,60,60,60,60,60,60,60,60,60,60,60,60,60,60,60,60,60,59,59,59,59,59,59,60,60,13.5259,13.59,13.47,23.22,25,21,38.00,6864043
2026-10-03 12:36:00,23.677094,23.749142,23.611811,0.029773,60,15.038834,15.106432,14.950789,0.029034,60,19.700440,19.768063,19.649042,0.030674,60,53.955000,55.500000,52.500000,0.705529,60,37.201842,37.264824,37.136642,0.028942,60,35.165450,35.203323,35.133896,0.016856,60,37.465096,37.505150,37.409019,0.019758,60,33.523333,33.600000,33.500000,0.042652,60,36.533800,36.562973,36.508347,0.013244,60,34.403022,34.417099,34.389175,0.005959,60,36.828395,36.848465,36.801193,0.013057,60,999.700000,999.700000,999.700000,0.000062,60,999.700000,999.700000,999.700000,0.000062,60,22.963333,23.400000,22.500000,0.223202,60,201.869294,202.038223,201.648804,0.094277,60,1015.778315,1016.782288,1014.519226,0.608066,60,1040.608091,1041.571289,1039.601074,0.571834,60,11.363441,11.373958,11.352445,0.006244,60,2.133758,2.135544,2.131428,0.000997,60,10.858670,10.869402,10.845210,0.006500,60,0.783290,0.886201,0.698404,0.044751,60,-179.009506,-178.881805,-179.100784,0.053310,60,-0.002715,0.092170,-0.080603,0.042134,60,7.018740,7.132077,6.918689,0.053466,60,179.452679,179.581879,179.335892,0.058768,60,-0.190436,-0.090349,-0.301049,0.054997,60,0.000000,18.466667,25.000000,9.000000,3.628824,60,3018.400000,3186.000000,2849.000000,81.482285,60,1.846667,2.500000,0.900000,0.362882,60,301.840754,8.073443,60,60,60,60,60,60,60,60,60,60,60,60,60,60,60,60,60,60,60,60,60,60,60,60,60,60,60,60,60,60,13.5214,13.60,13.47,23.14,25,21,38.00,6864076
2026-10-03 12:37:00,23.697159,23.746090,23.639277,0.023829,60,15.040106,15.103380,14.984360,0.029594,60,19.711935,19.763485,19.662775,0.030732,60,53.070000,56.100000,51.500000,1.483959,60,37.142428,37.179367,37.107269,0.015525,60,35.148360,35.176620,35.120544,0.013882,60,37.423395,37.449074,37.392998,0.012331,60,33.543333,33.600000,33.500000,0.049972,60,36.521066,36.549606,36.486343,0.014886,60,34.403839,34.423019,34.385361,0.008141,60,36.829296,36.862503,36.808884,0.013733,60,999.700000,999.700000,999.700000,0.000062,60,999.700000,999.700000,999.700000,0.000062,60,22.701667,23.800000,22.100000,0.510398,60,200.526468,201.818222,199.039688,0.849143,60,1008.641833,1014.802856,1001.718689,3.848757,60,1033.858842,1040.043579,1027.055786,3.863549,60,11.289739,11.357275,11.215449,0.042190,60,2.119565,2.133219,2.103849,0.008975,60,10.782381,10.848242,10.708372,0.041143,60,0.781072,0.886201,0.671661,0.048195,60,-179.012181,-178.883926,-179.115051,0.051936,60,0.007670,0.092154,-0.106463,0.037188,60,6.999590,7.114392,6.915209,0.048099,60,179.440165,179.539169,179.335724,0.050511,60,-0.172018,-0.064019,-0.301049,0.054144,60,0.000000,9.633333,14.000000,6.000000,1.822335,60,3247.600000,3495.000000,2764.000000,140.864546,60,0.963333,1.400000,0.600000,0.182233,60,324.910715,13.843050,60,60,60,60,60,60,60,60,60,60,60,60,60,60,60,60,60,60,60,60,60,60,60,60,60,60,60,60,60,60,13.5238,13.59,13.48,23.23,25,21,38.00,6864110
2026-10-03 12:38:00,23.715140,23.776608,23.668268,0.025171,60,15.043209,15.120165,14.969101,0.024127,60,19.726711,19.780270,19.679560,0.025577,60,54.253333,56.100000,52.500000,0.998383,60,37.126718,37.166016,37.093918,0.016918,60,35.142085,35.160599,35.104523,0.013826,60,37.419389,37.449074,37.392998,0.014427,60,33.773333,33.900000,33.600000,0.091812,60,36.604046,36.677689,36.545700,0.037812,60,34.444118,34.490860,34.402756,0.020932,60,36.912459,36.982498,36.854874,0.037188,60,999.700000,999.700000,999.700000,0.000062,60,999.700000,999.700000,999.700000,0.000062,60,23.271667,23.800000,22.600000,0.309779,60,197.236459,199.009979,196.243332,0.860106,60,993.616670,1001.604492,988.117493,4.127522,60,1018.744592,1026.757202,1013.234802,4.219992,60,11.124691,11.212189,11.064525,0.046082,60,2.084789,2.103535,2.074292,0.009091,60,10.621762,10.707151,10.562976,0.044123,60,0.786884,0.926329,0.672921,0.051165,60,-179.017998,-178.856964,-179.167786,0.060727,60,0.009641,0.105412,-0.054049,0.041128,60,7.006334,7.127432,6.905636,0.055068,60,179.447899,179.554169,179.362595,0.049671,60,-0.195036,-0.090418,-0.366822,0.049652,60,0.000000,8.083333,17.000000,2.000000,3.660562,60,2644.366667,3527.000000,1490.000000,570.587653,60,0.808333,1.700000,0.200000,0.366056,60,267.390409,59.412506,60,60,60,60,60,60,60,60,60,60,60,60,60,60,60,60,60,60,60,60,60,60,60,60,60,60,60,60,60,60,13.5203,13.58,13.47,23.18,25,21,38.00,6864144
2026-10-03 12:39:00,23.719361,23.778133,23.653009,0.027770,60,15.047430,15.121691,14.987411,0.027020,60,19.729331,19.784847,19.665827,0.027952,60,52.456667,54.800000,51.400000,1.103518,60,37.171089,37.235443,37.123291,0.026606,60,35.168565,35.203323,35.133896,0.017330,60,37.466030,37.523842,37.422371,0.023726,60,34.026667,34.100000,33.900000,0.066042,60,36.729879,36.806198,36.649368,0.050393,60,34.516167,34.570663,34.473709,0.021686,60,37.022479,37.084427,36.964432,0.038159,60,999.655000,999.700000,999.600000,0.050169,60,999.655000,999.700000,999.600000,0.050169,60,22.951667,23.600000,22.600000,0.339737,60,195.945607,196.174484,195.657928,0.159737,60,986.747127,989.092163,984.853333,1.043638,60,1012.140213,1014.208801,1010.248779,1.064874,60,11.052571,11.075160,11.031917,0.011628,60,2.071145,2.073564,2.068104,0.001688,60,10.548326,10.573395,10.528082,0.011156,60,0.783176,0.911404,0.672669,0.053581,60,-179.026927,-178.895721,-179.167786,0.058623,60,0.012081,0.065663,-0.106463,0.041316,60,7.002853,7.098096,6.885250,0.047445,60,179.446790,179.553772,179.297302,0.051638,60,-0.189332,-0.064019,-0.340545,0.054453,60,0.000000,9.033333,20.000000,1.000000,6.409650,60,1915.800000,3200.000000,1461.000000,465.448746,60,0.903333,2.000000,0.100000,0.640965,60,183.481656,43.465096,60,60,60,60,60,60,60,60,60,60,60,60,60,60,60,60,60,60,60,60,60,60,60,60,60,60,60,60,60,60,13.5273,13.59,13.47,23.11,25,21,38.00,6864178
2026-10-03 12:40:00,23.691412,23.753719,23.645380,0.023730,60,15.040640,15.124743,14.955367,0.036687,60,19.717810,19.784847,19.670404,0.027819,60,52.346667,54.100000,50.400000,1.254074,60,37.246795,37.291527,37.192719,0.028925,60,35.215740,35.262077,35.160599,0.021497,60,37.536615,37.579918,37.491798,0.023326,60,34.168333,34.200000,34.100000,0.046910,60,36.836359,36.862869,36.800980,0.016397,60,34.584173,34.609207,34.545456,0.013377,60,37.097977,37.116989,37.076004,0.010597,60,999.600000,999.600000,999.600000,0.000020,60,999.600000,999.600000,999.600000,0.000020,60,23.071667,23.600000,22.500000,0.415827,60,196.672065,197.073624,196.070908,0.257854,60,987.373323,988.948242,986.129761,0.867877,60,1013.465962,1015.067688,1012.460754,0.653250,60,11.067048,11.084539,11.056071,0.007133,60,2.078824,2.083068,2.072469,0.002726,60,10.555020,10.571856,10.541726,0.009278,60,0.764476,0.860043,0.672165,0.051661,60,-179.034465,-178.948792,-179.142700,0.042127,60,0.012553,0.092201,-0.053746,0.037601,60,6.998482,7.130109,6.879526,0.043366,60,179.450768,179.621521,179.323883,0.059764,60,-0.181688,-0.064469,-0.274887,0.054088,60,0.000000,22.300000,34.000000,12.000000,6.029026,60,2006.233333,2239.000000,1688.000000,153.031775,60,2.230000,3.400000,1.200000,0.602903,60,200.758321,15.157510,60,60,60,60,60,60,60,60,60,60,60,60,60,60,60,60,60,60,60,60,60,60,60,60,60,60,60,60,60,60,13.5226,13.59,13.47,23.27,25,22,38.00,6864212
2026-10-03 12:41:00,23.667252,23.726254,23.602655,0.031488,60,15.033926,15.126268,14.970627,0.026690,60,19.697007,19.789425,19.620050,0.030428,60,51.260000,53.400000,49.300000,1.371897,60,37.317518,37.347603,37.264824,0.017065,60,35.255131,35.291451,35.216675,0.013487,60,37.577604,37.606621,37.550545,0.014940,60,34.128333,34.200000,34.100000,0.045442,60,36.821029,36.859726,36.782211,0.022772,60,34.598091,34.611435,34.578201,0.008452,60,37.063061,37.110733,37.007431,0.029454,60,999.600000,999.600000,999.600000,0.000020,60,999.600000,999.600000,999.600000,0.000020,60,22.660000,23.400000,22.000000,0.473787,60,197.304486,197.484299,196.985138,0.090823,60,986.185133,987.376709,984.981873,0.796657,60,1012.897957,1014.122070,1011.652100,0.824630,60,11.060846,11.074213,11.047241,0.009005,60,2.085508,2.087409,2.082133,0.000960,60,10.542319,10.555057,10.529456,0.008516,60,0.788582,1.018278,0.630577,0.071924,60,-179.025578,-178.922226,-179.168961,0.051839,60,0.014308,0.092154,-0.053746,0.035331,60,6.999924,7.100056,6.917128,0.047135,60,179.448499,179.703384,179.183517,0.096744,60,-0.183610,0.054361,-0.445671,0.096458,60,0.000000,27.566667,37.000000,18.000000,5.257333,60,1975.816667,2151.000000,1686.000000,140.423752,60,2.756667,3.700000,1.800000,0.525733,60,197.698099,13.908697,60,60,60,60,60,60,60,60,60,60,60,60,60,60,60,60,60,60,60,60,60,60,60,60,60,60,60,60,60,60,13.5223,13.59,13.47,23.25,25,22,38.00,6864245
2026-10-03 12:42:00,23.657918,23.726254,23.599604,0.027872,60,15.028331,15.075913,14.973679,0.026661,60,19.686122,19.754330,19.603266,0.032024,60,50.068333,53.700000,48.700000,1.088070,60,37.334919,37.363625,37.304878,0.012760,60,35.267284,35.291451,35.248718,0.009125,60,37.574800,37.619972,37.550545,0.015487,60,34.065000,34.100000,34.000000,0.048099,60,36.799936,36.823227,36.775436,0.010938,60,34.571293,34.591263,34.547928,0.010361,60,36.999225,37.024918,36.977890,0.010304,60,999.596667,999.600000,999.500000,0.018102,60,999.596667,999.600000,999.500000,0.018102,60,22.258333,23.400000,21.800000,0.363734,60,197.541762,197.811523,197.258377,0.177106,60,985.315261,986.140625,984.408997,0.399943,60,1012.114219,1012.866821,1011.582886,0.314004,60,11.052287,11.060506,11.046485,0.003429,60,2.088016,2.090868,2.085021,0.001872,60,10.533020,10.541842,10.523332,0.004275,60,0.750507,0.859448,0.631303,0.062995,60,-179.029552,-178.922745,-179.166824,0.060136,60,0.019343,0.105399,-0.040630,0.036748,60,6.984174,7.084402,6.851757,0.046261,60,179.471247,179.648926,179.296478,0.062573,60,-0.176117,0.014502,-0.274687,0.056202,60,0.000000,17.400000,26.000000,6.000000,3.932481,60,1613.750000,2215.000000,1125.000000,331.737829,60,1.740000,2.600000,0.600000,0.393248,60,160.797459,33.327032,60,60,60,60,60,60,60,60,60,60,60,60,60,60,60,60,60,60,60,60,60,60,60,60,60,60,60,60,60,60,13.5201,13.60,13.47,23.20,25,21,38.00,6864279
2026-10-03 12:43:00,23.654535,23.726254,23.588923,0.028156,60,15.031230,15.092698,14.973679,0.026239,60,19.698787,19.757381,19.635309,0.027524,60,52.075000,55.400000,48.900000,2.197119,60,37.333895,37.363625,37.320900,0.009777,60,35.276808,35.304802,35.248718,0.014058,60,37.558467,37.593269,37.523842,0.013949,60,34.098333,34.100000,34.000000,0.012910,60,36.794713,36.825058,36.770065,0.012052,60,34.567666,34.584335,34.546555,0.007596,60,36.977684,36.998581,36.947372,0.011217,60,999.560000,999.600000,999.500000,0.049403,60,999.560000,999.600000,999.500000,0.049403,60,22.875000,23.900000,21.800000,0.680385,60,197.081957,197.346420,196.499435,0.225370,60,983.658499,984.840454,981.551514,1.052050,60,1011.063372,1012.276062,1008.352295,1.180184,60,11.040812,11.054054,11.011207,0.012888,60,2.083156,2.085952,2.076999,0.002382,60,10.515309,10.527945,10.492785,0.011246,60,0.768527,0.882869,0.646145,0.053828,60,-179.028884,-178.895462,-179.141678,0.058427,60,0.027770,0.092201,-0.054150,0.042152,60,6.996550,7.160632,6.881433,0.054006,60,179.478167,179.581604,179.337418,0.056844,60,-0.177917,-0.063794,-0.301105,0.052172,60,0.000000,21.700000,29.000000,16.000000,3.724859,60,2120.500000,2343.000000,1999.000000,79.428360,60,2.170000,2.900000,1.600000,0.372486,60,212.025942,7.862406,60,60,60,60,60,60,60,60,60,60,60,60,60,60,60,60,60,60,60,60,60,60,60,60,60,60,60,60,60,60,13.5277,13.60,13.47,23.30,25,21,38.00,6864313
2026-10-03 12:44:00,23.662089,23.726254,23.604181,0.028032,60,15.039546,15.092698,14.988937,0.023428,60,19.708146,19.771114,19.652094,0.029188,60,50.750000,52.900000,48.500000,1.624443,60,37.337322,37.363625,37.304878,0.012875,60,35.279034,35.304802,35.262077,0.012590,60,37.532965,37.550545,37.491798,0.012842,60,34.091667,34.200000,34.000000,0.046182,60,36.796791,36.840897,36.761246,0.022852,60,34.577130,34.600876,34.561295,0.008903,60,36.959028,36.988235,36.932968,0.014999,60,999.506667,999.600000,999.500000,0.025155,60,999.506667,999.600000,999.500000,0.025155,60,22.461667,23.300000,21.600000,0.536180,60,195.548288,196.492813,194.941742,0.483651,60,976.315050,981.332153,974.334351,2.120243,60,1003.315763,1008.182007,1000.824097,2.100874,60,10.956208,11.009348,10.928999,0.022942,60,2.066945,2.076929,2.060534,0.005112,60,10.436807,10.490440,10.415634,0.022665,60,0.770715,0.856483,0.672669,0.040100,60,-179.031761,-178.894135,-179.142700,0.056465,60,0.029307,0.105374,-0.080489,0.039815,60,6.996052,7.114392,6.879526,0.047321,60,179.449205,179.553558,179.336349,0.049405,60,-0.178125,-0.064842,-0.340489,0.050051,60,0.000000,13.933333,17.000000,12.000000,1.549923,60,2062.000000,2271.000000,1890.000000,91.676476,60,1.393333,1.700000,1.200000,0.154992,60,206.186448,9.082299,60,60,60,60,60,60,60,60,60,60,60,60,60,60,60,60,60,60,60,60,60,60,60,60,60,60,60,60,60,60,13.5300,13.62,13.48,23.28,25,22,38.00,6864347
2026-10-03 12:45:00,23.675491,23.746090,23.590448,0.029753,60,15.044404,15.126268,14.973679,0.032473,60,19.721676,19.771114,19.652094,0.027644,60,49.973333,53.000000,47.800000,1.663452,60,37.364248,37.403679,37.334251,0.015827,60,35.296791,35.331505,35.275429,0.013329,60,37.539018,37.579918,37.505150,0.015828,60,34.253333,34.300000,34.200000,0.050310,60,36.873946,36.910355,36.831985,0.021143,60,34.619221,34.658035,34.585709,0.019094,60,37.020277,37.073288,36.987900,0.021040,60,999.500000,999.500000,999.500000,0.000000,60,999.500000,999.500000,999.500000,0.000000,60,22.360000,23.300000,21.600000,0.544682,60,195.493077,195.764969,194.966003,0.218956,60,976.952584,978.850037,973.580688,1.421894,60,1004.368759,1005.927795,1001.134460,1.321487,60,10.967707,10.984732,10.932388,0.014431,60,2.066362,2.069236,2.060791,0.002314,60,10.443623,10.463906,10.407578,0.015200,60,0.763910,0.887721,0.647870,0.048443,60,-179.024659,-178.897812,-179.181641,0.054212,60,0.027126,0.105399,-0.040678,0.035586,60,6.988558,7.143670,6.847716,0.055968,60,179.466910,179.593521,179.295166,0.058985,60,-0.184297,-0.090211,-0.274787,0.047220,60,0.000000,11.783333,18.000000,8.000000,2.387053,60,2271.433333,2677.000000,1880.000000,222.732900,60,1.178333,1.800000,0.800000,0.238705,60,227.117432,22.130291,60,60,60,60,60,60,60,60,60,60,60,60,60,60,60,60,60,60,60,60,60,60,60,60,60,60,60,60,60,60,13.5468,13.63,13.47,23.25,25,21,38.00,6864381
2026-10-03 12:46:00,23.660029,23.718624,23.593500,0.031072,60,15.044175,15.111010,15.007248,0.022806,60,19.714682,19.790951,19.652094,0.029396,60,49.983333,52.200000,47.300000,1.876452,60,37.408396,37.446404,37.376976,0.017062,60,35.322871,35.360878,35.291451,0.014328,60,37.569326,37.606621,37.523842,0.018244,60,34.310000,34.400000,34.300000,0.030253,60,36.944800,36.978653,36.901810,0.019427,60,34.673049,34.706009,34.639023,0.017178,60,37.094922,37.135361,37.053146,0.022285,60,999.500000,999.500000,999.500000,0.000000,60,999.500000,999.500000,999.500000,0.000000,60,22.408333,23.300000,21.500000,0.668997,60,193.994888,194.917496,193.580734,0.402293,60,968.865265,973.348022,966.922974,1.989239,60,996.635081,1000.935669,994.747314,1.957745,60,10.883255,10.930218,10.862640,0.021379,60,2.050526,2.060278,2.046148,0.004252,60,10.357169,10.405089,10.336407,0.021265,60,0.756373,0.857964,0.646145,0.049229,60,-179.029485,-178.922226,-179.140488,0.052963,60,0.026210,0.105450,-0.040678,0.033043,60,6.988642,7.133327,6.862926,0.054579,60,179.464570,179.594681,179.323105,0.050341,60,-0.182733,-0.024271,-0.274612,0.050991,60,0.000000,13.650000,19.000000,6.000000,3.052229,60,2323.966667,2799.000000,1889.000000,270.241447,60,1.365000,1.900000,0.600000,0.305223,60,231.970368,27.001965,60,60,60,60,60,60,60,60,60,60,60,60,60,60,60,60,60,60,60,60,60,60,60,60,60,60,60,60,60,60,13.5415,13.62,13.46,23.25,25,22,38.00,6864414
2026-10-03 12:47:00,23.660690,23.732357,23.581293,0.027856,60,15.040716,15.080491,14.959945,0.028598,60,19.717581,19.807735,19.639887,0.034214,60,48.050000,51.100000,46.700000,1.338162,60,37.452545,37.489128,37.403679,0.019457,60,35.361635,35.403603,35.331505,0.015540,60,37.614765,37.649345,37.579918,0.018247,60,34.400000,34.400000,34.400000,0.000000,60,36.990144,37.034073,36.965561,0.013340,60,34.721729,34.745743,34.690262,0.014270,60,37.130240,37.150467,37.110031,0.008750,60,999.411667,999.500000,999.400000,0.032373,60,999.411667,999.500000,999.400000,0.032373,60,21.910000,23.000000,21.500000,0.458701,60,193.106334,193.596756,192.617813,0.303528,60,964.339579,967.298889,962.345398,1.560368,60,991.757216,994.879211,989.677673,1.570836,60,10.829989,10.864081,10.807281,0.017153,60,2.041134,2.046318,2.035970,0.003208,60,10.308790,10.340425,10.287472,0.016680,60,0.751807,0.855301,0.632514,0.052773,60,-179.024434,-178.920685,-179.144501,0.051902,60,0.032206,0.105311,-0.053746,0.039403,60,6.995495,7.094178,6.885250,0.048930,60,179.479125,179.594238,179.363770,0.053516,60,-0.181018,-0.103317,-0.274862,0.042976,60,0.000000,11.666667,15.000000,7.000000,2.022473,60,1831.266667,2197.000000,1560.000000,146.093639,60,1.166667,1.500000,0.700000,0.202247,60,183.081947,14.450597,60,60,60,60,60,60,60,60,60,60,60,60,60,60,60,60,60,60,60,60,60,60,60,60,60,60,60,60,60,60,13.5380,13.63,13.47,23.17,25,21,38.00,6864448
2026-10-03 12:48:00,23.660614,23.704891,23.602655,0.022355,60,15.036316,15.112535,14.961471,0.027529,60,19.717327,19.775692,19.658197,0.027431,60,48.320000,52.600000,46.000000,2.133971,60,37.513205,37.561226,37.459755,0.025124,60,35.399508,35.430305,35.360878,0.015117,60,37.663409,37.692070,37.619972,0.018964,60,34.498333,34.600000,34.400000,0.067627,60,37.090936,37.156174,37.023026,0.039522,60,34.762068,34.802322,34.734573,0.018130,60,37.208150,37.263260,37.139786,0.034278,60,999.400000,999.400000,999.400000,0.000000,60,999.400000,999.400000,999.400000,0.000000,60,22.048333,23.600000,21.100000,0.776016,60,193.405700,193.804352,192.844666,0.341356,60,965.020770,966.664185,963.196960,0.924259,60,993.046795,994.840942,991.581238,0.898393,60,10.844071,10.863663,10.828068,0.009810,60,2.044298,2.048512,2.038368,0.003608,60,10.316072,10.333640,10.296576,0.009880,60,0.738420,0.818743,0.669650,0.043287,60,-179.054031,-178.925034,-179.182022,0.050439,60,0.033737,0.131878,-0.080716,0.036569,60,6.985967,7.108514,6.873811,0.049718,60,179.464447,179.594498,179.324036,0.054598,60,-0.173091,-0.063869,-0.314127,0.052165,60,0.000000,9.200000,14.000000,2.000000,2.475644,60,2115.066667,2649.000000,599.000000,468.572801,60,0.920000,1.400000,0.200000,0.247564,60,215.168795,46.346352,60,60,60,60,60,60,60,60,60,60,60,60,60,60,60,60,60,60,60,60,60,60,60,60,60,60,60,60,60,60,13.5442,13.63,13.48,23.18,25,21,38.00,6864482
2026-10-03 12:49:00,23.645050,23.695736,23.585871,0.027170,60,15.050660,15.133898,14.979782,0.030569,60,19.707841,19.777218,19.644464,0.029465,60,47.171667,48.600000,46.300000,0.692108,60,37.580407,37.633324,37.547874,0.019570,60,35.449398,35.486382,35.403603,0.020156,60,37.723402,37.774857,37.662697,0.023629,60,34.600000,34.600000,34.600000,0.000002,60,37.180802,37.217361,37.142227,0.016378,60,34.837877,34.879959,34.799301,0.021763,60,37.302795,37.347458,37.260757,0.023081,60,999.400000,999.400000,999.400000,0.000000,60,999.400000,999.400000,999.400000,0.000000,60,21.746667,22.300000,21.500000,0.237549,60,192.777559,193.166855,192.060791,0.366015,60,963.040400,965.410706,959.648987,1.853546,60,991.676411,993.844421,987.878723,1.868555,60,10.829106,10.852781,10.787636,0.020405,60,2.037659,2.041774,2.030082,0.003869,60,10.294902,10.320240,10.258648,0.019814,60,0.750575,0.846660,0.633243,0.045638,60,-179.046033,-178.897552,-179.168961,0.055662,60,0.028460,0.105412,-0.053898,0.038294,60,6.983297,7.124209,6.853413,0.057081,60,179.474462,179.594940,179.362305,0.052037,60,-0.182132,-0.050619,-0.274862,0.048888,60,0.000000,7.216667,13.000000,0.000000,2.852841,60,2538.150000,2794.000000,1385.000000,216.750565,60,0.721667,1.300000,0.000000,0.285284,60,255.159517,19.844956,60,60,60,60,60,60,60,60,60,60,60,60,60,60,60,60,60,60,60,60,60,60,60,60,60,60,60,60,60,60,13.5450,13.63,13.48,23.14,25,21,38.00,6864516
2026-10-03 12:50:00,23.636683,23.712521,23.561455,0.029067,60,15.041606,15.117113,14.964522,0.027595,60,19.707663,19.768063,19.649042,0.028600,60,47.613333,49.100000,46.700000,0.815001,60,37.641513,37.689400,37.603951,0.023169,60,35.508233,35.558479,35.473030,0.021945,60,37.786961,37.830933,37.732124,0.024492,60,34.600000,34.600000,34.600000,0.000002,60,37.238964,37.279709,37.190140,0.020296,60,34.906814,34.946793,34.864395,0.021849,60,37.375861,37.408249,37.336990,0.019501,60,999.400000,999.400000,999.400000,0.000000,60,999.400000,999.400000,999.400000,0.000000,60,21.901667,22.500000,21.600000,0.313802,60,192.499504,193.149002,191.977325,0.444007,60,961.199270,963.789917,958.683228,1.778157,60,989.457060,992.215576,987.224731,1.697797,60,10.804871,10.834994,10.780494,0.018540,60,2.034720,2.041585,2.029200,0.004693,60,10.275220,10.302914,10.248323,0.019008,60,0.740334,0.844310,0.644672,0.044066,60,-179.038557,-178.895462,-179.140076,0.056419,60,0.041488,0.131909,-0.053948,0.040015,60,6.987287,7.103978,6.899902,0.042374,60,179.476979,179.593781,179.363312,0.051851,60,-0.181241,0.002078,-0.314205,0.049422,60,0.000000,9.483333,18.000000,0.000000,4.900680,60,2158.100000,2765.000000,1095.000000,396.890742,60,0.948333,1.800000,0.000000,0.490068,60,217.905844,39.351199,60,60,60,60,60,60,60,60,60,60,60,60,60,60,60,60,60,60,60,60,60,60,60,60,60,60,60,60,60,60,13.5392,13.63,13.47,23.18,25,22,38.00,6864549
2026-10-03 12:51:00,23.637903,23.703365,23.562983,0.027145,60,15.042166,15.103380,14.966048,0.028146,60,19.696625,19.771114,19.633783,0.027656,60,50.061667,51.500000,48.900000,0.845946,60,37.709516,37.774857,37.660027,0.022050,60,35.573077,35.614555,35.529106,0.023235,60,37.851138,37.887009,37.804230,0.021228,60,34.646667,34.700000,34.600000,0.050310,60,37.300744,37.347733,37.264297,0.021943,60,34.977722,35.012589,34.926254,0.023703,60,37.413625,37.450302,37.380630,0.017394,60,999.353333,999.400000,999.300000,0.050310,60,999.353333,999.400000,999.300000,0.050310,60,22.761667,23.100000,22.300000,0.264313,60,192.247970,193.276825,191.698364,0.437083,60,960.483465,963.975098,958.960022,1.136718,60,988.736913,992.677185,987.195923,1.250524,60,10.797007,10.840035,10.780180,0.013656,60,2.032061,2.042936,2.026252,0.004620,60,10.267568,10.304893,10.251283,0.012152,60,0.751178,0.913573,0.590035,0.064428,60,-179.055031,-178.950790,-179.141678,0.051040,60,0.045033,0.131859,-0.014137,0.033224,60,6.987980,7.100687,6.830879,0.050872,60,179.454748,179.580963,179.322800,0.054778,60,-0.191105,-0.103317,-0.274812,0.046243,60,0.000000,12.933333,24.000000,6.000000,4.650011,60,2414.233333,2787.000000,1981.000000,162.494680,60,1.293333,2.400000,0.600000,0.465001,60,241.468411,16.066955,60,60,60,60,60,60,60,60,60,60,60,60,60,60,60,60,60,60,60,60,60,60,60,60,60,60,60,60,60,60,13.5455,13.64,13.47,23.15,25,21,38.00,6864583
2026-10-03 12:52:00,23.629536,23.675898,23.553825,0.030693,60,15.031103,15.107958,14.973679,0.030375,60,19.695862,19.772640,19.638361,0.030402,60,47.466667,49.000000,46.800000,0.569766,60,37.765909,37.801559,37.732124,0.018781,60,35.641703,35.686653,35.598534,0.021711,60,37.899203,37.929733,37.860306,0.018306,60,34.555000,34.700000,34.500000,0.053441,60,37.311489,37.334518,37.291763,0.008588,60,35.032892,35.047714,35.006393,0.011138,60,37.440046,37.456100,37.422806,0.008584,60,999.305000,999.400000,999.300000,0.021978,60,999.305000,999.400000,999.300000,0.021978,60,21.838333,22.500000,21.500000,0.226313,60,193.166992,193.882584,192.281433,0.549779,60,962.138996,966.107117,956.745728,3.416292,60,990.945032,995.309448,985.221680,3.681299,60,10.821120,10.868779,10.758621,0.040200,60,2.041775,2.049339,2.032415,0.005811,60,10.285265,10.327684,10.227612,0.036520,60,0.741677,0.857074,0.631545,0.057388,60,-179.044215,-178.950027,-179.168381,0.055009,60,0.032880,0.131846,-0.053545,0.039406,60,6.976907,7.064776,6.843920,0.049375,60,179.469140,179.620926,179.321854,0.063334,60,-0.189367,-0.103185,-0.301161,0.046012,60,0.000000,12.666667,21.000000,4.000000,4.728803,60,2311.350000,2535.000000,1875.000000,164.092866,60,1.266667,2.100000,0.400000,0.472880,60,231.304931,16.248537,60,60,60,60,60,60,60,60,60,60,60,60,60,60,60,60,60,60,60,60,60,60,60,60,60,60,60,60,60,60,13.5368,13.62,13.47,23.17,25,21,38.00,6864617
2026-10-03 12:53:00,23.630197,23.680475,23.556877,0.024814,60,15.025508,15.107958,14.955367,0.029867,60,19.695150,19.772640,19.638361,0.030179,60,49.373333,51.700000,46.700000,1.801776,60,37.810905,37.857635,37.774857,0.021161,60,35.690748,35.729378,35.657280,0.020722,60,37.939435,37.975128,37.916382,0.017016,60,34.613333,34.700000,34.500000,0.053573,60,37.365471,37.405991,37.322372,0.022964,60,35.067626,35.097183,35.040939,0.015190,60,37.480266,37.508133,37.442551,0.014813,60,999.301667,999.400000,999.300000,0.012910,60,999.301667,999.400000,999.300000,0.012910,60,22.500000,23.300000,21.600000,0.605063,60,192.260931,192.866821,191.770615,0.374808,60,957.983747,960.159058,955.892456,1.386105,60,986.339944,988.587830,984.434265,1.325753,60,10.770832,10.795379,10.750023,0.014477,60,2.032198,2.038602,2.027015,0.003962,60,10.240846,10.264100,10.218491,0.014818,60,0.742698,0.860340,0.632757,0.040854,60,-179.041613,-178.963196,-179.141678,0.049505,60,0.041247,0.105374,-0.040867,0.036885,60,6.986522,7.103979,6.857468,0.048961,60,179.461214,179.593964,179.335724,0.049328,60,-0.180109,-0.051088,-0.274587,0.047009,60,0.000000,6.983333,13.000000,0.000000,2.890614,60,1923.250000,2781.000000,1400.000000,238.828612,60,0.698333,1.300000,0.000000,0.289061,60,191.715265,23.255104,60,60,60,60,60,60,60,60,60,60,60,60,60,60,60,60,60,60,60,60,60,60,60,60,60,60,60,60,60,60,13.5380,13.62,13.48,23.18,25,22,38.00,6864651
2026-10-03 12:54:00,23.644210,23.700314,23.588923,0.027808,60,15.039775,15.094225,14.973679,0.029082,60,19.707714,19.775692,19.639887,0.032524,60,44.890000,46.400000,44.100000,0.567092,60,37.874058,37.913712,37.814911,0.026548,60,35.735877,35.772110,35.700005,0.016879,60,37.996668,38.057907,37.943085,0.021997,60,34.780000,34.900000,34.700000,0.065871,60,37.469476,37.541519,37.402634,0.038810,60,35.120807,35.156204,35.090439,0.018571,60,37.554273,37.605392,37.494858,0.030207,60,999.300000,999.300000,999.300000,0.000000,60,999.300000,999.300000,999.300000,0.000000,60,21.100000,21.600000,20.800000,0.191338,60,192.057910,192.786804,191.643219,0.393638,60,956.176069,959.757141,953.382080,2.107241,60,984.766623,988.743530,981.900513,2.249833,60,10.753652,10.797079,10.722354,0.024568,60,2.030052,2.037756,2.025669,0.004161,60,10.221522,10.259804,10.191654,0.022526,60,0.740224,0.844310,0.632757,0.044669,60,-179.045896,-178.950272,-179.182022,0.056561,60,0.033072,0.105374,-0.040630,0.034308,60,6.976152,7.120279,6.834667,0.047949,60,179.464674,179.553375,179.363464,0.048120,60,-0.198534,-0.051088,-0.314158,0.052609,60,0.000000,3.016667,6.000000,1.000000,1.722155,60,1763.850000,2594.000000,950.000000,340.088215,60,0.301667,0.600000,0.100000,0.172216,60,176.923671,33.576734,60,60,60,60,60,60,60,60,60,60,60,60,60,60,60,60,60,60,60,60,60,60,60,60,60,60,60,60,60,60,13.5413,13.63,13.47,23.24,25,22,38.00,6864685
2026-10-03 12:55:00,23.632842,23.718624,23.562983,0.028899,60,15.043310,15.112535,14.959945,0.035064,60,19.714987,19.780270,19.644464,0.026196,60,44.551667,45.400000,43.900000,0.413128,60,37.981136,38.057907,37.913712,0.039275,60,35.793027,35.841537,35.756088,0.023461,60,38.081673,38.156708,38.017853,0.036090,60,35.023333,35.100000,34.900000,0.085105,60,37.645505,37.752640,37.544113,0.060214,60,35.206945,35.274887,35.153702,0.032367,60,37.709257,37.802933,37.603409,0.056705,60,999.300000,999.300000,999.300000,0.000000,60,999.300000,999.300000,999.300000,0.000000,60,21.226667,21.600000,21.000000,0.213817,60,193.428318,193.910492,192.747009,0.376313,60,962.983800,964.990967,959.318787,1.793520,60,992.096938,994.355591,988.464722,1.869827,60,10.833699,10.858363,10.794035,0.020418,60,2.044537,2.049634,2.037336,0.003978,60,10.294296,10.315753,10.255117,0.019173,60,0.729704,0.846954,0.604800,0.060223,60,-179.040737,-178.921463,-179.207840,0.055488,60,0.041516,0.158381,-0.040678,0.043150,60,6.943074,7.078546,6.836562,0.055452,60,179.471955,179.621338,179.363464,0.059142,60,-0.207161,-0.090555,-0.314158,0.053599,60,0.000000,6.200000,10.000000,1.000000,2.356383,60,921.750000,1383.000000,592.000000,242.044934,60,0.620000,1.000000,0.100000,0.235638,60,91.803990,24.120971,60,60,60,60,60,60,60,60,60,60,60,60,60,60,60,60,60,60,60,60,60,60,60,60,60,60,60,60,60,60,13.5235,13.60,13.47,23.33,25,22,38.00,6864718
2026-10-03 12:56:00,23.630147,23.700314,23.576715,0.025841,60,15.049261,15.117113,14.979782,0.032754,60,19.709036,19.768063,19.601740,0.029458,60,44.620000,45.300000,43.700000,0.496701,60,38.123151,38.199432,38.044556,0.043083,60,35.870154,35.926987,35.812164,0.029429,60,38.204062,38.284889,38.130005,0.039519,60,35.128333,35.200000,35.100000,0.045442,60,37.841317,37.941574,37.741074,0.053475,60,35.320363,35.391342,35.254745,0.036031,60,37.879929,37.957382,37.801804,0.044797,60,999.300000,999.300000,999.300000,0.000000,60,999.300000,999.300000,999.300000,0.000000,60,21.338333,21.600000,21.000000,0.193182,60,191.865435,193.328964,190.735199,0.788596,60,956.130795,962.471375,951.061279,3.733893,60,985.178267,991.528870,980.247253,3.688052,60,10.758147,10.827496,10.704300,0.040273,60,2.028018,2.043487,2.016071,0.008335,60,10.221038,10.288818,10.166844,0.039915,60,0.722961,0.844310,0.606453,0.053823,60,-179.038101,-178.883392,-179.140076,0.056812,60,0.041477,0.131827,-0.053948,0.038584,60,6.962367,7.066729,6.814237,0.050828,60,179.460343,179.580963,179.335419,0.057907,60,-0.204691,-0.103842,-0.314127,0.051914,60,0.000000,3.383333,9.000000,0.000000,2.810945,60,1175.900000,3586.000000,1.000000,1386.416900,60,0.338333,0.900000,0.000000,0.281095,60,12.312159,41.153017,60,60,60,60,60,60,60,60,60,60,60,60,60,60,60,60,60,60,60,60,60,60,60,60,60,60,60,60,60,60,13.5213,13.60,13.48,23.20,25,21,38.00,6864752
2026-10-03 12:57:00,23.614557,23.662165,23.543144,0.026400,60,15.039038,15.121691,14.969101,0.029724,60,19.708782,19.757381,19.656672,0.022638,60,44.015000,45.300000,43.400000,0.519395,60,38.281326,38.383690,38.186081,0.053270,60,35.967842,36.039139,35.897614,0.032472,60,38.343636,38.410393,38.255516,0.044920,60,35.380000,35.500000,35.200000,0.105445,60,38.032755,38.133682,37.932938,0.058571,60,35.449952,35.515488,35.380722,0.035775,60,38.047380,38.144852,37.965927,0.053151,60,999.293333,999.300000,999.200000,0.025155,60,999.293333,999.300000,999.200000,0.025155,60,21.326667,21.800000,21.000000,0.192984,60,190.377980,190.783218,189.819839,0.352779,60,948.698661,951.511719,944.708435,2.446321,60,977.833614,980.506409,973.788879,2.397716,60,10.677943,10.707129,10.633775,0.026183,60,2.012295,2.016578,2.006396,0.003729,60,10.141588,10.171660,10.098932,0.026151,60,0.715689,0.804521,0.602215,0.044637,60,-179.038923,-178.923508,-179.222061,0.059400,60,0.031593,0.131878,-0.107030,0.041715,60,6.925546,7.019210,6.784476,0.047554,60,179.477713,179.621170,179.364059,0.058521,60,-0.208924,-0.103382,-0.301142,0.053445,60,0.000000,1.816667,4.000000,0.000000,1.016669,60,2713.033333,3495.000000,94.000000,544.754772,60,0.181667,0.400000,0.000000,0.101667,60,282.333015,28.800123,60,60,60,60,60,60,60,60,60,60,60,60,60,60,60,60,60,60,60,60,60,60,60,60,60,60,60,60,60,60,13.5188,13.59,13.46,23.16,26,22,38.00,6864786
2026-10-03 12:58:00,23.599909,23.654535,23.530937,0.026450,60,15.049973,15.121691,15.002670,0.029054,60,19.697261,19.752804,19.616999,0.029573,60,45.486667,49.000000,43.400000,1.886389,60,38.461974,38.554588,38.367668,0.053454,60,36.070559,36.137939,36.009766,0.033599,60,38.511641,38.610664,38.410393,0.051285,60,35.703333,35.800000,35.500000,0.086292,60,38.250818,38.359451,38.142746,0.068270,60,35.576017,35.653976,35.498581,0.040774,60,38.241530,38.338333,38.137955,0.060136,60,999.225000,999.300000,999.200000,0.043667,60,999.225000,999.300000,999.200000,0.043667,60,22.141667,23.600000,21.100000,0.771591,60,190.000829,190.182281,189.764984,0.123698,60,946.350340,947.934753,944.685974,0.830250,60,975.530192,976.908386,974.125305,0.713424,60,10.652790,10.667840,10.637448,0.007791,60,2.008309,2.010227,2.005816,0.001307,60,10.116485,10.133422,10.098692,0.008875,60,0.694857,0.820181,0.591196,0.058098,60,-179.042083,-178.922745,-179.167786,0.062603,60,0.035963,0.131878,-0.054049,0.042399,60,6.933833,7.114392,6.784476,0.058266,60,179.470690,179.579742,179.376465,0.047388,60,-0.194408,-0.064094,-0.301086,0.052613,60,0.000000,3.200000,7.000000,0.000000,1.459045,60,2751.550000,3578.000000,12.000000,790.563335,60,0.320000,0.700000,0.000000,0.145905,60,301.016153,41.841758,60,60,60,60,60,60,60,60,60,60,60,60,60,60,60,60,60,60,60,60,60,60,60,60,60,60,60,60,60,60,13.5202,13.58,13.46,23.29,26,21,38.00,6864820
2026-10-03 12:59:00,23.576486,23.640802,23.524834,0.023611,60,15.045472,15.126268,14.959945,0.037618,60,19.686147,19.757381,19.598688,0.031979,60,46.511667,48.000000,43.900000,1.362337,60,38.657306,38.765549,38.541237,0.062548,60,36.193260,36.266121,36.108566,0.039327,60,38.684276,38.778900,38.594643,0.050053,60,36.026667,36.200000,35.900000,0.086095,60,38.487339,38.604416,38.377121,0.066544,60,35.717721,35.797226,35.643600,0.043812,60,38.445051,38.553329,38.336594,0.054376,60,999.200000,999.200000,999.200000,0.000052,60,999.200000,999.200000,999.200000,0.000052,60,22.780000,23.300000,22.100000,0.425779,60,189.975749,190.128540,189.543854,0.148103,60,946.526171,948.800598,944.981995,0.787737,60,975.810523,977.309570,973.946594,0.803877,60,10.655851,10.672221,10.635497,0.008778,60,2.008044,2.009659,2.003479,0.001565,60,10.118364,10.142677,10.101857,0.008421,60,0.690139,0.777522,0.537279,0.047625,60,-179.053033,-178.922226,-179.183167,0.058982,60,0.052091,0.131909,-0.053545,0.043305,60,6.939634,7.100056,6.849613,0.051334,60,179.483148,179.580872,179.375885,0.053789,60,-0.208223,-0.129547,-0.314252,0.049728,60,0.000000,3.216667,7.000000,0.000000,1.905315,60,1424.300000,3345.000000,69.000000,668.560084,60,0.321667,0.700000,0.000000,0.190532,60,129.647703,58.165962,60,60,60,60,60,60,60,60,60,60,60,60,60,60,60,60,60,60,60,60,60,60,60,60,60,60,60,60,60,60,13.5116,13.58,13.46,23.18,25,22,38.00,6864855
2026-10-03 13:00:00,23.556420,23.648432,23.480583,0.030537,60,15.037613,15.115587,14.979782,0.030161,60,19.668320,19.734493,19.601740,0.033120,60,45.351667,48.100000,43.200000,1.795143,60,38.869200,38.981842,38.752197,0.066728,60,36.324867,36.407646,36.252769,0.040631,60,38.854514,38.949799,38.762878,0.050052,60,36.258333,36.400000,36.200000,0.053016,60,38.709813,38.793625,38.608322,0.054884,60,35.861371,35.931900,35.790512,0.037766,60,38.608054,38.662949,38.539902,0.035342,60,999.200000,999.200000,999.200000,0.000052,60,999.200000,999.200000,999.200000,0.000052,60,22.638333,23.800000,21.800000,0.714758,60,189.873818,191.884018,189.169510,0.797262,60,945.012501,952.846436,941.835083,3.219483,60,974.290326,982.215271,970.827148,3.252755,60,10.639250,10.725791,10.601433,0.035520,60,2.006966,2.028214,1.999522,0.008427,60,10.102183,10.185927,10.068217,0.034416,60,0.679630,0.818456,0.588878,0.059075,60,-179.075477,-178.962448,-179.182220,0.048055,60,0.064487,0.171642,-0.053797,0.040292,60,6.944794,7.072700,6.806846,0.056472,60,179.488518,179.621765,179.335892,0.070538,60,-0.216385,-0.090555,-0.379985,0.054333,60,0.000000,8.000000,13.000000,1.000000,2.804355,60,1262.933333,1948.000000,734.000000,250.509438,60,0.800000,1.300000,0.100000,0.280435,60,125.937385,24.495222,60,60,60,60,60,60,60,60,60,60,60,60,60,60,60,60,60,60,60,60,60,60,60,60,60,60,60,60,60,60,13.5155,13.58,13.46,23.18,25,22,38.00,6864889
2026-10-03 13:01:00,23.514178,23.598078,23.443962,0.028534,60,15.022736,15.088120,14.950789,0.031401,60,19.634953,19.693295,19.575800,0.026280,60,43.796667,45.800000,42.600000,0.916879,60,39.055186,39.136719,38.965820,0.043928,60,36.440313,36.490425,36.364922,0.031347,60,38.994793,39.061951,38.936447,0.032280,60,36.373333,36.400000,36.300000,0.044595,60,38.811690,38.835373,38.781265,0.010998,60,35.942418,35.959366,35.919785,0.009052,60,38.657434,38.676224,38.636368,0.009133,60,999.200000,999.200000,999.200000,0.000052,60,999.200000,999.200000,999.200000,0.000052,60,22.176667,23.000000,21.800000,0.348054,60,192.661550,193.611832,191.969543,0.348662,60,953.046359,955.657166,950.708130,1.457728,60,983.362037,986.377380,981.299805,1.366133,60,10.738314,10.771241,10.715794,0.014918,60,2.036433,2.046477,2.029118,0.003685,60,10.188065,10.215975,10.163070,0.015583,60,0.650684,0.748914,0.536185,0.049815,60,-179.057023,-178.894669,-179.208038,0.063348,60,0.055861,0.131890,-0.014219,0.036125,60,6.903831,7.015855,6.801019,0.050874,60,179.469971,179.593323,179.362305,0.059479,60,-0.221408,-0.103514,-0.314205,0.049977,60,0.000000,11.283333,18.000000,4.000000,3.508303,60,1337.650000,1668.000000,923.000000,190.696211,60,1.128333,1.800000,0.400000,0.350830,60,133.815732,18.882912,60,60,60,60,60,60,60,60,60,60,60,60,60,60,60,60,60,60,60,60,60,60,60,60,60,60,60,60,60,60,13.5131,13.58,13.46,23.17,25,21,38.00,6864923
2026-10-03 13:02:00,23.497215,23.547722,23.448540,0.025396,60,15.013987,15.056077,14.937057,0.027035,60,19.637064,19.681086,19.580378,0.026462,60,43.413333,45.100000,42.100000,0.873230,60,39.167783,39.219498,39.120697,0.027571,60,36.517262,36.546501,36.477074,0.017804,60,39.069516,39.118027,39.019226,0.022536,60,36.215000,36.300000,36.100000,0.077733,60,38.801776,38.819656,38.787766,0.005771,60,35.939093,35.957291,35.915298,0.007821,60,38.635483,38.650284,38.620621,0.006915,60,999.145000,999.200000,999.100000,0.050169,60,999.145000,999.200000,999.100000,0.050169,60,21.843333,22.300000,21.300000,0.303855,60,194.354615,194.714005,193.682266,0.286740,60,957.604279,959.429504,955.151794,1.364435,60,988.738020,991.046265,985.751648,1.477818,60,10.797019,10.822226,10.764408,0.016138,60,2.054328,2.058127,2.047221,0.003031,60,10.236789,10.256301,10.210572,0.014586,60,0.654099,0.802821,0.562653,0.057889,60,-179.060242,-178.962448,-179.167984,0.052191,60,0.058086,0.171649,-0.013809,0.040199,60,6.905438,7.019210,6.758319,0.048654,60,179.491113,179.620926,179.375748,0.058545,60,-0.220312,-0.050932,-0.314173,0.057756,60,0.000000,11.633333,14.000000,6.000000,1.765648,60,1522.066667,1777.000000,1284.000000,134.400346,60,1.163333,1.400000,0.600000,0.176565,60,152.193441,13.325668,60,60,60,60,60,60,60,60,60,60,60,60,60,60,60,60,60,60,60,60,60,60,60,60,60,60,60,60,60,60,13.5131,13.58,13.44,23.23,25,22,38.00,6864957
2026-10-03 13:03:00,23.502607,23.562983,23.437859,0.028128,60,15.022685,15.094225,14.905012,0.033297,60,19.644744,19.734493,19.583429,0.024615,60,46.838333,50.700000,44.300000,2.113242,60,39.234185,39.275581,39.192795,0.018413,60,36.561188,36.589226,36.533150,0.016799,60,39.108992,39.147400,39.075302,0.015501,60,35.976667,36.100000,35.900000,0.062073,60,38.819276,38.857498,38.797256,0.014210,60,35.939394,35.954453,35.924576,0.007633,60,38.634655,38.649551,38.619125,0.007091,60,999.118333,999.200000,999.100000,0.039021,60,999.118333,999.200000,999.100000,0.039021,60,22.841667,24.100000,22.000000,0.677055,60,192.929934,194.464066,191.601379,0.916882,60,950.897270,958.483154,945.358459,4.129829,60,981.968312,989.903503,976.229797,4.292913,60,10.723094,10.809746,10.660430,0.046879,60,2.039269,2.055485,2.025227,0.009691,60,10.165091,10.246184,10.105882,0.044148,60,0.654654,0.777522,0.483620,0.059314,60,-179.064186,-178.924011,-179.209518,0.058273,60,0.065154,0.131909,-0.014219,0.040280,60,6.908902,7.038635,6.782337,0.054212,60,179.493984,179.661423,179.362885,0.059550,60,-0.211787,-0.063794,-0.314173,0.047366,60,0.000000,13.833333,21.000000,4.000000,4.532993,60,1182.550000,1698.000000,757.000000,239.217752,60,1.383333,2.100000,0.400000,0.453299,60,117.830846,23.705562,60,60,60,60,60,60,60,60,60,60,60,60,60,60,60,60,60,60,60,60,60,60,60,60,60,60,60,60,60,60,13.4888,13.58,13.43,23.33,25,21,38.00,6864991
2026-10-03 13:04:00,23.531065,23.585871,23.471428,0.026187,60,15.030925,15.111010,14.973679,0.033700,60,19.663971,19.736019,19.598688,0.030787,60,46.356667,47.200000,45.000000,0.663674,60,39.291469,39.350349,39.248871,0.025330,60,36.599239,36.647972,36.559853,0.019871,60,39.141659,39.187454,39.104675,0.017561,60,35.990000,36.000000,35.900000,0.030253,60,38.888672,38.953171,38.834488,0.031241,60,35.976796,36.030655,35.935501,0.019766,60,38.674015,38.725784,38.630966,0.023815,60,999.100000,999.100000,999.100000,0.000053,60,999.100000,999.100000,999.100000,0.000053,60,22.736667,23.100000,22.100000,0.326754,60,191.040814,191.612152,189.487839,0.689213,60,943.420835,946.216309,936.881226,2.902859,60,974.734792,977.973755,968.102722,2.850138,60,10.644104,10.679474,10.571682,0.031124,60,2.019301,2.025340,2.002886,0.007285,60,10.085168,10.115052,10.015260,0.031031,60,0.645204,0.751076,0.522837,0.053800,60,-179.056432,-178.921967,-179.167786,0.055094,60,0.060038,0.158381,-0.014301,0.042550,60,6.911112,7.043346,6.810456,0.056327,60,179.494418,179.621338,179.335419,0.065539,60,-0.206933,-0.025283,-0.300992,0.055829,60,0.000000,12.683333,21.000000,5.000000,3.567707,60,1054.183333,1214.000000,707.000000,92.200498,60,1.268333,2.100000,0.500000,0.356771,60,105.484023,9.093089,60,60,60,60,60,60,60,60,60,60,60,60,60,60,60,60,60,60,60,60,60,60,60,60,60,60,60,60,60,60,13.4967,13.58,13.42,23.21,25,22,38.00,6865024
2026-10-03 13:05:00,23.540118,23.588923,23.466850,0.024329,60,15.037919,15.097277,14.975204,0.026705,60,19.678975,19.736019,19.569696,0.032884,60,44.243333,45.300000,43.000000,0.771388,60,39.377675,39.419777,39.318306,0.024371,60,36.649485,36.704048,36.605247,0.019289,60,39.192261,39.230179,39.147400,0.021384,60,36.111667,36.200000,36.000000,0.041545,60,38.989057,39.014633,38.949417,0.018087,60,36.053106,36.080429,36.010178,0.018517,60,38.749618,38.773788,38.717789,0.012617,60,999.100000,999.100000,999.100000,0.000053,60,999.100000,999.100000,999.100000,0.000053,60,22.026667,22.500000,21.500000,0.333379,60,190.023022,190.880630,189.090393,0.650819,60,938.268700,941.530640,935.366516,2.009741,60,969.600595,973.427734,966.434937,2.127123,60,10.588039,10.629831,10.553470,0.023228,60,2.008543,2.017608,1.998685,0.006879,60,10.030092,10.064962,9.999067,0.021484,60,0.631276,0.750265,0.495308,0.046355,60,-179.046725,-178.922226,-179.141083,0.057176,60,0.060281,0.158381,-0.014014,0.041736,60,6.893598,6.985875,6.780705,0.050439,60,179.510308,179.688995,179.361862,0.058407,60,-0.204319,-0.090142,-0.340395,0.054889,60,0.000000,9.566667,20.000000,1.000000,4.823553,60,1218.750000,1556.000000,482.000000,215.567334,60,0.956667,2.000000,0.100000,0.482355,60,122.623548,20.940850,60,60,60,60,60,60,60,60,60,60,60,60,60,60,60,60,60,60,60,60,60,60,60,60,60,60,60,60,60,60,13.4966,13.59,13.42,23.29,25,22,38.02,6865058
2026-10-03 13:06:00,23.538745,23.595026,23.480583,0.025012,60,15.049312,15.149157,14.993515,0.026975,60,19.677653,19.740597,19.606318,0.027987,60,46.955000,48.500000,43.600000,1.129485,60,39.449462,39.491875,39.406425,0.023269,60,36.700799,36.733421,36.661324,0.017507,60,39.244512,39.299614,39.216827,0.016024,60,36.111667,36.200000,36.100000,0.032373,60,39.032160,39.069382,38.998550,0.015560,60,36.084007,36.109360,36.055283,0.012212,60,38.775715,38.798691,38.753403,0.008773,60,999.100000,999.100000,999.100000,0.000053,60,999.100000,999.100000,999.100000,0.000053,60,23.011667,23.400000,21.800000,0.376915,60,190.321851,190.624527,189.925262,0.202661,60,937.034873,939.185242,935.207886,1.168681,60,968.590486,970.354187,966.209229,1.068475,60,10.577008,10.596268,10.551004,0.011668,60,2.011702,2.014901,2.007510,0.002142,60,10.016902,10.039889,9.997372,0.012493,60,0.636327,0.750265,0.484445,0.058234,60,-179.054270,-178.894669,-179.168579,0.059047,60,0.057602,0.131890,-0.014465,0.038103,60,6.899703,7.019736,6.776936,0.048837,60,179.499472,179.621170,179.376465,0.060257,60,-0.212365,-0.103185,-0.314158,0.045350,60,0.000000,15.633333,24.000000,2.000000,5.710433,60,1141.266667,2336.000000,361.000000,306.867269,60,1.563333,2.400000,0.200000,0.571043,60,112.234582,28.860725,60,60,60,60,60,60,60,60,60,60,60,60,60,60,60,60,60,60,60,60,60,60,60,60,60,60,60,60,60,60,13.4944,13.57,13.43,23.34,25,22,38.03,6865092
2026-10-03 13:07:00,23.558251,23.608759,23.506523,0.024330,60,15.052491,15.117113,14.998093,0.027480,60,19.684622,19.758907,19.592585,0.031828,60,44.921667,46.900000,42.800000,1.031059,60,39.514973,39.574654,39.475853,0.024235,60,36.747487,36.789505,36.704048,0.019189,60,39.289867,39.328987,39.243530,0.017221,60,36.173333,36.200000,36.100000,0.044595,60,39.110967,39.145676,39.060928,0.025314,60,36.136768,36.168716,36.104507,0.018990,60,38.823654,38.846634,38.784439,0.014933,60,999.100000,999.100000,999.100000,0.000053,60,999.100000,999.100000,999.100000,0.000053,60,22.378333,23.000000,21.500000,0.402573,60,189.563342,190.161926,189.222336,0.220104,60,934.303057,936.673401,933.243713,0.790155,60,965.777793,968.609436,964.571716,0.977448,60,10.546294,10.577215,10.533123,0.010674,60,2.003684,2.010011,2.000080,0.002326,60,9.987699,10.013038,9.976375,0.008447,60,0.628755,0.750806,0.496143,0.058604,60,-179.042522,-178.895462,-179.166229,0.060600,60,0.063598,0.158381,-0.053797,0.042324,60,6.902560,7.010040,6.750803,0.053129,60,179.510337,179.648071,179.321365,0.065813,60,-0.208467,-0.090211,-0.301142,0.049832,60,0.000000,13.500000,22.000000,1.000000,5.930387,60,1117.750000,2095.000000,252.000000,290.629045,60,1.350000,2.200000,0.100000,0.593039,60,110.841946,27.634662,60,60,60,60,60,60,60,60,60,60,60,60,60,60,60,60,60,60,60,60,60,60,60,60,60,60,60,60,60,60,13.4973,13.58,13.42,23.31,25,21,38.04,6865126
2026-10-03 13:08:00,23.543501,23.584345,23.489738,0.022916,60,15.048931,15.103380,14.982834,0.029386,60,19.679713,19.743649,19.610895,0.028668,60,42.660000,44.600000,41.300000,1.009313,60,39.569046,39.604027,39.531929,0.014590,60,36.789060,36.816208,36.746773,0.016038,60,39.317950,39.342339,39.299614,0.012157,60,35.961667,36.100000,35.800000,0.107501,60,39.092790,39.135361,39.050308,0.023885,60,36.152289,36.169937,36.125534,0.011675,60,38.790322,38.833603,38.748703,0.022481,60,999.100000,999.100000,999.100000,0.000053,60,999.100000,999.100000,999.100000,0.000053,60,21.310000,22.000000,20.700000,0.422141,60,190.599500,191.205338,189.908569,0.377152,60,934.837791,936.523132,933.784363,0.646438,60,966.744603,968.512939,965.230164,0.667377,60,10.556851,10.576161,10.540314,0.007288,60,2.014637,2.021040,2.007334,0.003986,60,9.993416,10.011432,9.982154,0.006910,60,0.632987,0.735312,0.524565,0.052043,60,-179.058662,-178.894928,-179.181442,0.071692,60,0.053641,0.131808,-0.041009,0.036693,60,6.896633,6.970452,6.801175,0.044340,60,179.507073,179.648071,179.376175,0.054217,60,-0.213046,-0.090761,-0.314158,0.050094,60,0.000000,15.483333,19.000000,9.000000,1.770681,60,1332.516667,1479.000000,1225.000000,53.201724,60,1.548333,1.900000,0.900000,0.177068,60,133.247828,5.272463,60,60,60,60,60,60,60,60,60,60,60,60,60,60,60,60,60,60,60,60,60,60,60,60,60,60,60,60,60,60,13.4880,13.55,13.43,23.33,25,22,38.07,6865159
2026-10-03 13:09:00,23.551614,23.616388,23.489738,0.030457,60,15.046209,15.103380,14.982834,0.030135,60,19.699779,19.758907,19.610895,0.030606,60,43.856667,45.200000,42.900000,0.727514,60,39.578170,39.604027,39.547951,0.013797,60,36.807485,36.829559,36.773483,0.012121,60,39.306290,39.342339,39.286263,0.013753,60,35.675000,35.800000,35.600000,0.060014,60,39.042853,39.063248,39.019547,0.011380,60,36.116264,36.139816,36.089767,0.010142,60,38.725024,38.757797,38.698257,0.012968,60,999.100000,999.100000,999.100000,0.000053,60,999.100000,999.100000,999.100000,0.000053,60,21.551667,22.000000,21.100000,0.269017,60,191.216214,191.409546,190.886581,0.143662,60,936.502748,937.358704,934.755249,0.617994,60,968.761938,969.650269,967.358643,0.474475,60,10.578880,10.588581,10.563557,0.005181,60,2.021155,2.023199,2.017671,0.001519,60,10.011214,10.020364,9.992534,0.006606,60,0.626620,0.751618,0.523269,0.048551,60,-179.052518,-178.922745,-179.183167,0.057872,60,0.059605,0.198080,-0.014219,0.046736,60,6.905872,7.039460,6.791745,0.053730,60,179.508444,179.594940,179.403351,0.051203,60,-0.207790,-0.090142,-0.340545,0.049449,60,0.000000,10.900000,15.000000,5.000000,2.666172,60,1210.700000,1414.000000,857.000000,132.701947,60,1.090000,1.500000,0.500000,0.266617,60,121.165288,13.126552,60,60,60,60,60,60,60,60,60,60,60,60,60,60,60,60,60,60,60,60,60,60,60,60,60,60,60,60,60,60,13.4905,13.58,13.42,23.32,25,22,38.13,6865193
2026-10-03 13:10:00,23.582742,23.645380,23.508049,0.027321,60,15.067928,15.120165,15.014877,0.026565,60,19.715343,19.775692,19.644464,0.030293,60,47.231667,50.900000,44.800000,1.650423,60,39.576834,39.604027,39.561302,0.012530,60,36.811535,36.829559,36.789505,0.011218,60,39.289155,39.315636,39.272911,0.012700,60,35.601667,35.700000,35.600000,0.012910,60,39.045629,39.080948,39.024521,0.013572,60,36.119553,36.148453,36.095047,0.010781,60,38.724995,38.749588,38.706650,0.008935,60,999.100000,999.100000,999.100000,0.000053,60,999.100000,999.100000,999.100000,0.000053,60,22.745000,23.900000,22.000000,0.566412,60,190.102100,191.091003,188.868134,0.574265,60,932.225117,934.927795,926.486877,2.343995,60,964.745785,967.520020,958.830017,2.130469,60,10.535024,10.565318,10.470424,0.023265,60,2.009379,2.019832,1.996336,0.006070,60,9.965486,9.994378,9.904144,0.025057,60,0.636733,0.739859,0.536622,0.050568,60,-179.060765,-178.949295,-179.181442,0.049770,60,0.052726,0.198108,-0.014137,0.042301,60,6.909016,7.015855,6.795368,0.054531,60,179.495548,179.648682,179.362595,0.062082,60,-0.213884,-0.103382,-0.300861,0.045811,60,0.000000,10.633333,18.000000,3.000000,3.746034,60,1025.650000,1867.000000,504.000000,227.070796,60,1.063333,1.800000,0.300000,0.374603,60,102.037975,22.053702,60,60,60,60,60,60,60,60,60,60,60,60,60,60,60,60,60,60,60,60,60,60,60,60,60,60,60,60,60,60,13.4965,13.59,13.43,23.33,25,22,38.14,6865227
2026-10-03 13:11:00,23.605071,23.677423,23.538567,0.028285,60,15.079042,15.153734,15.016403,0.032003,60,19.727576,19.826048,19.656672,0.035689,60,45.705000,47.300000,44.100000,0.839173,60,39.587649,39.617378,39.561302,0.014295,60,36.829515,36.872284,36.802856,0.015775,60,39.290535,39.315636,39.272911,0.013111,60,35.590000,35.700000,35.500000,0.054306,60,39.094282,39.150162,39.060898,0.022833,60,36.166809,36.205887,36.128738,0.018740,60,38.763360,38.816544,38.723343,0.020474,60,999.100000,999.100000,999.100000,0.000053,60,999.100000,999.100000,999.100000,0.000053,60,22.156667,22.800000,21.500000,0.373879,60,187.473456,188.796799,186.643646,0.608352,60,920.465760,926.706482,914.912292,2.898501,60,953.251773,958.995972,950.247375,2.787103,60,10.409509,10.472237,10.376701,0.030435,60,1.981594,1.995582,1.972823,0.006430,60,9.839779,9.906492,9.780412,0.030985,60,0.624624,0.779187,0.523916,0.050048,60,-179.050246,-178.962936,-179.140686,0.050077,60,0.048089,0.131890,-0.040867,0.045201,60,6.903466,7.015855,6.795515,0.051741,60,179.497455,179.594498,179.361710,0.050306,60,-0.196330,-0.103317,-0.340489,0.046793,60,0.000000,9.666667,17.000000,0.000000,3.820847,60,1087.300000,3464.000000,498.000000,526.256343,60,0.966667,1.700000,0.000000,0.382085,60,95.587142,31.820280,60,60,60,60,60,60,60,60,60,60,60,60,60,60,60,60,60,60,60,60,60,60,60,60,60,60,60,60,60,60,13.4965,13.57,13.42,23.35,25,22,38.21,6865261
2026-10-03 13:12:00,23.625747,23.698788,23.575190,0.025144,60,15.083874,15.153734,15.016403,0.032438,60,19.748023,19.812313,19.690243,0.027260,60,47.716667,49.400000,45.000000,1.098715,60,39.636426,39.689476,39.590675,0.022333,60,36.872373,36.915009,36.829559,0.019028,60,39.329032,39.374382,39.286263,0.019973,60,35.636667,35.700000,35.500000,0.066298,60,39.191753,39.249680,39.128860,0.035599,60,36.251838,36.297562,36.208725,0.027196,60,38.855229,38.901688,38.802567,0.029836,60,999.091667,999.100000,999.000000,0.027872,60,999.091667,999.100000,999.000000,0.027872,60,22.868333,23.400000,22.000000,0.386857,60,186.945266,187.257172,186.630157,0.145949,60,918.519110,919.457642,917.554321,0.447630,60,951.467566,952.692322,950.060791,0.591174,60,10.390026,10.403400,10.374664,0.006456,60,1.976011,1.979308,1.972681,0.001543,60,9.818969,9.829002,9.808656,0.004785,60,0.622362,0.749724,0.497189,0.061329,60,-179.053573,-178.922226,-179.221695,0.060513,60,0.047666,0.158381,-0.040867,0.043877,60,6.909310,7.048604,6.771290,0.055152,60,179.521160,179.661423,179.321533,0.061344,60,-0.203395,-0.064842,-0.314173,0.055236,60,0.000000,12.583333,25.000000,3.000000,7.337601,60,918.900000,1513.000000,18.000000,241.754582,60,1.258333,2.500000,0.300000,0.733760,60,92.900537,23.159380,60,60,60,60,60,60,60,60,60,60,60,60,60,60,60,60,60,60,60,60,60,60,60,60,60,60,60,60,60,60,13.4954,13.57,13.41,23.22,25,22,38.30,6865295
2026-10-03 13:13:00,23.627273,23.672846,23.576715,0.026310,60,15.095318,15.158313,15.037766,0.026899,60,19.754915,19.832151,19.694820,0.027183,60,45.610000,47.600000,44.800000,0.728756,60,39.709548,39.772263,39.660103,0.027579,60,36.937038,36.984436,36.901657,0.025549,60,39.394320,39.430458,39.342339,0.021807,60,35.550000,35.700000,35.400000,0.079191,60,39.301307,39.357742,39.243607,0.031185,60,36.351839,36.411667,36.295578,0.034024,60,38.958808,39.009598,38.896133,0.034185,60,999.036667,999.100000,999.000000,0.048596,60,999.036667,999.100000,999.000000,0.048596,60,22.060000,22.800000,21.600000,0.268202,60,187.175239,187.595612,186.933151,0.163301,60,919.017514,919.973145,917.423584,0.591293,60,952.802630,954.352783,951.522766,0.621369,60,10.404605,10.421533,10.390629,0.006785,60,1.978442,1.982885,1.975883,0.001726,60,9.824297,9.834513,9.807258,0.006321,60,0.622256,0.749454,0.497609,0.051482,60,-179.044231,-178.960968,-179.168579,0.045187,60,0.051879,0.131859,-0.053898,0.042086,60,6.913931,7.094829,6.816127,0.049918,60,179.508511,179.648010,179.376617,0.062679,60,-0.198389,-0.103514,-0.340423,0.048085,60,0.000000,18.250000,25.000000,4.000000,4.908053,60,864.666667,1952.000000,493.000000,229.418326,60,1.825000,2.500000,0.400000,0.490805,60,84.786881,20.858793,60,60,60,60,60,60,60,60,60,60,60,60,60,60,60,60,60,60,60,60,60,60,60,60,60,60,60,60,60,60,13.4917,13.57,13.42,23.28,25,22,38.37,6865328
2026-10-03 13:14:00,23.615193,23.691158,23.535515,0.033801,60,15.092571,15.147631,15.024033,0.025323,60,19.744208,19.818419,19.681086,0.031182,60,46.933333,49.100000,44.900000,1.404794,60,39.791577,39.831009,39.729530,0.026556,60,37.011806,37.056534,36.957733,0.026841,60,39.459876,39.486534,39.414436,0.020628,60,35.311667,35.400000,35.300000,0.032373,60,39.367637,39.382553,39.341019,0.007613,60,36.432552,36.459000,36.401840,0.013550,60,39.020068,39.035416,39.003128,0.007941,60,999.036667,999.100000,999.000000,0.048596,60,999.036667,999.100000,999.000000,0.048596,60,22.316667,23.100000,21.600000,0.523407,60,188.627405,189.088577,187.646362,0.337914,60,921.946932,923.954956,920.096924,0.976437,60,956.102865,957.927612,954.123474,0.922700,60,10.440643,10.460569,10.419028,0.010076,60,1.993792,1.998666,1.983422,0.003572,60,9.855612,9.877078,9.835835,0.010438,60,0.621475,0.697372,0.536622,0.037899,60,-179.045082,-178.894669,-179.168579,0.062451,60,0.057615,0.131897,-0.014301,0.038942,60,6.897904,6.978157,6.804790,0.041599,60,179.512085,179.662170,179.323105,0.065082,60,-0.207563,-0.129547,-0.274662,0.037411,60,0.000000,15.316667,25.000000,4.000000,4.424476,60,1127.316667,1815.000000,573.000000,174.993994,60,1.531667,2.500000,0.400000,0.442448,60,112.691565,17.032046,60,60,60,60,60,60,60,60,60,60,60,60,60,60,60,60,60,60,60,60,60,60,60,60,60,60,60,60,60,60,13.4973,13.58,13.42,23.30,26,22,38.51,6865362
2026-10-03 13:15:00,23.613896,23.663691,23.553825,0.027053,60,15.079118,15.130846,14.993515,0.029382,60,19.738460,19.803158,19.684137,0.024966,60,48.335000,50.600000,46.400000,1.236017,60,39.839331,39.860382,39.801636,0.014494,60,37.065079,37.128632,37.013809,0.022215,60,39.503668,39.542610,39.473183,0.014727,60,35.410000,35.500000,35.300000,0.039915,60,39.361044,39.377335,39.346725,0.006283,60,36.448860,36.471817,36.434891,0.007410,60,38.999470,39.015121,38.983810,0.006933,60,999.000000,999.000000,999.000000,0.000000,60,999.000000,999.000000,999.000000,0.000000,60,22.880000,23.800000,22.100000,0.488443,60,188.914210,189.479813,188.286636,0.347245,60,920.074273,923.124573,916.297485,1.975248,60,954.762963,957.779236,951.569458,1.876447,60,10.426012,10.458949,10.391139,0.020491,60,1.996823,2.002802,1.990190,0.003670,60,9.835594,9.868201,9.795219,0.021115,60,0.610788,0.749724,0.458099,0.055373,60,-179.040233,-178.856140,-179.180679,0.061342,60,0.053152,0.158381,-0.040867,0.040429,60,6.893997,7.007599,6.782337,0.049520,60,179.513279,179.594772,179.429733,0.047707,60,-0.207052,-0.090349,-0.366835,0.047385,60,0.000000,18.600000,29.000000,4.000000,5.877853,60,998.233333,1317.000000,683.000000,166.088231,60,1.860000,2.900000,0.400000,0.587785,60,99.822132,16.463831,60,60,60,60,60,60,60,60,60,60,60,60,60,60,60,60,60,60,60,60,60,60,60,60,60,60,60,60,60,60,13.4867,13.58,13.42,23.24,25,21,38.65,6865396
2026-10-03 13:16:00,23.636810,23.694210,23.585871,0.023243,60,15.083925,15.133898,15.028610,0.030917,60,19.746624,19.804684,19.684137,0.029508,60,46.688333,48.900000,45.700000,0.651489,60,39.869194,39.889755,39.831009,0.014694,60,37.112699,37.141983,37.072556,0.018303,60,39.526811,39.555962,39.499886,0.013618,60,35.348333,35.400000,35.200000,0.053652,60,39.382356,39.401810,39.365860,0.009653,60,36.477118,36.503311,36.445999,0.015456,60,39.009713,39.028915,38.993423,0.007839,60,999.000000,999.000000,999.000000,0.000000,60,999.000000,999.000000,999.000000,0.000000,60,22.250000,23.100000,21.800000,0.262646,60,188.113971,188.551651,187.726181,0.255040,60,916.065943,917.957214,912.666504,1.580144,60,951.139936,953.084778,948.189087,1.396054,60,10.386448,10.407685,10.354224,0.015245,60,1.988365,1.992991,1.984266,0.002696,60,9.792744,9.812962,9.756404,0.016892,60,0.601834,0.711514,0.497609,0.049090,60,-179.024474,-178.923508,-179.222061,0.055890,60,0.045438,0.158381,-0.106652,0.045841,60,6.892236,6.994576,6.748927,0.055956,60,179.522038,179.689804,179.377045,0.062123,60,-0.211488,-0.064094,-0.366804,0.057767,60,0.000000,18.766667,29.000000,6.000000,5.063551,60,788.366667,1904.000000,341.000000,249.054821,60,1.876667,2.900000,0.600000,0.506355,60,77.577683,23.484499,60,60,60,60,60,60,60,60,60,60,60,60,60,60,60,60,60,60,60,60,60,60,60,60,60,60,60,60,60,60,13.4941,13.57,13.43,23.30,25,22,38.66,6865430
2026-10-03 13:17:00,23.627832,23.682001,23.572138,0.024928,60,15.090384,15.133898,15.011826,0.025275,60,19.745403,19.804684,19.702450,0.027006,60,47.331667,48.900000,46.300000,0.692696,60,39.897099,39.916458,39.860382,0.011847,60,37.150083,37.184708,37.099258,0.018336,60,39.540385,39.569313,39.529259,0.009573,60,35.118333,35.300000,35.000000,0.085354,60,39.373364,39.405289,39.332382,0.020017,60,36.500663,36.511703,36.482803,0.006540,60,38.999490,39.023636,38.957748,0.019250,60,999.000000,999.000000,999.000000,0.000000,60,999.000000,999.000000,999.000000,0.000000,60,22.293333,22.800000,21.800000,0.278535,60,188.570638,189.402298,187.820602,0.405268,60,916.389073,919.542236,913.070007,2.043170,60,951.978287,955.108948,947.866821,2.185734,60,10.395603,10.429790,10.350706,0.023868,60,1.993192,2.001982,1.985264,0.004284,60,9.796199,9.829906,9.760717,0.021842,60,0.621403,0.750265,0.458701,0.065680,60,-179.022854,-178.881805,-179.182022,0.064883,60,0.046564,0.131846,-0.080432,0.045258,60,6.898112,7.013400,6.780705,0.052620,60,179.507923,179.647842,179.374298,0.057027,60,-0.203164,-0.063869,-0.340470,0.054827,60,0.000000,19.800000,30.000000,10.000000,4.554007,60,497.150000,734.000000,266.000000,101.237567,60,1.980000,3.000000,1.000000,0.455401,60,49.679639,10.018676,60,60,60,60,60,60,60,60,60,60,60,60,60,60,60,60,60,60,60,60,60,60,60,60,60,60,60,60,60,60,13.4865,13.54,13.42,23.27,25,22,38.86,6865464
2026-10-03 13:18:00,23.635818,23.694210,23.572138,0.023417,60,15.088146,15.149157,15.028610,0.028341,60,19.752143,19.804684,19.670404,0.027092,60,50.401667,51.500000,48.600000,0.920297,60,39.882323,39.916458,39.847031,0.014717,60,37.175006,37.214081,37.141983,0.012905,60,39.524675,39.555962,39.486534,0.016030,60,35.111667,35.200000,35.000000,0.071525,60,39.311260,39.342087,39.287613,0.013362,60,36.488576,36.503525,36.469101,0.007398,60,38.937834,38.969040,38.906143,0.016408,60,999.000000,999.000000,999.000000,0.000000,60,999.000000,999.000000,999.000000,0.000000,60,23.290000,23.600000,22.600000,0.357344,60,189.366188,189.578812,189.092239,0.136903,60,918.893286,921.626648,917.227844,1.040781,60,954.916163,957.393677,952.971191,1.056771,60,10.427685,10.454740,10.406446,0.011540,60,2.001601,2.003848,1.998705,0.001447,60,9.822969,9.852188,9.805165,0.011126,60,0.615217,0.751618,0.497609,0.054845,60,-179.042809,-178.946793,-179.179138,0.054140,60,0.038799,0.105412,-0.053545,0.037878,60,6.894338,6.983944,6.775053,0.051078,60,179.513421,179.648621,179.362152,0.067661,60,-0.204009,-0.090349,-0.301086,0.046608,60,0.000000,9.550000,18.000000,1.000000,4.114567,60,551.400000,3567.000000,54.000000,528.376445,60,0.955000,1.800000,0.100000,0.411457,60,45.323509,32.600319,60,60,60,60,60,60,60,60,60,60,60,60,60,60,60,60,60,60,60,60,60,60,60,60,60,60,60,60,60,60,13.4993,13.58,13.43,23.50,26,22,38.88,6865497
2026-10-03 13:19:00,23.663742,23.712521,23.599604,0.026837,60,15.100659,15.152208,15.014877,0.031626,60,19.768317,19.836729,19.702450,0.027496,60,48.676667,50.800000,46.300000,1.413418,60,39.856599,39.889755,39.831009,0.015750,60,37.188446,37.214081,37.155334,0.012332,60,39.488804,39.513237,39.443810,0.016215,60,35.130000,35.200000,35.100000,0.046212,60,39.274954,39.299942,39.259506,0.009411,60,36.490846,36.521072,36.473465,0.010036,60,38.880319,38.918686,38.850449,0.018743,60,998.998333,999.000000,998.900000,0.012910,60,998.998333,999.000000,998.900000,0.012910,60,22.771667,23.400000,22.000000,0.495776,60,188.538872,190.166733,186.267502,1.356034,60,915.687521,921.519104,905.022461,5.321931,60,951.837155,957.844788,941.323547,5.328168,60,10.394062,10.459665,10.279253,0.058184,60,1.992856,2.010062,1.968847,0.014333,60,9.788699,9.851039,9.674689,0.056891,60,0.611092,0.711514,0.497189,0.056511,60,-179.043529,-178.922226,-179.180679,0.058904,60,0.053407,0.131859,-0.054150,0.040086,60,6.907845,7.004235,6.787980,0.050259,60,179.521368,179.648453,179.429855,0.052653,60,-0.193286,-0.051244,-0.340517,0.053377,60,0.000000,12.600000,21.000000,6.000000,3.232253,60,884.766667,1523.000000,250.000000,322.882744,60,1.260000,2.100000,0.600000,0.323225,60,88.073844,32.181435,60,60,60,60,60,60,60,60,60,60,60,60,60,60,60,60,60,60,60,60,60,60,60,60,60,60,60,60,60,60,13.4874,13.55,13.42,23.29,25,22,38.92,6865531
2026-10-03 13:20:00,23.681468,23.741512,23.630121,0.023751,60,15.111874,15.184253,15.030136,0.028057,60,19.781465,19.850462,19.731441,0.028003,60,45.570000,49.800000,43.800000,1.514484,60,39.834169,39.873734,39.788284,0.016272,60,37.201219,37.227432,37.171356,0.012128,60,39.450174,39.486534,39.401085,0.019703,60,35.146667,35.200000,35.000000,0.070028,60,39.222489,39.280502,39.157059,0.038736,60,36.496994,36.520981,36.458694,0.013168,60,38.815312,38.869827,38.727554,0.038306,60,998.918333,999.000000,998.900000,0.039020,60,998.918333,999.000000,998.900000,0.039020,60,21.648333,23.100000,21.000000,0.562829,60,186.001728,186.531616,185.325394,0.361905,60,900.734031,904.642944,894.453430,3.204535,60,936.924993,940.677124,930.528015,3.256237,60,10.231221,10.272194,10.161366,0.035558,60,1.966038,1.971639,1.958889,0.003825,60,9.628846,9.670632,9.561707,0.034256,60,0.613485,0.735579,0.496980,0.052977,60,-179.048120,-178.894135,-179.167419,0.061331,60,0.042343,0.105399,-0.040678,0.043515,60,6.896525,7.049180,6.795516,0.055271,60,179.518115,179.661652,179.401840,0.065941,60,-0.186672,-0.050306,-0.314080,0.057707,60,0.000000,21.033333,26.000000,15.000000,2.718216,60,1420.383333,1547.000000,1325.000000,43.954172,60,2.103333,2.600000,1.500000,0.271822,60,142.035987,4.356439,60,60,60,60,60,60,60,60,60,60,60,60,60,60,60,60,60,60,60,60,60,60,60,60,60,60,60,60,60,60,13.4907,13.57,13.42,23.35,25,22,38.96,6865565
2026-10-03 13:21:00,23.677984,23.749142,23.608759,0.031879,60,15.099718,15.167468,15.046922,0.031190,60,19.786831,19.864195,19.711605,0.030028,60,44.638333,45.100000,44.200000,0.232956,60,39.773596,39.847031,39.716179,0.030530,60,37.185375,37.227432,37.128632,0.020763,60,39.376118,39.430458,39.315636,0.032825,60,34.853333,35.000000,34.700000,0.083294,60,39.040351,39.145248,38.950089,0.058194,60,36.408572,36.471848,36.346359,0.034079,60,38.639620,38.739670,38.553543,0.057161,60,998.900000,998.900000,998.900000,0.000000,60,998.900000,998.900000,998.900000,0.000000,60,21.085000,21.300000,20.800000,0.150508,60,185.441263,185.757339,184.874924,0.235495,60,892.873407,895.008606,889.468140,1.807574,60,928.811619,930.624084,925.538025,1.657763,60,10.142623,10.162416,10.106875,0.018103,60,1.960114,1.963455,1.954128,0.002489,60,9.544816,9.567641,9.508414,0.019323,60,0.626210,0.750265,0.524348,0.046795,60,-179.006828,-178.880463,-179.114426,0.057318,60,0.033270,0.105349,-0.040678,0.038481,60,6.888495,6.983944,6.735864,0.054678,60,179.532540,179.688797,179.376617,0.070831,60,-0.203332,-0.103514,-0.300936,0.044910,60,0.000000,18.000000,26.000000,12.000000,2.887730,60,1409.650000,1558.000000,1288.000000,57.094873,60,1.800000,2.600000,1.200000,0.288773,60,140.960213,5.657503,60,60,60,60,60,60,60,60,60,60,60,60,60,60,60,60,60,60,60,60,60,60,60,60,60,60,60,60,60,60,13.4929,13.58,13.43,23.35,25,22,38.98,6865599
2026-10-03 13:22:00,23.704433,23.758297,23.653009,0.023914,60,15.109026,15.167468,15.046922,0.032109,60,19.809466,19.873350,19.757381,0.030658,60,45.788333,47.300000,44.300000,0.958652,60,39.665710,39.745552,39.604027,0.035686,60,37.132014,37.171356,37.085907,0.021665,60,39.264096,39.342339,39.203476,0.032006,60,34.638333,34.700000,34.600000,0.049030,60,38.891364,38.954514,38.830246,0.034266,60,36.308537,36.351852,36.263931,0.024368,60,38.503949,38.560226,38.448257,0.032655,60,998.900000,998.900000,998.900000,0.000000,60,998.900000,998.900000,998.900000,0.000000,60,21.283333,21.800000,20.700000,0.322683,60,184.493152,184.809296,184.200821,0.170937,60,888.378985,889.220947,887.431335,0.568988,60,924.345283,925.602661,923.265869,0.720818,60,10.093851,10.107581,10.082064,0.007871,60,1.950093,1.953434,1.947003,0.001807,60,9.496771,9.505772,9.486641,0.006082,60,0.635606,0.737715,0.537718,0.050933,60,-179.026616,-178.882599,-179.140076,0.054669,60,0.024189,0.105336,-0.054302,0.045833,60,6.906387,7.006169,6.803065,0.048117,60,179.514333,179.661804,179.375885,0.062600,60,-0.195191,-0.050306,-0.340460,0.051836,60,0.000000,15.800000,18.000000,13.000000,1.232333,60,1305.666667,1433.000000,1132.000000,73.859387,60,1.580000,1.800000,1.300000,0.123233,60,130.577797,7.317043,60,60,60,60,60,60,60,60,60,60,60,60,60,60,60,60,60,60,60,60,60,60,60,60,60,60,60,60,60,60,13.4891,13.58,13.42,23.38,25,22,38.99,6865633
2026-10-03 13:23:00,23.743801,23.813231,23.677423,0.031903,60,15.131406,15.197986,15.060655,0.029945,60,19.822131,19.871824,19.720760,0.030762,60,45.891667,46.900000,45.200000,0.507333,60,39.547328,39.617378,39.475853,0.036286,60,37.066147,37.099258,37.000458,0.022552,60,39.159060,39.216827,39.104675,0.031121,60,34.573333,34.600000,34.500000,0.044595,60,38.750662,38.834915,38.662247,0.052975,60,36.229585,36.286270,36.178421,0.025153,60,38.386790,38.452927,38.314590,0.044276,60,998.900000,998.900000,998.900000,0.000000,60,998.900000,998.900000,998.900000,0.000000,60,21.278333,21.600000,21.000000,0.193182,60,184.230208,184.793274,183.320892,0.433742,60,886.977021,889.475891,882.513367,2.322113,60,923.437913,925.793213,918.880981,2.279461,60,10.083942,10.109662,10.034181,0.024892,60,1.947313,1.953265,1.937702,0.004585,60,9.481784,9.508497,9.434068,0.024823,60,0.627114,0.802256,0.523916,0.055979,60,-179.029729,-178.896225,-179.113388,0.050608,60,0.029312,0.105412,-0.053948,0.041226,60,6.906740,7.019736,6.801176,0.053420,60,179.514851,179.621170,179.403610,0.048058,60,-0.193482,-0.090418,-0.340489,0.048638,60,0.000000,18.416667,23.000000,15.000000,1.768765,60,1536.516667,1715.000000,1273.000000,122.322371,60,1.841667,2.300000,1.500000,0.176877,60,153.712326,12.120107,60,60,60,60,60,60,60,60,60,60,60,60,60,60,60,60,60,60,60,60,60,60,60,60,60,60,60,60,60,60,13.4934,13.58,13.42,23.41,25,22,39.00,6865666
2026-10-03 13:24:00,23.773454,23.837645,23.703365,0.028019,60,15.132169,15.176623,15.056077,0.030094,60,19.848580,19.914549,19.777218,0.029918,60,46.206667,47.000000,45.500000,0.505518,60,39.426230,39.491875,39.363701,0.036293,60,36.992580,37.040512,36.928360,0.024128,60,39.051982,39.118027,38.976501,0.032630,60,34.448333,34.500000,34.400000,0.050394,60,38.604270,38.663620,38.551529,0.030663,60,36.150131,36.187729,36.107254,0.020850,60,38.273837,38.321854,38.228836,0.024919,60,998.900000,998.900000,998.900000,0.000000,60,998.900000,998.900000,998.900000,0.000000,60,21.226667,21.500000,21.000000,0.192984,60,183.870282,184.781845,183.114639,0.609743,60,885.244936,889.596191,882.090027,2.795060,60,921.537487,926.048645,918.265320,2.887072,60,10.063189,10.112452,10.027457,0.031527,60,1.943509,1.953144,1.935522,0.006445,60,9.463268,9.509783,9.429542,0.029879,60,0.653821,0.751618,0.564683,0.045031,60,-179.028218,-178.895721,-179.140488,0.058365,60,0.032579,0.158381,-0.106275,0.047398,60,6.928658,7.019210,6.849854,0.042994,60,179.509247,179.661209,179.335892,0.067782,60,-0.172372,-0.050619,-0.274887,0.050018,60,0.000000,16.066667,20.000000,13.000000,1.400565,60,1530.083333,1642.000000,1386.000000,59.364799,60,1.606667,2.000000,1.300000,0.140056,60,153.009822,5.883591,60,60,60,60,60,60,60,60,60,60,60,60,60,60,60,60,60,60,60,60,60,60,60,60,60,60,60,60,60,60,13.4976,13.57,13.43,23.29,25,22,39.00,6865700
2026-10-03 13:25:00,23.797284,23.836119,23.739986,0.024599,60,15.149666,15.208667,15.071336,0.028372,60,19.872358,19.958801,19.822996,0.029867,60,47.013333,48.600000,45.400000,0.988487,60,39.311274,39.377052,39.248871,0.035155,60,36.928805,36.984436,36.885635,0.023045,60,38.951045,39.019226,38.893723,0.032872,60,34.358333,34.400000,34.300000,0.049717,60,38.489852,38.562119,38.416183,0.043191,60,36.084880,36.129410,36.041611,0.024666,60,38.182759,38.237167,38.118362,0.035965,60,998.806667,998.900000,998.800000,0.025155,60,998.806667,998.900000,998.800000,0.025155,60,21.471667,22.100000,21.000000,0.357056,60,185.443555,186.118637,184.703644,0.460715,60,891.645746,894.182434,888.737305,1.753540,60,928.389541,931.379211,925.303711,1.769632,60,10.138014,10.170661,10.104317,0.019324,60,1.960138,1.967274,1.952317,0.004870,60,9.531693,9.558809,9.500602,0.018745,60,0.656460,0.803104,0.537937,0.059332,60,-179.037650,-178.898849,-179.209885,0.059188,60,0.033079,0.105374,-0.040630,0.039443,60,6.938759,7.045290,6.797401,0.049358,60,179.508489,179.702499,179.403351,0.064654,60,-0.173132,-0.064693,-0.274737,0.047859,60,0.000000,22.900000,28.000000,15.000000,2.614821,60,1473.783333,1592.000000,1354.000000,57.512590,60,2.290000,2.800000,1.500000,0.261482,60,147.374914,5.700891,60,60,60,60,60,60,60,60,60,60,60,60,60,60,60,60,60,60,60,60,60,60,60,60,60,60,60,60,60,60,13.4881,13.55,13.41,23.37,25,22,39.00,6865734
2026-10-03 13:26:00,23.813331,23.886473,23.749142,0.030407,60,15.160754,15.222401,15.103380,0.026242,60,19.876427,19.954224,19.800106,0.029290,60,46.646667,47.800000,45.700000,0.577096,60,39.180601,39.275581,39.080643,0.044274,60,36.857686,36.915009,36.802856,0.025090,60,38.841474,38.920425,38.778900,0.038141,60,34.253333,34.300000,34.200000,0.050310,60,38.331495,38.412857,38.263474,0.039594,60,36.002264,36.047165,35.959091,0.025721,60,38.041954,38.121048,37.974045,0.040121,60,998.800000,998.800000,998.800000,0.000000,60,998.800000,998.800000,998.800000,0.000000,60,21.223333,21.600000,20.800000,0.213420,60,186.428242,186.689392,186.117950,0.196897,60,894.961103,896.038452,893.930359,0.580096,60,931.873407,932.763245,930.928589,0.450466,60,10.176058,10.185775,10.165740,0.004919,60,1.970546,1.973307,1.967267,0.002081,60,9.567134,9.578650,9.556115,0.006201,60,0.656243,0.802821,0.538377,0.055011,60,-179.034507,-178.920685,-179.181641,0.059257,60,0.018233,0.105248,-0.041009,0.035003,60,6.944986,7.084402,6.840355,0.055118,60,179.514406,179.689133,179.363037,0.064566,60,-0.182919,-0.090211,-0.274787,0.043881,60,0.000000,21.050000,27.000000,16.000000,2.513860,60,1373.766667,1603.000000,1197.000000,104.268780,60,2.105000,2.700000,1.600000,0.251386,60,137.344294,10.331747,60,60,60,60,60,60,60,60,60,60,60,60,60,60,60,60,60,60,60,60,60,60,60,60,60,60,60,60,60,60,13.4950,13.57,13.43,23.31,25,22,39.00,6865768
2026-10-03 13:27:00,23.839450,23.904783,23.773556,0.029528,60,15.169477,15.268177,15.051499,0.031099,60,19.900994,19.981689,19.848936,0.027512,60,46.758333,48.200000,46.000000,0.655948,60,39.042591,39.136719,38.965820,0.040421,60,36.789593,36.845581,36.746773,0.026132,60,38.725221,38.792252,38.666740,0.034734,60,34.271667,34.300000,34.200000,0.045442,60,38.196313,38.276016,38.129654,0.042064,60,35.924048,35.964218,35.898148,0.019281,60,37.928401,37.979630,37.889206,0.027176,60,998.790000,998.800000,998.700000,0.030253,60,998.790000,998.800000,998.700000,0.030253,60,21.253333,21.800000,21.000000,0.250062,60,186.265449,186.580338,186.055771,0.134386,60,893.605074,894.945679,891.816345,0.736204,60,931.210091,932.501465,929.787292,0.759113,60,10.168814,10.182916,10.153277,0.008289,60,1.968826,1.972154,1.966609,0.001420,60,9.552638,9.566969,9.533517,0.007870,60,0.684145,0.802821,0.497819,0.055936,60,-179.026602,-178.898849,-179.179916,0.058362,60,0.023782,0.131890,-0.080432,0.046310,60,6.950282,7.088309,6.840355,0.059574,60,179.512616,179.661804,179.295166,0.065368,60,-0.167360,-0.050932,-0.301086,0.052637,60,0.000000,18.650000,24.000000,15.000000,1.902942,60,1520.533333,1674.000000,1250.000000,127.412511,60,1.865000,2.400000,1.500000,0.190294,60,152.117338,12.627784,60,60,60,60,60,60,60,60,60,60,60,60,60,60,60,60,60,60,60,60,60,60,60,60,60,60,60,60,60,60,13.4912,13.57,13.43,23.36,25,22,39.02,6865801
2026-10-03 13:28:00,23.874520,23.929197,23.810177,0.028143,60,15.179700,15.234608,15.115587,0.025486,60,19.916864,19.977112,19.844358,0.026254,60,47.265000,49.400000,46.000000,1.038549,60,38.915663,38.981842,38.850998,0.031699,60,36.722295,36.760132,36.690697,0.020056,60,38.624594,38.680092,38.567940,0.026389,60,34.298333,34.300000,34.200000,0.012910,60,38.123592,38.148453,38.104507,0.008928,60,35.888573,35.905167,35.871323,0.009066,60,37.880032,37.900345,37.860703,0.009103,60,998.756667,998.800000,998.700000,0.049972,60,998.756667,998.800000,998.700000,0.049972,60,21.440000,22.100000,21.000000,0.365550,60,186.761208,187.157928,186.427582,0.267016,60,896.436624,898.216614,894.687378,1.150486,60,933.719237,935.467346,931.953430,1.010903,60,10.196214,10.215303,10.176931,0.011039,60,1.974066,1.978259,1.970539,0.002822,60,9.582907,9.601935,9.564208,0.012299,60,0.669082,0.803104,0.590035,0.051369,60,-179.036157,-178.951263,-179.208771,0.055346,60,0.022020,0.092123,-0.054049,0.034373,60,6.963059,7.078546,6.849613,0.052882,60,179.490568,179.594421,179.362152,0.050678,60,-0.171111,-0.050932,-0.300804,0.052312,60,0.000000,13.683333,20.000000,5.000000,3.050377,60,1399.433333,1675.000000,920.000000,199.872533,60,1.368333,2.000000,0.500000,0.305038,60,140.204554,19.822363,60,60,60,60,60,60,60,60,60,60,60,60,60,60,60,60,60,60,60,60,60,60,60,60,60,60,60,60,60,60,13.4897,13.55,13.42,23.33,26,21,39.02,6865835
2026-10-03 13:29:00,23.891483,23.938354,23.833067,0.022870,60,15.188322,15.248341,15.115587,0.032151,60,19.930749,19.990845,19.855040,0.028568,60,49.525000,52.300000,46.700000,1.496394,60,38.824740,38.864349,38.781570,0.022951,60,36.682330,36.717400,36.647972,0.014245,60,38.560552,38.624016,38.525215,0.020890,60,34.456667,34.600000,34.300000,0.090884,60,38.126941,38.150070,38.105453,0.009607,60,35.889092,35.906540,35.866684,0.010277,60,37.877193,37.900406,37.856003,0.010428,60,998.703333,998.800000,998.700000,0.018102,60,998.703333,998.800000,998.700000,0.018102,60,22.433333,23.400000,21.600000,0.538884,60,185.905560,187.030334,184.918823,0.670747,60,892.644581,897.252319,888.584961,2.580097,60,930.133694,934.750671,926.065002,2.663586,60,10.157060,10.207478,10.112630,0.029086,60,1.965022,1.976911,1.954592,0.007090,60,9.542370,9.591627,9.498973,0.027581,60,0.686441,0.818456,0.604094,0.047259,60,-179.026370,-178.884186,-179.182220,0.069294,60,0.036380,0.131897,-0.040678,0.035698,60,6.970498,7.051125,6.862926,0.047417,60,179.507530,179.621521,179.375458,0.060232,60,-0.153097,0.015440,-0.235543,0.054431,60,0.000000,12.716667,23.000000,2.000000,4.981633,60,1233.683333,1814.000000,695.000000,237.148490,60,1.271667,2.300000,0.200000,0.498163,60,123.038730,23.478268,60,60,60,60,60,60,60,60,60,60,60,60,60,60,60,60,60,60,60,60,60,60,60,60,60,60,60,60,60,60,13.4836,13.57,13.42,23.34,25,21,39.05,6865871
2026-10-03 13:30:00,23.905165,23.952087,23.831541,0.028020,60,15.197859,15.263599,15.147631,0.027037,60,19.935861,20.006104,19.868773,0.031092,60,45.376667,47.200000,44.500000,0.604606,60,38.782372,38.821625,38.752197,0.016107,60,36.663682,36.704048,36.634621,0.012419,60,38.527885,38.554588,38.498512,0.012867,60,34.650000,34.800000,34.600000,0.056748,60,38.146178,38.174637,38.124557,0.011772,60,35.912093,35.928909,35.895401,0.007787,60,37.900772,37.928665,37.876938,0.014467,60,998.700000,998.700000,998.700000,0.000038,60,998.700000,998.700000,998.700000,0.000038,60,21.141667,22.000000,20.800000,0.249943,60,183.991267,184.911270,183.498123,0.440170,60,882.819911,888.336365,879.281189,2.614308,60,920.150122,925.903137,916.936646,2.685158,60,10.048039,10.110863,10.012948,0.029322,60,1.944788,1.954512,1.939575,0.004653,60,9.437344,9.496315,9.399516,0.027947,60,0.690680,0.845190,0.563329,0.053335,60,-179.040936,-178.879669,-179.168961,0.059801,60,0.020011,0.131909,-0.053948,0.042474,60,6.979817,7.078546,6.885250,0.042019,60,179.515657,179.621094,179.374741,0.059293,60,-0.168249,-0.064244,-0.300899,0.049997,60,0.000000,8.583333,12.000000,1.000000,2.883569,60,1321.500000,3217.000000,304.000000,404.290653,60,0.858333,1.200000,0.100000,0.288357,60,131.393530,34.198031,60,60,60,60,60,60,60,60,60,60,60,60,60,60,60,60,60,60,60,60,60,60,60,60,60,60,60,60,60,60,13.4910,13.57,13.43,23.40,25,22,39.08,6865905
2026-10-03 13:31:00,23.919025,24.002441,23.860533,0.027186,60,15.200809,15.266651,15.130846,0.034693,60,19.943593,20.006104,19.887083,0.027106,60,47.990000,50.500000,45.700000,1.167744,60,38.784819,38.821625,38.752197,0.016557,60,36.664350,36.690697,36.634621,0.012345,60,38.543729,38.581291,38.498512,0.019078,60,34.850000,34.900000,34.800000,0.050422,60,38.232604,38.316208,38.165359,0.039971,60,35.952889,36.006180,35.907364,0.026763,60,37.999387,38.076553,37.931564,0.041715,60,998.700000,998.700000,998.700000,0.000038,60,998.700000,998.700000,998.700000,0.000038,60,22.270000,23.300000,21.500000,0.446569,60,182.718220,183.501770,182.278870,0.375529,60,878.468652,879.094360,877.576660,0.379150,60,915.887310,916.809753,915.136108,0.392525,60,10.001490,10.011562,9.993286,0.004286,60,1.931332,1.939614,1.926688,0.003969,60,9.390830,9.397518,9.381294,0.004053,60,0.692820,0.855596,0.591196,0.056723,60,-179.046017,-178.950027,-179.208038,0.058828,60,0.026070,0.131859,-0.106778,0.039970,60,6.986098,7.108514,6.873811,0.048960,60,179.503948,179.661652,179.375885,0.060882,60,-0.171643,-0.063794,-0.261581,0.046145,60,0.000000,2.933333,7.000000,0.000000,1.764688,60,905.183333,3447.000000,20.000000,680.372742,60,0.293333,0.700000,0.000000,0.176469,60,72.219344,42.464909,60,60,60,60,60,60,60,60,60,60,60,60,60,60,60,60,60,60,60,60,60,60,60,60,60,60,60,60,60,60,13.4940,13.58,13.43,23.29,25,22,39.17,6865938
2026-10-03 13:32:00,23.908242,23.988708,23.836119,0.029327,60,15.200249,15.249866,15.130846,0.029070,60,19.936421,20.006104,19.858091,0.028450,60,44.800000,45.600000,43.500000,0.565985,60,38.832706,38.880371,38.794922,0.025762,60,36.701778,36.746773,36.647972,0.022232,60,38.604612,38.666740,38.538567,0.027597,60,35.056667,35.100000,34.900000,0.053256,60,38.374829,38.450211,38.306259,0.041076,60,36.062730,36.128281,36.002762,0.035620,60,38.149918,38.221603,38.073471,0.042745,60,998.700000,998.700000,998.700000,0.000038,60,998.700000,998.700000,998.700000,0.000038,60,21.325000,21.600000,21.000000,0.180981,60,182.624399,183.546371,182.301514,0.313458,60,879.399187,882.211426,877.566406,1.148671,60,916.884025,919.582397,915.350098,1.139882,60,10.012374,10.041840,9.995623,0.012448,60,1.930340,1.940085,1.926927,0.003313,60,9.400777,9.430840,9.381185,0.012279,60,0.696990,0.844310,0.591893,0.059382,60,-179.030980,-178.922226,-179.140488,0.055926,60,0.026666,0.131878,-0.053797,0.040936,60,6.992912,7.103978,6.873811,0.056935,60,179.501916,179.661072,179.376465,0.062359,60,-0.166508,-0.050619,-0.274737,0.049712,60,0.000000,5.066667,12.000000,1.000000,2.496551,60,2178.216667,3595.000000,7.000000,1578.665979,60,0.506667,1.200000,0.100000,0.249655,60,354.986539,24.761009,60,60,60,60,60,60,60,60,60,60,60,60,60,60,60,60,60,60,60,60,60,60,60,60,60,60,60,60,60,60,13.4873,13.57,13.42,23.41,26,22,39.17,6865972
2026-10-03 13:33:00,23.880827,23.961243,23.823912,0.026055,60,15.190534,15.254444,15.117113,0.030023,60,19.922153,19.981689,19.830626,0.029163,60,44.168333,46.100000,43.200000,0.818741,60,38.915174,38.965820,38.864349,0.026856,60,36.764045,36.816208,36.717400,0.021660,60,38.692998,38.749519,38.637367,0.028693,60,35.160000,35.200000,35.100000,0.049403,60,38.477206,38.522415,38.444138,0.024156,60,36.167776,36.219925,36.118118,0.027739,60,38.270863,38.319412,38.213333,0.029794,60,998.700000,998.700000,998.700000,0.000038,60,998.700000,998.700000,998.700000,0.000038,60,21.158333,21.800000,20.800000,0.295326,60,184.298405,184.734985,183.593704,0.291336,60,885.077199,886.346619,882.342163,0.938730,60,923.027836,924.719177,919.805908,1.059691,60,10.079464,10.097934,10.044280,0.011572,60,1.948034,1.952649,1.940585,0.003079,60,9.461475,9.475045,9.432238,0.010035,60,0.686453,0.844310,0.536622,0.062130,60,-179.017931,-178.882599,-179.113388,0.052746,60,0.022488,0.131865,-0.054201,0.044000,60,6.978907,7.084402,6.879526,0.048837,60,179.498920,179.647690,179.322311,0.066222,60,-0.174664,-0.063794,-0.274787,0.047121,60,0.000000,6.033333,13.000000,1.000000,2.985653,60,1777.700000,3585.000000,28.000000,1589.696297,60,0.603333,1.300000,0.100000,0.298565,60,354.456161,32.565016,60,60,60,60,60,60,60,60,60,60,60,60,60,60,60,60,60,60,60,60,60,60,60,60,60,60,60,60,60,60,13.4918,13.57,13.41,23.42,26,22,39.24,6866006
2026-10-03 13:34:00,23.867425,23.932249,23.794918,0.026824,60,15.182701,15.271229,15.120165,0.028790,60,19.896315,19.949646,19.818419,0.027278,60,43.868333,45.900000,43.000000,0.920665,60,38.991589,39.037918,38.939117,0.026000,60,36.836413,36.885635,36.789505,0.024207,60,38.780634,38.834976,38.722816,0.028652,60,35.175000,35.200000,35.100000,0.043667,60,38.565237,38.602463,38.518570,0.024828,60,36.253135,36.288925,36.204941,0.022409,60,38.364869,38.407089,38.318741,0.026357,60,998.685000,998.700000,998.600000,0.036008,60,998.685000,998.700000,998.600000,0.036008,60,21.031667,21.800000,20.700000,0.335216,60,185.279285,185.783646,184.558670,0.383780,60,887.560423,888.855896,885.804871,0.951296,60,925.634799,927.440247,923.894653,1.170689,60,10.107932,10.127647,10.088930,0.012784,60,1.958402,1.963733,1.950785,0.004057,60,9.488021,9.501869,9.469254,0.010169,60,0.681457,0.816449,0.562653,0.055765,60,-179.018482,-178.920181,-179.116089,0.054105,60,0.028244,0.092154,-0.080149,0.037861,60,6.964731,7.060871,6.825204,0.057088,60,179.509857,179.648453,179.362305,0.068281,60,-0.179950,-0.024946,-0.261665,0.048529,60,0.000000,10.183333,16.000000,3.000000,3.265078,60,3350.666667,3582.000000,3217.000000,74.776428,60,1.018333,1.600000,0.300000,0.326508,60,335.049184,7.403967,60,60,60,60,60,60,60,60,60,60,60,60,60,60,60,60,60,60,60,60,60,60,60,60,60,60,60,60,60,60,13.4923,13.58,13.42,23.42,25,22,39.36,6866040
2026-10-03 13:35:00,23.837797,23.909361,23.787289,0.026966,60,15.181455,15.240711,15.121691,0.031370,60,19.882861,19.940491,19.821470,0.030217,60,44.753333,46.000000,44.000000,0.567022,60,39.054874,39.093994,39.021896,0.018662,60,36.903927,36.957733,36.858932,0.021737,60,38.859454,38.907074,38.805603,0.027475,60,35.100000,35.100000,35.100000,0.000002,60,38.598813,38.614853,38.574295,0.007914,60,36.311126,36.345413,36.276505,0.016571,60,38.427147,38.453934,38.395523,0.016067,60,998.656667,998.700000,998.600000,0.049972,60,998.656667,998.700000,998.600000,0.049972,60,21.358333,21.800000,21.100000,0.220394,60,185.833633,186.029922,185.511749,0.129975,60,888.128715,888.935486,886.773438,0.625817,60,926.949981,927.964172,925.784302,0.550499,60,10.122294,10.133369,10.109565,0.006011,60,1.964261,1.966336,1.960859,0.001374,60,9.494096,9.502720,9.479608,0.006690,60,0.697181,0.816449,0.565588,0.054183,60,-179.007321,-178.895462,-179.139069,0.056425,60,0.007476,0.105273,-0.080319,0.041402,60,6.962193,7.058920,6.849613,0.051717,60,179.504958,179.594238,179.362595,0.055239,60,-0.196384,-0.090967,-0.314252,0.050236,60,0.000000,10.400000,14.000000,6.000000,1.738887,60,3077.000000,3475.000000,2453.000000,258.944402,60,1.040000,1.400000,0.600000,0.173889,60,308.234346,25.697659,60,60,60,60,60,60,60,60,60,60,60,60,60,60,60,60,60,60,60,60,60,60,60,60,60,60,60,60,60,60,13.4880,13.55,13.42,23.31,25,21,39.42,6866074
2026-10-03 13:36:00,23.839679,23.927671,23.739986,0.031994,60,15.173699,15.240711,15.107958,0.029360,60,19.876224,19.926756,19.807735,0.028439,60,45.556667,48.600000,43.800000,1.568262,60,39.089277,39.120697,39.051270,0.016412,60,36.965477,37.013809,36.915009,0.021349,60,38.923407,38.976501,38.877701,0.020289,60,35.210000,35.300000,35.100000,0.054306,60,38.589077,38.622971,38.562241,0.013848,60,36.362418,36.395767,36.335922,0.014430,60,38.462085,38.491959,38.429245,0.016483,60,998.610000,998.700000,998.600000,0.030253,60,998.610000,998.700000,998.600000,0.030253,60,21.755000,23.000000,21.000000,0.631497,60,184.394433,185.737000,182.277710,1.204656,60,880.860117,888.975098,871.360535,5.709587,60,919.438567,928.099854,909.376892,6.251046,60,10.040269,10.134851,9.930395,0.068261,60,1.949049,1.963240,1.926675,0.012733,60,9.416394,9.503143,9.314844,0.061035,60,0.686695,0.840510,0.563780,0.048807,60,-179.010171,-178.843063,-179.180679,0.055192,60,0.024030,0.105273,-0.053797,0.035820,60,6.961728,7.062223,6.868645,0.049633,60,179.499016,179.620926,179.377045,0.054691,60,-0.186942,-0.063794,-0.340470,0.053775,60,0.000000,11.216667,17.000000,4.000000,2.731435,60,1858.400000,3026.000000,1199.000000,613.680953,60,1.121667,1.700000,0.400000,0.273143,60,173.191499,63.048350,60,60,60,60,60,60,60,60,60,60,60,60,60,60,60,60,60,60,60,60,60,60,60,60,60,60,60,60,60,60,13.4924,13.57,13.42,23.40,25,22,39.55,6866107
2026-10-03 13:37:00,23.833423,23.883421,23.772030,0.027497,60,15.167035,15.245289,15.094225,0.033278,60,19.868238,19.928282,19.809261,0.026345,60,43.415000,44.700000,42.200000,0.636416,60,39.119451,39.150070,39.093994,0.014621,60,37.017103,37.056534,36.971085,0.017715,60,38.968268,39.005875,38.936447,0.016024,60,35.266667,35.300000,35.200000,0.047538,60,38.604048,38.623154,38.589951,0.006743,60,36.402472,36.428024,36.383530,0.009702,60,38.474398,38.489792,38.456345,0.006255,60,998.600000,998.600000,998.600000,0.000053,60,998.600000,998.600000,998.600000,0.000053,60,21.050000,21.500000,20.500000,0.245985,60,181.506377,182.262177,180.746567,0.540836,60,866.428416,870.999146,862.375916,3.104544,60,904.049685,908.753479,899.625305,3.320194,60,9.872223,9.923588,9.823908,0.036257,60,1.918522,1.926511,1.910491,0.005717,60,9.262119,9.310981,9.218798,0.033188,60,0.685460,0.818456,0.564457,0.053384,60,-179.019887,-178.881805,-179.165833,0.060248,60,0.027766,0.158381,-0.053797,0.043245,60,6.956099,7.090265,6.840354,0.055785,60,179.519692,179.661575,179.375320,0.059789,60,-0.183182,-0.063869,-0.274587,0.037891,60,0.000000,14.483333,19.000000,10.000000,2.119255,60,1477.083333,1699.000000,1050.000000,143.815948,60,1.448333,1.900000,1.000000,0.211926,60,147.802448,14.223363,60,60,60,60,60,60,60,60,60,60,60,60,60,60,60,60,60,60,60,60,60,60,60,60,60,60,60,60,60,60,13.4933,13.58,13.42,23.32,25,21,39.62,6866141
2026-10-03 13:38:00,23.823504,23.883421,23.758297,0.024418,60,15.160550,15.213244,15.112535,0.022394,60,19.864119,19.946594,19.809261,0.027976,60,44.593333,47.200000,42.900000,1.645010,60,39.140769,39.163422,39.120697,0.011587,60,37.057379,37.085907,37.013809,0.018101,60,38.994214,39.032578,38.976501,0.012811,60,35.295000,35.400000,35.200000,0.074618,60,38.599541,38.622757,38.578079,0.009610,60,36.408356,36.428574,36.388382,0.007618,60,38.456878,38.476089,38.440994,0.008370,60,998.600000,998.600000,998.600000,0.000053,60,998.600000,998.600000,998.600000,0.000053,60,21.471667,22.500000,20.800000,0.615366,60,180.883413,181.086365,180.713409,0.109498,60,861.519474,862.544617,860.682190,0.559096,60,899.265164,900.499451,898.470337,0.516786,60,9.819976,9.833454,9.811296,0.005643,60,1.911938,1.914083,1.910141,0.001157,60,9.209643,9.220601,9.200692,0.005977,60,0.676338,0.804521,0.537279,0.050635,60,-179.013011,-178.854782,-179.113785,0.061075,60,0.026442,0.105412,-0.054049,0.043166,60,6.957700,7.064174,6.810456,0.059329,60,179.515381,179.688934,179.335724,0.069228,60,-0.182975,-0.064019,-0.274486,0.038929,60,0.000000,12.583333,22.000000,2.000000,4.941322,60,993.566667,1320.000000,601.000000,227.866997,60,1.258333,2.200000,0.200000,0.494132,60,99.443797,22.723721,60,60,60,60,60,60,60,60,60,60,60,60,60,60,60,60,60,60,60,60,60,60,60,60,60,60,60,60,60,60,13.4937,13.57,13.42,23.40,25,22,39.71,6866175
2026-10-03 13:39:00,23.834262,23.886473,23.759823,0.030656,60,15.178403,15.231556,15.112535,0.028572,60,19.875486,19.946594,19.812313,0.029668,60,45.771667,47.600000,44.400000,0.798323,60,39.161864,39.192795,39.120697,0.018684,60,37.092538,37.128632,37.040512,0.018911,60,39.016645,39.061951,38.976501,0.016490,60,35.408333,35.500000,35.400000,0.027872,60,38.656918,38.715591,38.611069,0.028682,60,36.454985,36.510422,36.407578,0.026977,60,38.506690,38.550919,38.468460,0.023826,60,998.600000,998.600000,998.600000,0.000053,60,998.600000,998.600000,998.600000,0.000053,60,21.996667,22.800000,21.500000,0.331901,60,180.883176,181.109238,180.666306,0.128826,60,863.322171,864.782471,862.132690,0.643850,60,901.385039,902.724426,900.079224,0.728912,60,9.843125,9.857751,9.828865,0.007960,60,1.911935,1.914325,1.909643,0.001362,60,9.228914,9.244524,9.216198,0.006883,60,0.669087,0.776968,0.588647,0.044231,60,-179.024333,-178.881805,-179.141083,0.058626,60,0.027993,0.105374,-0.053898,0.043989,60,6.961120,7.052490,6.849613,0.045302,60,179.516581,179.621597,179.402924,0.049244,60,-0.185852,-0.050854,-0.340442,0.057124,60,0.000000,15.050000,22.000000,7.000000,3.688852,60,962.116667,1327.000000,677.000000,137.075643,60,1.505000,2.200000,0.700000,0.368885,60,96.197981,13.558604,60,60,60,60,60,60,60,60,60,60,60,60,60,60,60,60,60,60,60,60,60,60,60,60,60,60,60,60,60,60,13.4791,13.55,13.43,23.49,25,22,39.79,6866209
2026-10-03 13:40:00,23.843417,23.904783,23.764400,0.026997,60,15.180107,15.266651,15.117113,0.035059,60,19.879962,19.932859,19.830626,0.023198,60,46.608333,48.700000,45.100000,0.972554,60,39.217050,39.262230,39.176773,0.023072,60,37.150661,37.198059,37.115280,0.021963,60,39.065511,39.104675,39.019226,0.019627,60,35.581667,35.700000,35.500000,0.081286,60,38.762873,38.814346,38.706680,0.031890,60,36.546647,36.592575,36.495102,0.025447,60,38.589352,38.641495,38.547745,0.026011,60,998.600000,998.600000,998.600000,0.000053,60,998.600000,998.600000,998.600000,0.000053,60,22.443333,23.100000,22.000000,0.329029,60,181.275087,181.539352,180.984848,0.126140,60,863.957759,864.961975,861.871155,0.579088,60,902.298255,902.873779,900.725769,0.420369,60,9.853097,9.859382,9.835926,0.004590,60,1.916078,1.918871,1.913010,0.001333,60,9.235708,9.246444,9.213403,0.006190,60,0.670480,0.803104,0.589341,0.051245,60,-179.035380,-178.924271,-179.139679,0.053214,60,0.036387,0.158381,-0.054049,0.040637,60,6.972551,7.088307,6.840131,0.057040,60,179.510990,179.661804,179.375320,0.058179,60,-0.170890,-0.063493,-0.301086,0.047203,60,0.000000,11.150000,23.000000,0.000000,5.513696,60,995.200000,3334.000000,47.000000,393.624867,60,1.115000,2.300000,0.000000,0.551370,60,95.770524,27.284416,60,60,60,60,60,60,60,60,60,60,60,60,60,60,60,60,60,60,60,60,60,60,60,60,60,60,60,60,60,60,13.4729,13.54,13.41,23.43,25,22,39.91,6866243
2026-10-03 13:41:00,23.834135,23.878843,23.799496,0.019796,60,15.173699,15.236134,15.101854,0.027972,60,19.875257,19.951172,19.800106,0.030129,60,43.131667,44.900000,42.200000,0.753858,60,39.292671,39.350349,39.235519,0.027590,60,37.219600,37.270164,37.171356,0.023839,60,39.127551,39.187454,39.075302,0.024638,60,35.730000,35.800000,35.700000,0.046212,60,38.882349,38.955948,38.822159,0.039345,60,36.642451,36.700516,36.590256,0.031141,60,38.687929,38.753830,38.630814,0.034611,60,998.565000,998.600000,998.500000,0.048099,60,998.565000,998.600000,998.500000,0.048099,60,21.301667,22.000000,20.800000,0.308903,60,181.968776,182.501816,181.387299,0.326358,60,866.421745,869.145020,864.133545,1.361326,60,905.205733,908.371216,902.458130,1.488521,60,9.884847,9.919415,9.854843,0.016255,60,1.923410,1.929044,1.917264,0.003450,60,9.262048,9.291161,9.237587,0.014553,60,0.653339,0.800845,0.523700,0.054384,60,-179.019816,-178.855865,-179.164841,0.053813,60,0.035112,0.131909,-0.080149,0.039355,60,6.968284,7.071979,6.825204,0.053206,60,179.517973,179.688797,179.430130,0.057303,60,-0.169663,-0.063794,-0.314111,0.050762,60,0.000000,5.566667,11.000000,0.000000,2.999247,60,1013.533333,1783.000000,115.000000,463.142306,60,0.556667,1.100000,0.000000,0.299925,60,102.631649,47.339060,60,60,60,60,60,60,60,60,60,60,60,60,60,60,60,60,60,60,60,60,60,60,60,60,60,60,60,60,60,60,13.4662,13.55,13.41,23.43,25,22,39.90,6866276
2026-10-03 13:42:00,23.832863,23.883421,23.787289,0.023221,60,15.181608,15.257496,15.138475,0.028418,60,19.879708,19.972534,19.818419,0.033213,60,45.185000,46.700000,43.900000,1.023259,60,39.390982,39.462502,39.318306,0.032202,60,37.306747,37.352943,37.254143,0.029475,60,39.208016,39.259560,39.160751,0.027353,60,35.843333,36.000000,35.800000,0.056348,60,39.018455,39.087906,38.955978,0.040139,60,36.748993,36.812820,36.688034,0.036216,60,38.794014,38.856583,38.742905,0.031423,60,998.501667,998.600000,998.500000,0.012910,60,998.501667,998.600000,998.500000,0.012910,60,22.190000,22.800000,21.800000,0.351124,60,182.852470,183.300552,182.518967,0.229054,60,870.312328,872.097412,868.589050,0.964361,60,909.336990,911.605591,907.131226,1.000858,60,9.929960,9.954734,9.905873,0.010929,60,1.932751,1.937487,1.929225,0.002421,60,9.303638,9.322721,9.285216,0.010309,60,0.650849,0.750806,0.523269,0.057691,60,-179.032139,-178.893616,-179.167023,0.062265,60,0.049438,0.158381,-0.107030,0.046209,60,6.955341,7.045290,6.866202,0.045648,60,179.514467,179.648071,179.362152,0.064530,60,-0.173116,-0.090004,-0.301142,0.060048,60,0.000000,6.433333,14.000000,0.000000,2.970857,60,793.950000,1652.000000,235.000000,258.038653,60,0.643333,1.400000,0.000000,0.297086,60,78.445615,24.987249,60,60,60,60,60,60,60,60,60,60,60,60,60,60,60,60,60,60,60,60,60,60,60,60,60,60,60,60,60,60,13.4652,13.54,13.39,23.39,25,22,39.95,6866310
2026-10-03 13:43:00,23.815518,23.877317,23.736935,0.028032,60,15.176522,15.243763,15.107958,0.026872,60,19.863712,19.926756,19.790951,0.031370,60,44.896667,46.600000,43.500000,0.835640,60,39.502422,39.574654,39.419777,0.040265,60,37.403323,37.465096,37.339592,0.032226,60,39.297566,39.358360,39.230179,0.031793,60,36.086667,36.200000,36.000000,0.076947,60,39.152523,39.196030,39.086075,0.032716,60,36.872527,36.921066,36.805649,0.033541,60,38.909897,38.953659,38.848434,0.032402,60,998.500000,998.500000,998.500000,0.000000,60,998.500000,998.500000,998.500000,0.000000,60,22.295000,22.800000,22.000000,0.252731,60,182.269082,182.540466,182.080841,0.101041,60,866.419061,868.946838,864.759399,1.136532,60,905.984856,908.474182,904.652771,1.006984,60,9.893355,9.920538,9.878809,0.010996,60,1.926584,1.929453,1.924595,0.001068,60,9.262019,9.289041,9.244277,0.012150,60,0.651277,0.779187,0.524997,0.057262,60,-179.032284,-178.921967,-179.138474,0.046161,60,0.048569,0.105450,-0.014137,0.031366,60,6.968432,7.088309,6.873811,0.052415,60,179.525304,179.688721,179.361404,0.071305,60,-0.176663,-0.064394,-0.300992,0.051250,60,0.000000,8.400000,19.000000,1.000000,5.243883,60,1883.133333,2395.000000,1045.000000,328.794638,60,0.840000,1.900000,0.100000,0.524388,60,189.810539,32.371639,60,60,60,60,60,60,60,60,60,60,60,60,60,60,60,60,60,60,60,60,60,60,60,60,60,60,60,60,60,60,13.4540,13.53,13.36,23.49,25,22,39.98,6866344
2026-10-03 13:44:00,23.793800,23.849852,23.741512,0.023771,60,15.167570,15.248341,15.094225,0.026471,60,19.855014,19.928282,19.777218,0.040283,60,43.610000,45.600000,41.600000,1.067660,60,39.604116,39.660103,39.547951,0.026288,60,37.501901,37.553215,37.438393,0.025132,60,39.383728,39.414436,39.342339,0.019644,60,36.218333,36.300000,36.200000,0.039020,60,39.188172,39.207993,39.161911,0.009466,60,36.943641,36.959702,36.923599,0.008580,60,38.941150,38.967575,38.913132,0.012909,60,998.500000,998.500000,998.500000,0.000000,60,998.500000,998.500000,998.500000,0.000000,60,21.931667,22.600000,21.100000,0.408591,60,182.289196,182.525604,181.697601,0.204882,60,862.409920,865.321655,858.072144,2.236104,60,901.895243,904.584290,897.368530,2.199589,60,9.848696,9.878060,9.799265,0.024019,60,1.926797,1.929296,1.920544,0.002166,60,9.219162,9.250288,9.172791,0.023904,60,0.644109,0.814734,0.484239,0.060598,60,-179.010938,-178.883133,-179.113174,0.060409,60,0.035281,0.131890,-0.080773,0.039944,60,6.947526,7.056380,6.840131,0.052384,60,179.527226,179.702057,179.361862,0.066194,60,-0.186067,0.001262,-0.314236,0.061120,60,0.000000,13.333333,24.000000,6.000000,4.627357,60,2068.016667,2246.000000,1686.000000,113.773115,60,1.333333,2.400000,0.600000,0.462736,60,206.867983,11.232875,60,60,60,60,60,60,60,60,60,60,60,60,60,60,60,60,60,60,60,60,60,60,60,60,60,60,60,60,60,60,13.4496,13.54,13.37,23.51,25,22,40.00,6866378
2026-10-03 13:45:00,23.780575,23.837645,23.712521,0.028978,60,15.166527,15.231556,15.115587,0.025764,60,19.847461,19.903868,19.768063,0.029941,60,43.626667,44.800000,42.400000,0.727165,60,39.676570,39.729530,39.617378,0.024524,60,37.570750,37.609291,37.523842,0.020942,60,39.439448,39.486534,39.401085,0.020025,60,36.300000,36.300000,36.300000,0.000002,60,39.205040,39.228561,39.179581,0.011950,60,36.971610,36.995499,36.943893,0.013392,60,38.960599,38.978897,38.941605,0.008588,60,998.486667,998.500000,998.400000,0.034280,60,998.486667,998.500000,998.400000,0.034280,60,22.020000,22.600000,21.500000,0.356917,60,181.075571,181.671066,180.616928,0.262776,60,855.850839,858.181702,853.982849,1.171828,60,895.551233,897.518860,893.894897,0.963241,60,9.779420,9.800906,9.761332,0.010519,60,1.913969,1.920263,1.909121,0.002778,60,9.149045,9.173962,9.129076,0.012527,60,0.642664,0.802256,0.483620,0.064982,60,-179.018745,-178.894928,-179.166428,0.057681,60,0.042348,0.158381,-0.079979,0.043713,60,6.952060,7.094829,6.836562,0.047928,60,179.528948,179.661652,179.403763,0.064068,60,-0.198308,-0.090418,-0.314283,0.053548,60,0.000000,14.350000,20.000000,7.000000,3.353849,60,2204.350000,2469.000000,1749.000000,115.070034,60,1.435000,2.000000,0.700000,0.335385,60,220.485472,11.330776,60,60,60,60,60,60,60,60,60,60,60,60,60,60,60,60,60,60,60,60,60,60,60,60,60,60,60,60,60,60,13.4488,13.52,13.38,23.65,26,22,40.00,6866412
2026-10-03 13:46:00,23.765062,23.837645,23.700314,0.028159,60,15.162788,15.234608,15.098803,0.026934,60,19.851352,19.903868,19.784847,0.025470,60,43.241667,44.700000,42.800000,0.475962,60,39.701581,39.729530,39.673454,0.012167,60,37.616056,37.652016,37.579918,0.016048,60,39.464326,39.486534,39.443810,0.011733,60,36.078333,36.300000,35.900000,0.095831,60,39.122777,39.187424,39.043686,0.043986,60,36.960574,36.986404,36.934769,0.011824,60,38.910302,38.951096,38.853928,0.029922,60,998.418333,998.500000,998.400000,0.039020,60,998.418333,998.500000,998.400000,0.039020,60,21.631667,22.000000,21.500000,0.135911,60,181.721098,182.512787,181.277298,0.336095,60,855.126081,857.049622,853.505981,0.959241,60,895.239967,897.629028,893.257874,1.306140,60,9.776020,9.802110,9.754376,0.014263,60,1.920792,1.929160,1.916101,0.003553,60,9.141297,9.161860,9.123979,0.010254,60,0.650482,0.778354,0.522622,0.060750,60,-179.007698,-178.882065,-179.139481,0.058351,60,0.020906,0.105374,-0.053948,0.038384,60,6.943748,7.098734,6.829395,0.056896,60,179.519844,179.689133,179.375748,0.066890,60,-0.193045,-0.090349,-0.300861,0.044482,60,0.000000,14.333333,24.000000,1.000000,5.245391,60,2602.433333,3515.000000,36.000000,549.273337,60,1.433333,2.400000,0.100000,0.524539,60,271.534671,38.029259,60,60,60,60,60,60,60,60,60,60,60,60,60,60,60,60,60,60,60,60,60,60,60,60,60,60,60,60,60,60,13.4424,13.50,13.38,23.58,25,22,40.00,6866445
2026-10-03 13:47:00,23.776455,23.837645,23.712521,0.029535,60,15.159177,15.217822,15.098803,0.025754,60,19.847461,19.917601,19.798580,0.026737,60,44.941667,49.100000,42.600000,2.265608,60,39.650534,39.702827,39.604027,0.024672,60,37.625268,37.652016,37.595940,0.013012,60,39.445545,39.486534,39.414436,0.017044,60,35.771667,35.900000,35.700000,0.073857,60,38.970801,39.045670,38.904434,0.042536,60,36.918564,36.956894,36.888687,0.016362,60,38.827859,38.867996,38.784256,0.020280,60,998.400000,998.400000,998.400000,0.000000,60,998.400000,998.400000,998.400000,0.000000,60,21.975000,23.400000,21.100000,0.789255,60,182.286519,182.735504,181.532944,0.324594,60,855.384102,857.397766,852.307434,1.547569,60,896.211566,898.227539,892.617676,1.513608,60,9.786630,9.808644,9.747385,0.016529,60,1.926768,1.931514,1.918803,0.003431,60,9.144056,9.165582,9.111166,0.016543,60,0.659473,0.804521,0.536622,0.054408,60,-178.998863,-178.855331,-179.139481,0.059182,60,0.022673,0.158381,-0.107030,0.048020,60,6.948950,7.084402,6.838237,0.053022,60,179.521920,179.648224,179.362885,0.060073,60,-0.203365,-0.090555,-0.366844,0.050993,60,0.000000,16.300000,21.000000,11.000000,2.395617,60,2674.416667,2909.000000,2392.000000,105.023370,60,1.630000,2.100000,1.100000,0.239562,60,267.463126,10.387457,60,60,60,60,60,60,60,60,60,60,60,60,60,60,60,60,60,60,60,60,60,60,60,60,60,60,60,60,60,60,13.4466,13.50,13.37,23.62,25,22,40.00,6866479
2026-10-03 13:48:00,23.809796,23.849852,23.739986,0.024774,60,15.169044,15.220875,15.097277,0.027062,60,19.865416,19.917601,19.781796,0.028811,60,47.403333,48.900000,45.900000,0.822762,60,39.572918,39.630730,39.518578,0.027619,60,37.623043,37.652016,37.595940,0.013939,60,39.409852,39.443810,39.358360,0.016896,60,35.700000,35.700000,35.700000,0.000000,60,38.877216,38.907700,38.836594,0.020799,60,36.894288,36.912643,36.875595,0.007630,60,38.794804,38.809830,38.778885,0.006801,60,998.400000,998.400000,998.400000,0.000000,60,998.400000,998.400000,998.400000,0.000000,60,22.823333,23.300000,22.300000,0.278231,60,180.287411,181.507339,179.543564,0.629843,60,847.581798,852.349976,844.595703,2.280828,60,888.187606,893.379211,885.408264,2.247025,60,9.699009,9.755701,9.668658,0.024538,60,1.905638,1.918532,1.897775,0.006657,60,9.060649,9.111621,9.028728,0.024382,60,0.654625,0.777522,0.539037,0.051701,60,-179.015225,-178.895721,-179.166824,0.057361,60,0.019357,0.105336,-0.053646,0.038660,60,6.944665,7.074647,6.864831,0.048649,60,179.509126,179.648315,179.334961,0.057275,60,-0.200276,-0.090418,-0.366804,0.049756,60,0.000000,12.100000,22.000000,2.000000,3.847517,60,2723.816667,3255.000000,1592.000000,232.148659,60,1.210000,2.200000,0.200000,0.384752,60,273.128957,21.691491,60,60,60,60,60,60,60,60,60,60,60,60,60,60,60,60,60,60,60,60,60,60,60,60,60,60,60,60,60,60,13.4538,13.53,13.38,23.56,25,22,40.00,6866513
2026-10-03 13:49:00,23.841637,23.906309,23.767452,0.027751,60,15.188118,15.271229,15.135424,0.025500,60,19.884158,19.931334,19.830626,0.024161,60,46.471667,48.300000,44.400000,1.342158,60,39.504069,39.547951,39.462502,0.017986,60,37.625224,37.652016,37.595940,0.013607,60,39.388357,39.414436,39.358360,0.011226,60,35.765000,35.800000,35.700000,0.048099,60,38.821865,38.848099,38.790787,0.015571,60,36.921607,36.947586,36.896225,0.013491,60,38.786787,38.805954,38.769333,0.010576,60,998.400000,998.400000,998.400000,0.000000,60,998.400000,998.400000,998.400000,0.000000,60,22.556667,23.100000,22.000000,0.410195,60,179.734677,180.053940,179.322433,0.208771,60,846.478883,847.811951,844.859131,0.732213,60,886.658094,887.962952,884.926147,0.699478,60,9.682306,9.696556,9.663394,0.007638,60,1.899795,1.903170,1.895438,0.002207,60,9.048859,9.063109,9.031544,0.007827,60,0.664605,0.814734,0.565814,0.054366,60,-179.012914,-178.842255,-179.113998,0.057945,60,0.022885,0.105412,-0.080489,0.044106,60,6.946919,7.073933,6.851754,0.051041,60,179.523016,179.648224,179.403610,0.056723,60,-0.195641,-0.050619,-0.340498,0.056195,60,0.000000,13.816667,22.000000,2.000000,5.791553,60,2007.200000,2443.000000,1154.000000,221.032232,60,1.381667,2.200000,0.200000,0.579155,60,201.546505,21.126256,60,60,60,60,60,60,60,60,60,60,60,60,60,60,60,60,60,60,60,60,60,60,60,60,60,60,60,60,60,60,13.4537,13.54,13.38,23.49,25,22,40.01,6866547
2026-10-03 13:50:00,23.865950,23.918516,23.810177,0.024560,60,15.195468,15.271229,15.117113,0.032636,60,19.893568,19.964905,19.845884,0.027206,60,46.921667,48.300000,44.500000,1.047045,60,39.459920,39.491875,39.419777,0.017347,60,37.643159,37.665367,37.609291,0.012530,60,39.365214,39.387733,39.342339,0.014286,60,35.833333,35.900000,35.800000,0.047538,60,38.800234,38.815872,38.760178,0.011412,60,36.945107,36.960892,36.929123,0.007436,60,38.765123,38.783401,38.735031,0.010054,60,998.400000,998.400000,998.400000,0.000000,60,998.400000,998.400000,998.400000,0.000000,60,22.813333,23.300000,22.000000,0.369822,60,179.898666,180.216751,179.470612,0.210765,60,844.267002,846.716614,842.834778,1.109605,60,884.235723,886.339905,882.457092,0.917007,60,9.655854,9.678832,9.636432,0.010014,60,1.901529,1.904891,1.897004,0.002228,60,9.025214,9.051400,9.009903,0.011862,60,0.665914,0.802821,0.563329,0.050134,60,-179.023104,-178.897552,-179.167786,0.056823,60,0.024455,0.105349,-0.053948,0.042413,60,6.970556,7.068806,6.819916,0.054457,60,179.524225,179.648834,179.362595,0.061661,60,-0.191740,-0.063794,-0.274812,0.052632,60,0.000000,15.750000,25.000000,4.000000,4.887289,60,2423.383333,3265.000000,137.000000,602.435680,60,1.575000,2.500000,0.400000,0.488729,60,256.363467,49.509679,60,60,60,60,60,60,60,60,60,60,60,60,60,60,60,60,60,60,60,60,60,60,60,60,60,60,60,60,60,60,13.4490,13.55,13.37,23.58,25,22,40.01,6866580
2026-10-03 13:51:00,23.863305,23.913939,23.805599,0.024065,60,15.193408,15.271229,15.135424,0.027496,60,19.899519,19.981689,19.844358,0.027669,60,45.236667,48.800000,44.100000,1.344791,60,39.401797,39.449150,39.350349,0.023893,60,37.652950,37.678719,37.622643,0.012686,60,39.337977,39.387733,39.299614,0.019622,60,35.750000,35.800000,35.600000,0.056748,60,38.688568,38.766647,38.585007,0.057088,60,36.931964,36.959061,36.901352,0.015514,60,38.706735,38.756912,38.644424,0.032965,60,998.328333,998.400000,998.300000,0.045442,60,998.328333,998.400000,998.300000,0.045442,60,22.091667,23.400000,21.600000,0.539709,60,180.783282,181.533188,179.987854,0.566451,60,845.119573,846.736084,843.041199,1.162830,60,885.982466,887.791870,883.793274,1.338034,60,9.674929,9.694688,9.651023,0.014611,60,1.910879,1.918806,1.902472,0.005987,60,9.034328,9.051608,9.012111,0.012431,60,0.652717,0.846071,0.498869,0.064955,60,-179.010548,-178.894928,-179.168381,0.060972,60,0.020269,0.158381,-0.106967,0.044775,60,6.974938,7.159424,6.840131,0.062007,60,179.512437,179.689255,179.362595,0.070123,60,-0.191983,-0.051322,-0.314173,0.056355,60,0.000000,21.766667,31.000000,14.000000,3.783849,60,2495.900000,2883.000000,2294.000000,133.291537,60,2.176667,3.100000,1.400000,0.378385,60,249.466183,13.165099,60,60,60,60,60,60,60,60,60,60,60,60,60,60,60,60,60,60,60,60,60,60,60,60,60,60,60,60,60,60,13.4489,13.53,13.38,23.49,25,22,40.09,6866614
2026-10-03 13:52:00,23.875359,23.927671,23.817808,0.026717,60,15.189568,15.254444,15.098803,0.036334,60,19.893161,19.960327,19.822996,0.026968,60,44.933333,46.400000,44.000000,0.684865,60,39.305710,39.363701,39.235519,0.033128,60,37.637774,37.665367,37.609291,0.016575,60,39.281945,39.315636,39.230179,0.024809,60,35.555000,35.600000,35.500000,0.050169,60,38.522943,38.591965,38.463058,0.036180,60,36.870937,36.909622,36.828873,0.021746,60,38.592693,38.643417,38.555618,0.027599,60,998.300000,998.300000,998.300000,0.000000,60,998.300000,998.300000,998.300000,0.000000,60,21.835000,22.300000,21.500000,0.280934,60,181.221655,181.331970,181.087738,0.060508,60,843.973662,845.246582,843.022949,0.485277,60,884.609962,885.830994,883.540161,0.514181,60,9.659941,9.673274,9.648259,0.005615,60,1.915513,1.916679,1.914097,0.000640,60,9.022078,9.035686,9.011915,0.005188,60,0.672745,0.803104,0.562878,0.051975,60,-179.009266,-178.879929,-179.112335,0.056233,60,0.012498,0.092091,-0.080035,0.042354,60,6.967538,7.100687,6.849613,0.054639,60,179.508758,179.621338,179.362595,0.058604,60,-0.185120,-0.050619,-0.314111,0.055967,60,0.000000,16.850000,24.000000,6.000000,3.939479,60,2357.916667,2583.000000,1927.000000,162.580180,60,1.685000,2.400000,0.600000,0.393948,60,236.058899,16.042474,60,60,60,60,60,60,60,60,60,60,60,60,60,60,60,60,60,60,60,60,60,60,60,60,60,60,60,60,60,60,13.4498,13.54,13.38,23.47,25,22,40.10,6866648
2026-10-03 13:53:00,23.903868,23.950562,23.840696,0.027060,60,15.203199,15.268177,15.117113,0.027772,60,19.926553,20.006104,19.839781,0.026481,60,45.015000,47.600000,43.300000,1.298607,60,39.203432,39.262230,39.150070,0.029005,60,37.610137,37.652016,37.579918,0.012853,60,39.212377,39.243530,39.174103,0.017772,60,35.520000,35.600000,35.500000,0.040338,60,38.442988,38.475693,38.417526,0.014278,60,36.834211,36.851486,36.820419,0.007435,60,38.532673,38.563004,38.509872,0.014620,60,998.300000,998.300000,998.300000,0.000000,60,998.300000,998.300000,998.300000,0.000000,60,21.790000,22.800000,21.100000,0.485275,60,180.561793,181.185165,180.328339,0.215851,60,842.186353,843.846069,840.186340,1.264561,60,882.710145,884.326233,880.701233,1.286365,60,9.639195,9.656843,9.617258,0.014047,60,1.908538,1.915127,1.906070,0.002282,60,9.002972,9.020714,8.981592,0.013518,60,0.684514,0.807364,0.522191,0.058531,60,-179.000373,-178.892822,-179.139679,0.057939,60,0.016895,0.092123,-0.080262,0.039129,60,6.970721,7.098096,6.832562,0.050458,60,179.514987,179.620850,179.402924,0.056542,60,-0.198470,-0.103185,-0.301161,0.042122,60,0.000000,13.833333,24.000000,8.000000,3.867144,60,2239.650000,2525.000000,1952.000000,115.565936,60,1.383333,2.400000,0.800000,0.386714,60,223.952704,11.437448,60,60,60,60,60,60,60,60,60,60,60,60,60,60,60,60,60,60,60,60,60,60,60,60,60,60,60,60,60,60,13.4427,13.52,13.38,23.58,26,22,40.15,6866682
2026-10-03 13:54:00,23.934615,23.988708,23.883421,0.026230,60,15.214974,15.268177,15.149157,0.025596,60,19.933445,19.987793,19.885557,0.025044,60,44.558333,47.200000,43.100000,1.277483,60,39.128085,39.176773,39.080643,0.022494,60,37.588463,37.609291,37.566566,0.014068,60,39.162487,39.203476,39.118027,0.019160,60,35.471667,35.600000,35.400000,0.064022,60,38.378078,38.435532,38.312729,0.036343,60,36.811330,36.837387,36.776047,0.016138,60,38.479927,38.534286,38.413986,0.032773,60,998.300000,998.300000,998.300000,0.000000,60,998.300000,998.300000,998.300000,0.000000,60,21.623333,22.600000,21.000000,0.501985,60,180.767252,180.932022,180.550140,0.107400,60,839.916989,840.756104,838.442078,0.516449,60,880.482039,881.531982,878.924683,0.694845,60,9.614864,9.626329,9.597857,0.007588,60,1.910710,1.912451,1.908415,0.001135,60,8.978712,8.987682,8.962945,0.005521,60,0.689345,0.855300,0.536622,0.062832,60,-179.002901,-178.839493,-179.112747,0.055525,60,0.005194,0.105273,-0.080489,0.040984,60,6.971302,7.120279,6.866202,0.059192,60,179.508998,179.620667,179.377609,0.052412,60,-0.194099,-0.063493,-0.314173,0.053176,60,0.000000,16.566667,22.000000,11.000000,2.644897,60,2279.716667,2620.000000,1949.000000,106.470986,60,1.656667,2.200000,1.100000,0.264490,60,227.993571,10.502889,60,60,60,60,60,60,60,60,60,60,60,60,60,60,60,60,60,60,60,60,60,60,60,60,60,60,60,60,60,60,13.4485,13.52,13.37,23.53,26,22,40.25,6866716
2026-10-03 13:55:00,23.945958,24.000916,23.878843,0.025845,60,15.214821,15.284963,15.165942,0.026299,60,19.938328,20.004578,19.867247,0.029269,60,45.046667,46.800000,43.100000,1.097218,60,39.050913,39.093994,38.995193,0.024979,60,37.553037,37.595940,37.507820,0.019386,60,39.102806,39.147400,39.048599,0.023880,60,35.348333,35.400000,35.200000,0.056723,60,38.280380,38.319778,38.229599,0.024768,60,36.746395,36.791855,36.706436,0.021145,60,38.390939,38.424820,38.343674,0.022848,60,998.300000,998.300000,998.300000,0.000000,60,998.300000,998.300000,998.300000,0.000000,60,21.641667,22.300000,21.000000,0.408093,60,181.011242,181.216492,180.882858,0.080082,60,838.111190,838.693359,837.356140,0.338919,60,878.834547,879.499146,878.069702,0.363210,60,9.596873,9.604131,9.588522,0.003966,60,1.913289,1.915458,1.911932,0.000846,60,8.959408,8.965631,8.951337,0.003623,60,0.689611,0.804237,0.540138,0.053593,60,-179.006301,-178.883133,-179.140686,0.050767,60,0.002172,0.065751,-0.107282,0.040364,60,6.973915,7.105886,6.879526,0.050808,60,179.507283,179.662750,179.375748,0.060335,60,-0.186321,-0.063643,-0.300992,0.046574,60,0.000000,18.700000,25.000000,13.000000,3.163885,60,2366.716667,2488.000000,2174.000000,75.531134,60,1.870000,2.500000,1.300000,0.316389,60,236.683624,7.482316,60,60,60,60,60,60,60,60,60,60,60,60,60,60,60,60,60,60,60,60,60,60,60,60,60,60,60,60,60,60,13.4490,13.53,13.38,23.54,25,22,40.42,6866749
2026-10-03 13:56:00,23.949696,23.996338,23.874266,0.024419,60,15.228199,15.295644,15.162890,0.029693,60,19.949111,20.047302,19.877928,0.031795,60,46.491667,48.300000,43.700000,1.407521,60,38.966755,39.021896,38.896393,0.029820,60,37.507598,37.539864,37.465096,0.018219,60,39.032043,39.075302,38.992523,0.021809,60,35.250000,35.300000,35.200000,0.050422,60,38.211124,38.240952,38.160477,0.022263,60,36.697171,36.721756,36.671555,0.011991,60,38.336473,38.361984,38.306747,0.013967,60,998.300000,998.300000,998.300000,0.000000,60,998.300000,998.300000,998.300000,0.000000,60,22.156667,22.800000,21.100000,0.527664,60,180.515663,180.884933,180.219711,0.194771,60,835.653702,837.221069,834.385986,0.851901,60,876.798485,878.400146,875.751648,0.665526,60,9.574640,9.592130,9.563208,0.007268,60,1.908050,1.911954,1.904922,0.002059,60,8.933138,8.949893,8.919586,0.009107,60,0.680058,0.846071,0.539037,0.061012,60,-179.009348,-178.921967,-179.140686,0.059000,60,0.016720,0.092170,-0.053646,0.036891,60,6.977663,7.070640,6.853413,0.046498,60,179.502676,179.594238,179.334961,0.061206,60,-0.181214,0.001353,-0.366804,0.060646,60,0.000000,17.366667,21.000000,12.000000,2.066412,60,2604.850000,2796.000000,2358.000000,97.642521,60,1.736667,2.100000,1.200000,0.206641,60,260.491600,9.669391,60,60,60,60,60,60,60,60,60,60,60,60,60,60,60,60,60,60,60,60,60,60,60,60,60,60,60,60,60,60,13.4493,13.53,13.38,23.52,26,22,40.50,6866783
2026-10-03 13:57:00,23.961344,24.032959,23.910887,0.026658,60,15.228860,15.280384,15.179675,0.025929,60,19.960073,20.028992,19.894712,0.026547,60,44.333333,45.200000,43.600000,0.496314,60,38.869423,38.923096,38.808273,0.033289,60,37.463805,37.507820,37.422371,0.018562,60,38.971962,39.005875,38.936447,0.020521,60,35.125000,35.200000,35.000000,0.050840,60,38.103904,38.169815,38.029495,0.033602,60,36.664065,36.691574,36.638016,0.013336,60,38.280121,38.318558,38.239670,0.019510,60,998.300000,998.300000,998.300000,0.000000,60,998.300000,998.300000,998.300000,0.000000,60,21.216667,21.500000,20.800000,0.206805,60,180.311325,180.594055,180.124817,0.139548,60,833.562614,834.562744,832.681335,0.478032,60,875.087672,876.120605,874.051270,0.512454,60,9.555957,9.567237,9.544640,0.005596,60,1.905891,1.908879,1.903919,0.001475,60,8.910784,8.921475,8.901363,0.005110,60,0.705116,0.804237,0.565135,0.054582,60,-178.997336,-178.855331,-179.138474,0.055303,60,0.011622,0.131846,-0.054201,0.042731,60,6.989426,7.078546,6.849613,0.050650,60,179.494341,179.621597,179.322311,0.067476,60,-0.182076,-0.089866,-0.274737,0.046557,60,0.000000,17.550000,23.000000,13.000000,2.243068,60,2763.350000,2882.000000,2678.000000,50.993793,60,1.755000,2.300000,1.300000,0.224307,60,276.332556,5.055113,60,60,60,60,60,60,60,60,60,60,60,60,60,60,60,60,60,60,60,60,60,60,60,60,60,60,60,60,60,60,13.4503,13.53,13.37,23.63,26,22,40.63,6866817
2026-10-03 13:58:00,23.972763,24.032959,23.906309,0.027438,60,15.241016,15.309377,15.176623,0.032306,60,19.960200,20.024414,19.891661,0.028172,60,44.305000,45.300000,43.600000,0.469195,60,38.756377,38.821625,38.696114,0.037080,60,37.421703,37.465096,37.366295,0.021691,60,38.909655,38.949799,38.848328,0.026200,60,34.938333,35.000000,34.800000,0.052373,60,37.972523,38.046310,37.907944,0.037844,60,36.614980,36.655563,36.573471,0.022767,60,38.192843,38.240463,38.140213,0.031137,60,998.291667,998.300000,998.200000,0.027872,60,998.291667,998.300000,998.200000,0.027872,60,21.025000,21.300000,20.800000,0.145701,60,180.695039,180.876694,180.444504,0.104080,60,832.444516,833.604553,830.656250,0.925972,60,873.821934,875.145386,872.041870,0.990852,60,9.542136,9.556588,9.522697,0.010820,60,1.909947,1.911867,1.907298,0.001100,60,8.898831,8.911232,8.879715,0.009899,60,0.706925,0.804237,0.604094,0.054155,60,-178.989236,-178.881271,-179.113388,0.057958,60,0.000357,0.105311,-0.106841,0.041976,60,6.989775,7.110472,6.855562,0.044351,60,179.506920,179.661652,179.375015,0.063600,60,-0.183386,-0.063040,-0.340423,0.053278,60,0.000000,17.700000,23.000000,8.000000,3.032591,60,2955.283333,3229.000000,2697.000000,183.285560,60,1.770000,2.300000,0.800000,0.303259,60,295.565544,18.226892,60,60,60,60,60,60,60,60,60,60,60,60,60,60,60,60,60,60,60,60,60,60,60,60,60,60,60,60,60,60,13.4445,13.53,13.36,23.64,26,22,40.75,6866853
2026-10-03 13:59:00,23.995193,24.052795,23.929197,0.026186,60,15.247476,15.326161,15.193408,0.027814,60,19.976272,20.038147,19.905394,0.027399,60,44.883333,46.000000,44.000000,0.609575,60,38.641328,38.696114,38.597313,0.029344,60,37.369410,37.409019,37.339592,0.018159,60,38.834665,38.877701,38.792252,0.022997,60,34.823333,34.900000,34.800000,0.042652,60,37.880712,37.913956,37.853165,0.013284,60,36.553308,36.580704,36.525070,0.014450,60,38.123319,38.143143,38.099350,0.012452,60,998.270000,998.300000,998.200000,0.046212,60,998.270000,998.300000,998.200000,0.046212,60,21.100000,21.500000,20.800000,0.209114,60,179.845850,180.420944,179.560013,0.244128,60,828.163397,830.973877,826.451111,1.176835,60,869.328024,872.345032,867.578308,1.285401,60,9.493062,9.526008,9.473955,0.014037,60,1.900971,1.907049,1.897949,0.002580,60,8.853066,8.883110,8.834762,0.012580,60,0.719186,0.807364,0.539697,0.051685,60,-178.991915,-178.840866,-179.112335,0.063006,60,0.004097,0.092123,-0.053948,0.038003,60,6.980171,7.147603,6.806846,0.059502,60,179.498449,179.620850,179.294678,0.060107,60,-0.174597,-0.063493,-0.301105,0.057157,60,0.000000,14.950000,24.000000,8.000000,3.426838,60,3180.650000,3394.000000,2998.000000,71.387181,60,1.495000,2.400000,0.800000,0.342684,60,318.069968,7.068026,60,60,60,60,60,60,60,60,60,60,60,60,60,60,60,60,60,60,60,60,60,60,60,60,60,60,60,60,60,60,13.4539,13.53,13.38,23.49,25,21,40.88,6866886
2026-10-03 14:00:00,24.006816,24.048218,23.955139,0.023814,60,15.250629,15.326161,15.172046,0.028242,60,19.981257,20.036621,19.899290,0.030627,60,44.680000,46.300000,43.900000,0.647760,60,38.553476,38.610664,38.498512,0.028694,60,37.324371,37.366295,37.296867,0.019113,60,38.772712,38.821625,38.722816,0.024060,60,34.728333,34.800000,34.700000,0.045442,60,37.817503,37.863327,37.772049,0.026597,60,36.508386,36.534592,36.472580,0.017201,60,38.067398,38.111557,38.028915,0.020539,60,998.215000,998.300000,998.200000,0.036008,60,998.215000,998.300000,998.200000,0.036008,60,20.956667,21.600000,20.700000,0.228752,60,180.006744,180.228638,179.739288,0.118976,60,827.058741,827.739136,826.560242,0.301151,60,868.457631,869.161560,868.003418,0.295509,60,9.483557,9.491244,9.478598,0.003227,60,1.902671,1.905017,1.899844,0.001258,60,8.841258,8.848531,8.835929,0.003219,60,0.740007,0.886201,0.604565,0.053607,60,-178.981476,-178.880463,-179.111496,0.049351,60,-0.011816,0.065685,-0.120035,0.038956,60,6.998980,7.149572,6.885250,0.056189,60,179.509963,179.648315,179.361710,0.069456,60,-0.191057,-0.063794,-0.301086,0.057768,60,0.000000,17.150000,22.000000,9.000000,3.155974,60,3121.416667,3326.000000,2891.000000,109.285862,60,1.715000,2.200000,0.900000,0.315597,60,312.162282,10.827668,60,60,60,60,60,60,60,60,60,60,60,60,60,60,60,60,60,60,60,60,60,60,60,60,60,60,60,60,60,60,13.4521,13.53,13.38,23.63,26,22,40.92,6866920
2026-10-03 14:01:00,24.021413,24.087893,23.965820,0.025821,60,15.258946,15.323110,15.204089,0.026130,60,19.989853,20.065615,19.931334,0.031653,60,44.608333,45.700000,43.900000,0.475605,60,38.470697,38.541237,38.426414,0.023270,60,37.272567,37.310219,37.240784,0.017685,60,38.712803,38.749519,38.680092,0.017421,60,34.700000,34.700000,34.700000,0.000000,60,37.764660,37.786575,37.749283,0.008780,60,36.472548,36.488174,36.452164,0.006890,60,38.033889,38.050552,38.017227,0.006839,60,998.206667,998.300000,998.200000,0.025155,60,998.206667,998.300000,998.200000,0.025155,60,20.905000,21.300000,20.700000,0.207834,60,179.619878,180.009811,179.043915,0.305528,60,825.444306,827.322937,822.749939,1.066574,60,866.792988,868.860413,864.264771,1.157241,60,9.465380,9.487956,9.437772,0.012637,60,1.898582,1.902704,1.892494,0.003229,60,8.823999,8.844082,8.795197,0.011402,60,0.729853,0.845190,0.565814,0.058047,60,-178.997113,-178.884720,-179.111496,0.052232,60,-0.000762,0.092248,-0.080319,0.037407,60,6.992018,7.147603,6.816127,0.066302,60,179.485183,179.621338,179.362305,0.057101,60,-0.184903,-0.103185,-0.274662,0.043256,60,0.000000,10.233333,18.000000,5.000000,3.027370,60,3122.866667,3550.000000,59.000000,712.551978,60,1.023333,1.800000,0.500000,0.302737,60,330.188350,13.389254,60,60,60,60,60,60,60,60,60,60,60,60,60,60,60,60,60,60,60,60,60,60,60,60,60,60,60,60,60,60,13.4418,13.52,13.38,23.53,25,22,40.97,6866954
2026-10-03 14:02:00,24.030035,24.084841,23.978027,0.025026,60,15.267592,15.339894,15.220875,0.027446,60,19.999924,20.064089,19.946594,0.027896,60,45.018333,46.000000,44.500000,0.424061,60,38.421875,38.455788,38.397041,0.015719,60,37.249288,37.283516,37.214081,0.014475,60,38.680448,38.722816,38.650719,0.013655,60,34.735000,34.800000,34.700000,0.048099,60,37.775468,37.810715,37.747147,0.014812,60,36.476407,36.498123,36.460831,0.008908,60,38.049782,38.083145,38.023514,0.014667,60,998.200000,998.200000,998.200000,0.000052,60,998.200000,998.200000,998.200000,0.000052,60,21.138333,21.500000,21.000000,0.155238,60,178.457866,179.200089,177.469086,0.515484,60,819.864991,822.655823,815.768372,2.097386,60,861.110854,864.380920,856.706177,2.356049,60,9.403331,9.439040,9.355231,0.025728,60,1.886300,1.894145,1.875848,0.005449,60,8.764356,8.794190,8.720564,0.022421,60,0.729679,0.883171,0.606689,0.058749,60,-178.978340,-178.837280,-179.102890,0.061159,60,0.004756,0.105336,-0.146551,0.051404,60,6.999506,7.139741,6.870005,0.055906,60,179.502222,179.648224,179.336197,0.068088,60,-0.170206,-0.024777,-0.274862,0.058192,60,0.000000,10.866667,16.000000,6.000000,2.142916,60,2969.066667,3592.000000,12.000000,1085.028655,60,1.086667,1.600000,0.600000,0.214292,60,340.090249,24.539438,60,60,60,60,60,60,60,60,60,60,60,60,60,60,60,60,60,60,60,60,60,60,60,60,60,60,60,60,60,60,13.4569,13.53,13.38,23.52,25,22,40.99,6866988
2026-10-03 14:03:00,24.034434,24.083315,23.978027,0.024156,60,15.275349,15.336843,15.220875,0.029671,60,20.000127,20.079348,19.931334,0.027499,60,47.670000,49.000000,46.300000,0.782499,60,38.405008,38.426414,38.383690,0.011815,60,37.236779,37.254143,37.214081,0.010518,60,38.672348,38.693443,38.650719,0.012818,60,34.910000,35.000000,34.800000,0.068147,60,37.806120,37.824875,37.793839,0.006625,60,36.510330,36.528763,36.483963,0.009848,60,38.082078,38.106247,38.065292,0.009470,60,998.201667,998.300000,998.200000,0.012910,60,998.201667,998.300000,998.200000,0.012910,60,22.211667,22.600000,21.600000,0.284093,60,176.893262,177.433868,176.602448,0.212496,60,812.576971,815.896790,810.652344,1.676327,60,853.833341,856.964966,851.583130,1.696922,60,9.323860,9.358058,9.299288,0.018530,60,1.869762,1.875476,1.866688,0.002246,60,8.686448,8.721936,8.665874,0.017920,60,0.715628,0.884684,0.603859,0.053454,60,-178.985815,-178.842514,-179.099731,0.056867,60,0.004360,0.092044,-0.080432,0.034719,60,6.999353,7.149572,6.905636,0.047281,60,179.500948,179.648071,179.402512,0.053574,60,-0.161491,-0.024524,-0.274612,0.055321,60,0.000000,17.133333,24.000000,9.000000,3.907692,60,2497.766667,2786.000000,2075.000000,208.886829,60,1.713333,2.400000,0.900000,0.390769,60,249.940540,20.768520,60,60,60,60,60,60,60,60,60,60,60,60,60,60,60,60,60,60,60,60,60,60,60,60,60,60,60,60,60,60,13.4438,13.50,13.37,23.52,26,22,41.00,6867022
2026-10-03 14:04:00,24.019659,24.071108,23.959717,0.027630,60,15.271433,15.321584,15.204089,0.026128,60,19.994202,20.065615,19.894712,0.026775,60,45.946667,47.200000,44.600000,0.719102,60,38.392858,38.426414,38.354317,0.013822,60,37.242477,37.270164,37.214081,0.012604,60,38.665361,38.693443,38.637367,0.014312,60,35.000000,35.000000,35.000000,0.000000,60,37.759638,37.815872,37.718399,0.025593,60,36.515094,36.535263,36.491379,0.010206,60,38.052531,38.096451,38.006180,0.024158,60,998.200000,998.200000,998.200000,0.000052,60,998.200000,998.200000,998.200000,0.000052,60,21.633333,22.100000,21.100000,0.270384,60,177.618127,177.980606,176.951385,0.257299,60,812.006112,813.306885,809.603333,1.060252,60,853.067289,854.536438,850.482117,1.174648,60,9.315495,9.331538,9.287265,0.012827,60,1.877424,1.881255,1.870376,0.002720,60,8.680345,8.694250,8.654659,0.011334,60,0.720163,0.845190,0.565814,0.062148,60,-178.972607,-178.853973,-179.071747,0.049663,60,-0.015120,0.092123,-0.120300,0.049658,60,6.993728,7.127432,6.907548,0.056964,60,179.501501,179.620667,179.363037,0.052301,60,-0.174176,-0.050932,-0.300804,0.050728,60,0.000000,23.683333,31.000000,17.000000,2.721488,60,2338.000000,2613.000000,2242.000000,61.707896,60,2.368333,3.100000,1.700000,0.272149,60,233.775403,6.097442,60,60,60,60,60,60,60,60,60,60,60,60,60,60,60,60,60,60,60,60,60,60,60,60,60,60,60,60,60,60,13.4472,13.54,13.38,23.59,25,22,41.00,6867055
2026-10-03 14:05:00,23.999466,24.080263,23.942932,0.029015,60,15.264998,15.304799,15.204089,0.023511,60,19.980723,20.079348,19.891661,0.036299,60,47.961667,49.300000,45.400000,0.839510,60,38.356008,38.397041,38.298241,0.021915,60,37.234109,37.254143,37.214081,0.011918,60,38.632338,38.666740,38.581291,0.021385,60,34.966667,35.000000,34.900000,0.047538,60,37.671435,37.723923,37.614914,0.032182,60,36.469449,36.501602,36.440231,0.016417,60,37.967505,38.015945,37.917252,0.029590,60,998.200000,998.200000,998.200000,0.000052,60,998.200000,998.200000,998.200000,0.000052,60,22.350000,22.800000,21.500000,0.307257,60,177.681043,177.928253,177.178223,0.188573,60,809.316698,810.120117,808.280823,0.547129,60,850.226482,851.554810,848.512695,0.964440,60,9.284473,9.298979,9.265759,0.010532,60,1.878089,1.880702,1.872774,0.001993,60,8.651595,8.660184,8.640521,0.005849,60,0.731948,0.860043,0.591196,0.069401,60,-178.985622,-178.842514,-179.100357,0.058738,60,0.001700,0.105412,-0.080432,0.042337,60,7.010321,7.123506,6.855313,0.054554,60,179.508298,179.689331,179.320267,0.074140,60,-0.162799,0.001806,-0.314173,0.067627,60,0.000000,25.933333,37.000000,16.000000,6.270368,60,2147.033333,2391.000000,1916.000000,106.708849,60,2.593333,3.700000,1.600000,0.627037,60,214.678830,10.569025,60,60,60,60,60,60,60,60,60,60,60,60,60,60,60,60,60,60,60,60,60,60,60,60,60,60,60,60,60,60,13.4316,13.52,13.37,23.57,25,22,41.00,6867089
2026-10-03 14:06:00,24.013733,24.065004,23.955139,0.027558,60,15.273365,15.321584,15.220875,0.023994,60,19.990540,20.059509,19.923704,0.031065,60,47.725000,49.200000,46.300000,0.748926,60,38.305495,38.327614,38.255516,0.014758,60,37.215594,37.240784,37.184708,0.013039,60,38.577108,38.610664,38.538567,0.020147,60,35.070000,35.100000,35.000000,0.046212,60,37.636234,37.651962,37.621658,0.007570,60,36.445280,36.465866,36.425613,0.007811,60,37.904792,37.926987,37.879959,0.013747,60,998.200000,998.200000,998.200000,0.000052,60,998.200000,998.200000,998.200000,0.000052,60,22.386667,22.800000,21.800000,0.277682,60,176.993994,177.095215,176.849625,0.065021,60,807.241485,808.685242,805.271484,0.839424,60,847.861293,848.938293,845.650635,0.849676,60,9.258645,9.270407,9.234505,0.009278,60,1.870826,1.871896,1.869300,0.000687,60,8.629411,8.644845,8.608352,0.008973,60,0.737177,0.857964,0.590731,0.067395,60,-178.997767,-178.882065,-179.113785,0.057046,60,0.014758,0.105437,-0.053948,0.040624,60,7.009571,7.114392,6.899902,0.048153,60,179.499060,179.621170,179.362595,0.062370,60,-0.175082,-0.064094,-0.274662,0.056803,60,0.000000,20.566667,31.000000,11.000000,4.492429,60,2133.183333,2334.000000,1859.000000,103.322515,60,2.056667,3.100000,1.100000,0.449243,60,213.326659,10.232969,60,60,60,60,60,60,60,60,60,60,60,60,60,60,60,60,60,60,60,60,60,60,60,60,60,60,60,60,60,60,13.4303,13.49,13.37,23.58,25,22,41.00,6867123
2026-10-03 14:07:00,24.017039,24.061951,23.952087,0.025666,60,15.268864,15.336843,15.202563,0.025911,60,20.002416,20.056458,19.940491,0.022377,60,46.125000,48.300000,43.900000,1.366999,60,38.272917,38.298241,38.228806,0.016502,60,37.208028,37.227432,37.171356,0.013677,60,38.527841,38.554588,38.482491,0.016970,60,35.183333,35.300000,35.100000,0.061525,60,37.624797,37.640823,37.599319,0.009411,60,36.450401,36.462753,36.431808,0.007941,60,37.855481,37.889114,37.834213,0.014599,60,998.200000,998.200000,998.200000,0.000052,60,998.200000,998.200000,998.200000,0.000052,60,21.925000,22.600000,21.300000,0.478212,60,175.542135,176.808243,174.591324,0.655400,60,800.422607,805.279114,795.164917,3.471011,60,840.853692,845.593140,835.894226,3.428596,60,9.182122,9.233877,9.127965,0.037440,60,1.855480,1.868863,1.845430,0.006928,60,8.556517,8.608434,8.500313,0.037105,60,0.740660,0.857074,0.591893,0.051232,60,-178.999764,-178.879929,-179.111694,0.050728,60,0.002554,0.131846,-0.080773,0.045749,60,7.013111,7.133329,6.897673,0.053486,60,179.506853,179.662170,179.334503,0.067323,60,-0.163640,-0.050462,-0.261496,0.053649,60,0.000000,14.866667,25.000000,7.000000,4.443493,60,2028.933333,2279.000000,1604.000000,136.838376,60,1.486667,2.500000,0.700000,0.444349,60,202.957566,13.520065,60,60,60,60,60,60,60,60,60,60,60,60,60,60,60,60,60,60,60,60,60,60,60,60,60,60,60,60,60,60,13.4274,13.48,13.37,23.64,26,22,41.00,6867157
2026-10-03 14:08:00,24.019964,24.092470,23.965820,0.028338,60,15.279062,15.373465,15.217822,0.031703,60,20.010936,20.091555,19.954224,0.031283,60,45.213333,46.900000,43.900000,0.824717,60,38.265307,38.298241,38.228806,0.012599,60,37.203622,37.240784,37.171356,0.014931,60,38.501761,38.525215,38.482491,0.013321,60,35.386667,35.400000,35.300000,0.034280,60,37.668584,37.689011,37.642715,0.011563,60,36.483805,36.511124,36.455307,0.016214,60,37.880847,37.903580,37.853500,0.011232,60,998.200000,998.200000,998.200000,0.000052,60,998.200000,998.200000,998.200000,0.000052,60,21.710000,22.300000,21.300000,0.293258,60,174.900702,175.479004,174.522263,0.261033,60,797.056328,798.624268,795.434753,0.870225,60,837.918725,839.739563,835.809875,1.142488,60,9.150073,9.169956,9.127044,0.012476,60,1.848700,1.854813,1.844700,0.002759,60,8.520532,8.537292,8.503198,0.009303,60,0.731203,0.857074,0.566268,0.060386,60,-179.015748,-178.883392,-179.113388,0.051509,60,-0.000977,0.065751,-0.107156,0.041616,60,7.005273,7.120279,6.905636,0.051946,60,179.510972,179.620926,179.364212,0.053090,60,-0.153319,0.000991,-0.261665,0.054446,60,0.000000,15.950000,23.000000,11.000000,2.689748,60,2352.100000,2600.000000,2025.000000,109.513052,60,1.595000,2.300000,1.100000,0.268975,60,235.260164,10.809479,60,60,60,60,60,60,60,60,60,60,60,60,60,60,60,60,60,60,60,60,60,60,60,60,60,60,60,60,60,60,13.4253,13.48,13.37,23.62,25,22,41.00,6867191
2026-10-03 14:09:00,23.999847,24.060425,23.950562,0.026028,60,15.275019,15.336843,15.220875,0.029443,60,20.004985,20.070192,19.919127,0.025545,60,46.045000,47.600000,44.900000,0.695610,60,38.264283,38.298241,38.242157,0.011842,60,37.216796,37.240784,37.198059,0.010922,60,38.491035,38.511864,38.455788,0.014239,60,35.400000,35.400000,35.400000,0.000000,60,37.659962,37.690750,37.619064,0.017886,60,36.505156,36.518600,36.487473,0.006970,60,37.881012,37.904099,37.848282,0.012874,60,998.200000,998.200000,998.200000,0.000052,60,998.200000,998.200000,998.200000,0.000052,60,22.001667,22.600000,21.600000,0.266485,60,175.912830,176.141449,175.514206,0.139117,60,798.207080,798.881897,796.835205,0.423087,60,839.595742,840.371216,838.170471,0.465060,60,9.168386,9.176853,9.152822,0.005078,60,1.859399,1.861815,1.855185,0.001470,60,8.532833,8.540047,8.518167,0.004523,60,0.741080,0.856483,0.592592,0.060981,60,-179.001543,-178.883133,-179.100143,0.048040,60,0.005665,0.091996,-0.080603,0.040039,60,7.019035,7.121545,6.873811,0.052730,60,179.510334,179.648682,179.376175,0.056870,60,-0.158172,-0.024609,-0.261525,0.049308,60,0.000000,25.200000,30.000000,18.000000,3.271863,60,2136.583333,2514.000000,1923.000000,175.536880,60,2.520000,3.000000,1.800000,0.327186,60,213.389909,17.371765,60,60,60,60,60,60,60,60,60,60,60,60,60,60,60,60,60,60,60,60,60,60,60,60,60,60,60,60,60,60,13.4225,13.48,13.37,23.65,26,22,41.01,6867224
2026-10-03 14:10:00,23.996439,24.060425,23.920042,0.028757,60,15.278350,15.336843,15.236134,0.023107,60,19.996796,20.070192,19.919127,0.030353,60,44.888333,46.000000,44.000000,0.578745,60,38.250395,38.268867,38.228806,0.012560,60,37.225830,37.240784,37.198059,0.010570,60,38.463888,38.511864,38.423744,0.016497,60,35.400000,35.400000,35.400000,0.000000,60,37.595051,37.626450,37.567123,0.014111,60,36.490843,36.511642,36.471756,0.008421,60,37.823788,37.857224,37.794937,0.017526,60,998.200000,998.200000,998.200000,0.000052,60,998.200000,998.200000,998.200000,0.000052,60,21.671667,22.100000,21.300000,0.251835,60,175.841438,175.982529,175.663315,0.064071,60,795.955045,796.817749,795.408997,0.361471,60,836.932490,837.909119,836.225037,0.409174,60,9.139303,9.149968,9.131577,0.004468,60,1.858644,1.860135,1.856761,0.000677,60,8.508759,8.517982,8.502922,0.003864,60,0.720134,0.859448,0.565588,0.063978,60,-178.996433,-178.853973,-179.140686,0.065178,60,0.005866,0.105437,-0.080319,0.039679,60,7.008596,7.175236,6.885250,0.055109,60,179.520340,179.689331,179.334183,0.070318,60,-0.175704,-0.064019,-0.301011,0.049932,60,0.000000,22.383333,29.000000,16.000000,3.178805,60,2114.266667,2194.000000,2004.000000,45.046818,60,2.238333,2.900000,1.600000,0.317881,60,211.429184,4.465462,60,60,60,60,60,60,60,60,60,60,60,60,60,60,60,60,60,60,60,60,60,60,60,60,60,60,60,60,60,60,13.4240,13.52,13.37,23.52,25,22,41.01,6867258
2026-10-03 14:11:00,24.000585,24.060425,23.933775,0.029460,60,15.280410,15.336843,15.185779,0.031238,60,20.003967,20.086977,19.932859,0.031839,60,43.166667,45.000000,41.600000,0.937481,60,38.223599,38.268867,38.186081,0.014160,60,37.222403,37.240784,37.198059,0.010430,60,38.433046,38.469139,38.397041,0.017119,60,35.400000,35.400000,35.400000,0.000000,60,37.577372,37.593491,37.555588,0.007612,60,36.482648,36.499832,36.466385,0.007006,60,37.793147,37.810715,37.776871,0.007456,60,998.200000,998.200000,998.200000,0.000052,60,998.200000,998.200000,998.200000,0.000052,60,21.070000,21.800000,20.300000,0.363738,60,175.268642,175.819717,174.990570,0.243799,60,792.849200,795.330322,790.692200,1.544488,60,833.740668,836.360657,831.407898,1.597121,60,9.104448,9.133059,9.078975,0.017441,60,1.852589,1.858414,1.849650,0.002577,60,8.475558,8.502081,8.452499,0.016511,60,0.736677,0.818456,0.632029,0.045994,60,-179.007181,-178.880463,-179.138855,0.061328,60,0.007200,0.092154,-0.053746,0.034995,60,7.000023,7.127431,6.859118,0.058112,60,179.507821,179.689133,179.376175,0.066866,60,-0.160127,-0.050932,-0.235269,0.048060,60,0.000000,19.783333,23.000000,16.000000,2.147854,60,2160.733333,2208.000000,2114.000000,28.590544,60,1.978333,2.300000,1.600000,0.214785,60,216.073298,2.835008,60,60,60,60,60,60,60,60,60,60,60,60,60,60,60,60,60,60,60,60,60,60,60,60,60,60,60,60,60,60,13.4274,13.49,13.37,23.64,25,22,41.03,6867292
2026-10-03 14:12:00,24.004501,24.089418,23.945984,0.029751,60,15.272730,15.336843,15.204089,0.026313,60,20.001373,20.050354,19.931334,0.025433,60,41.650000,43.700000,40.400000,0.766126,60,38.199432,38.242157,38.172729,0.014291,60,37.215060,37.240784,37.184708,0.013146,60,38.401447,38.442436,38.381020,0.014516,60,35.400000,35.400000,35.400000,0.000000,60,37.563039,37.597672,37.548904,0.009214,60,36.482089,36.505936,36.464706,0.008545,60,37.772895,37.787003,37.755966,0.007681,60,998.200000,998.200000,998.200000,0.000052,60,998.200000,998.200000,998.200000,0.000052,60,20.323333,21.100000,19.800000,0.322262,60,174.607000,175.084305,173.831223,0.372295,60,788.796314,790.862549,785.546204,1.517704,60,829.440009,831.640991,826.049683,1.545416,60,9.057485,9.081519,9.020463,0.016876,60,1.845596,1.850641,1.837396,0.003935,60,8.432232,8.454320,8.397489,0.016224,60,0.744124,0.860043,0.590499,0.063128,60,-178.990996,-178.813019,-179.100357,0.055458,60,0.008114,0.105450,-0.054049,0.039724,60,7.024692,7.133327,6.899902,0.053796,60,179.511434,179.648071,179.375458,0.059582,60,-0.155133,-0.025283,-0.261497,0.050151,60,0.000000,13.666667,21.000000,8.000000,3.825280,60,2255.083333,2562.000000,2088.000000,99.398750,60,1.366667,2.100000,0.800000,0.382528,60,225.454643,9.828727,60,60,60,60,60,60,60,60,60,60,60,60,60,60,60,60,60,60,60,60,60,60,60,60,60,60,60,60,60,60,13.4246,13.50,13.37,23.64,25,22,41.05,6867326
2026-10-03 14:13:00,24.012945,24.057373,23.961243,0.025145,60,15.285369,15.358206,15.220875,0.027770,60,20.016073,20.083925,19.949646,0.030821,60,42.977966,45.100000,41.500000,1.053740,59,38.195961,38.228806,38.172729,0.012489,60,37.218576,37.240784,37.198059,0.013726,60,38.391434,38.423744,38.367668,0.011485,60,35.427119,35.500000,35.400000,0.044839,59,37.602267,37.637619,37.566818,0.015140,60,36.509071,36.541611,36.485947,0.013024,60,37.802441,37.829819,37.779373,0.012124,60,998.200000,998.200000,998.200000,0.000051,59,998.200000,998.200000,998.200000,0.000051,59,21.008475,21.800000,20.300000,0.441115,59,173.426802,173.784348,173.031342,0.238993,60,783.209484,785.538391,781.335327,1.289528,60,823.669035,825.759155,821.716064,1.326149,60,8.994466,9.017290,8.973140,0.014482,60,1.833121,1.836900,1.828941,0.002526,60,8.372509,8.397406,8.352474,0.013785,60,0.754816,0.884381,0.630094,0.051183,60,-178.986042,-178.855865,-179.138855,0.064579,60,-0.003796,0.091949,-0.080432,0.036077,60,7.021461,7.147603,6.873811,0.049302,60,179.510314,179.662231,179.335419,0.058594,60,-0.152952,-0.050227,-0.235338,0.051752,60,0.000000,13.583333,24.000000,6.000000,4.484594,60,2228.216667,2509.000000,1881.000000,124.886130,60,1.358333,2.400000,0.600000,0.448459,60,222.860759,12.349924,60,60,60,60,60,60,60,60,60,60,60,60,60,60,60,60,60,60,60,60,60,60,59,59,59,59,59,59,60,60,13.4263,13.49,13.38,23.63,25,22,41.07,6867359
2026-10-03 14:14:00,24.007324,24.071108,23.947510,0.023817,60,15.283284,15.358206,15.220875,0.032493,60,20.010071,20.068666,19.914549,0.028859,60,41.008333,44.400000,38.800000,1.505278,60,38.208689,38.228806,38.172729,0.012520,60,37.235178,37.254143,37.198059,0.013428,60,38.404652,38.442436,38.367668,0.015008,60,35.491667,35.500000,35.400000,0.027872,60,37.636762,37.661301,37.616104,0.009009,60,36.544645,36.567947,36.514023,0.012599,60,37.836773,37.854935,37.811752,0.009812,60,998.200000,998.200000,998.200000,0.000052,60,998.200000,998.200000,998.200000,0.000052,60,20.246667,21.600000,19.400000,0.597301,60,173.197226,173.333435,172.995911,0.086786,60,781.502666,782.374390,780.578125,0.390235,60,821.901904,822.896973,821.047302,0.426116,60,8.975169,8.986035,8.965837,0.004653,60,1.830695,1.832134,1.828567,0.000917,60,8.354263,8.363582,8.344379,0.004172,60,0.725917,0.857074,0.630577,0.054148,60,-179.000715,-178.882065,-179.113998,0.051008,60,0.000406,0.065663,-0.080262,0.040586,60,7.015477,7.143670,6.899579,0.048793,60,179.503936,179.648315,179.362152,0.068498,60,-0.145289,-0.024524,-0.261721,0.047672,60,0.000000,17.066667,24.000000,13.000000,2.313312,60,2177.516667,2302.000000,1970.000000,78.344197,60,1.706667,2.400000,1.300000,0.231331,60,217.770276,7.759959,60,60,60,60,60,60,60,60,60,60,60,60,60,60,60,60,60,60,60,60,60,60,60,60,60,60,60,60,60,60,13.4248,13.50,13.37,23.58,25,22,41.09,6867393
2026-10-03 14:15:00,23.995626,24.042114,23.918516,0.026358,60,15.278452,15.339894,15.220875,0.027695,60,20.004501,20.083925,19.964905,0.022083,60,39.831667,41.200000,38.300000,0.677856,60,38.227204,38.255516,38.199432,0.012982,60,37.264956,37.296867,37.240784,0.015737,60,38.425569,38.455788,38.397041,0.015851,60,35.461667,35.500000,35.400000,0.049030,60,37.651505,37.673264,37.631516,0.008709,60,36.578597,36.595840,36.557907,0.008714,60,37.856058,37.876938,37.834885,0.008801,60,998.200000,998.200000,998.200000,0.000052,60,998.200000,998.200000,998.200000,0.000052,60,19.786667,20.300000,19.200000,0.262625,60,173.712589,174.178345,173.140427,0.308713,60,781.825750,783.006775,780.293762,0.789456,60,822.271915,823.204163,820.841003,0.770706,60,8.979209,8.989389,8.963584,0.008416,60,1.836142,1.841065,1.830094,0.003263,60,8.357717,8.370342,8.341340,0.008439,60,0.737137,0.844603,0.630094,0.052912,60,-178.990867,-178.840317,-179.113785,0.057870,60,0.002755,0.091949,-0.080603,0.041250,60,7.022115,7.153509,6.914861,0.053684,60,179.515339,179.661865,179.374741,0.063846,60,-0.148464,-0.050306,-0.261356,0.046779,60,0.000000,17.566667,23.000000,11.000000,2.316973,60,2257.050000,2565.000000,2138.000000,79.007064,60,1.756667,2.300000,1.100000,0.231697,60,225.662405,7.803389,60,60,60,60,60,60,60,60,60,60,60,60,60,60,60,60,60,60,60,60,60,60,60,60,60,60,60,60,60,60,13.4272,13.49,13.37,23.60,25,22,41.13,6867427
2026-10-03 14:16:00,23.977086,24.057373,23.918516,0.027608,60,15.275756,15.339894,15.222401,0.025038,60,20.000229,20.070192,19.932859,0.029157,60,39.905000,42.700000,38.500000,1.133530,60,38.242115,38.255516,38.212784,0.010836,60,37.286987,37.310219,37.254143,0.013422,60,38.437051,38.469139,38.410393,0.015402,60,35.451667,35.500000,35.400000,0.050394,60,37.662924,37.690903,37.635696,0.012344,60,36.598886,36.630264,36.572678,0.013469,60,37.868329,37.904984,37.842575,0.015117,60,998.200000,998.200000,998.200000,0.000052,60,998.200000,998.200000,998.200000,0.000052,60,19.800000,21.000000,19.200000,0.463224,60,173.504517,174.337952,172.862137,0.483024,60,779.768745,781.847961,776.336609,1.685518,60,820.325865,822.471863,816.809143,1.678185,60,8.957959,8.981393,8.919556,0.018326,60,1.833943,1.842752,1.827153,0.005106,60,8.335728,8.357954,8.299038,0.018018,60,0.742428,0.887112,0.604800,0.059601,60,-178.985003,-178.853149,-179.111496,0.057389,60,-0.005369,0.065663,-0.080432,0.033192,60,7.014666,7.165345,6.879526,0.056348,60,179.502548,179.649307,179.377762,0.062531,60,-0.161914,-0.064394,-0.274612,0.045240,60,0.000000,11.733333,14.000000,7.000000,1.516761,60,2532.733333,2749.000000,2299.000000,93.928546,60,1.173333,1.400000,0.700000,0.151676,60,253.269582,9.302330,60,60,60,60,60,60,60,60,60,60,60,60,60,60,60,60,60,60,60,60,60,60,60,60,60,60,60,60,60,60,13.4234,13.50,13.37,23.63,26,22,41.21,6867461
2026-10-03 14:17:00,23.983520,24.043640,23.920042,0.030033,60,15.275324,15.362783,15.225452,0.024992,60,19.998398,20.051880,19.935911,0.025824,60,41.208333,42.600000,40.100000,0.877263,60,38.255158,38.284889,38.228806,0.012968,60,37.315871,37.352943,37.270164,0.018091,60,38.465534,38.498512,38.442436,0.016118,60,35.500000,35.500000,35.500000,0.000000,60,37.708386,37.725601,37.681137,0.011451,60,36.643445,36.672592,36.616379,0.015669,60,37.926569,37.952225,37.893814,0.015860,60,998.200000,998.200000,998.200000,0.000052,60,998.200000,998.200000,998.200000,0.000052,60,20.328333,21.000000,19.800000,0.369191,60,172.311798,172.807022,171.872009,0.290665,60,774.172536,776.398621,771.264404,1.462372,60,814.805615,816.910889,811.867737,1.431435,60,8.897677,8.920667,8.865596,0.015631,60,1.821336,1.826570,1.816687,0.003072,60,8.275904,8.299701,8.244817,0.015633,60,0.716369,0.843724,0.604565,0.052189,60,-178.996024,-178.840866,-179.139679,0.061790,60,-0.007790,0.065663,-0.106967,0.042283,60,7.007887,7.133856,6.879526,0.051625,60,179.506931,179.662384,179.376175,0.060462,60,-0.151854,-0.025198,-0.274687,0.046736,60,0.000000,14.583333,17.000000,10.000000,1.710304,60,2660.233333,2808.000000,2478.000000,79.429612,60,1.458333,1.700000,1.000000,0.171030,60,266.036815,7.865453,60,60,60,60,60,60,60,60,60,60,60,60,60,60,60,60,60,60,60,60,60,60,60,60,60,60,60,60,60,60,13.4297,13.48,13.37,23.60,25,22,41.29,6867494
2026-10-03 14:18:00,23.973170,24.029907,23.920042,0.024552,60,15.281173,15.344473,15.208667,0.031221,60,19.998881,20.054932,19.937437,0.025281,60,41.168333,43.900000,39.800000,1.204440,60,38.270381,38.298241,38.242157,0.012166,60,37.349784,37.395668,37.310219,0.019006,60,38.493928,38.525215,38.455788,0.019989,60,35.500000,35.500000,35.500000,0.000000,60,37.721859,37.746109,37.697830,0.011210,60,36.689228,36.721725,36.668228,0.014031,60,37.966051,37.993027,37.932266,0.016070,60,998.200000,998.200000,998.200000,0.000052,60,998.200000,998.200000,998.200000,0.000052,60,20.311667,21.500000,19.800000,0.489237,60,171.954645,172.102280,171.433640,0.156045,60,771.211089,771.930115,770.066956,0.410444,60,811.800301,812.467346,810.572510,0.420323,60,8.864859,8.872144,8.851452,0.004590,60,1.817561,1.819121,1.812054,0.001649,60,8.244246,8.251932,8.232016,0.004388,60,0.731797,0.857074,0.632757,0.054850,60,-178.992981,-178.883133,-179.111694,0.055086,60,0.007241,0.105311,-0.080773,0.036052,60,7.008466,7.111749,6.912947,0.053899,60,179.498841,179.621094,179.375458,0.046067,60,-0.161703,-0.063191,-0.261805,0.041885,60,0.000000,11.866667,16.000000,6.000000,2.212956,60,2656.850000,2967.000000,2316.000000,152.337808,60,1.186667,1.600000,0.600000,0.221296,60,265.692479,15.082912,60,60,60,60,60,60,60,60,60,60,60,60,60,60,60,60,60,60,60,60,60,60,60,60,60,60,60,60,60,60,13.4264,13.50,13.37,23.70,26,22,41.41,6867528
2026-10-03 14:19:00,23.984563,24.046692,23.923094,0.022716,60,15.278426,15.344473,15.226978,0.027812,60,19.994608,20.056458,19.922178,0.031020,60,43.081667,45.300000,41.000000,1.216064,60,38.290319,38.327614,38.255516,0.016874,60,37.397003,37.438393,37.366295,0.017784,60,38.527529,38.567940,38.469139,0.020855,60,35.616667,35.700000,35.500000,0.069298,60,37.764343,37.803024,37.731125,0.020467,60,36.757305,36.803391,36.707016,0.025368,60,38.012662,38.042465,37.981216,0.015718,60,998.200000,998.200000,998.200000,0.000052,60,998.200000,998.200000,998.200000,0.000052,60,21.173333,22.100000,20.200000,0.498087,60,171.031980,171.512314,170.405792,0.297212,60,767.601047,770.129639,764.452820,1.639741,60,807.659134,810.814636,804.405640,1.771949,60,8.819638,8.854095,8.784109,0.019350,60,1.807808,1.812885,1.801189,0.003142,60,8.205655,8.232685,8.172000,0.017529,60,0.733866,0.818743,0.592359,0.057629,60,-179.006807,-178.893616,-179.113388,0.052972,60,0.004548,0.065685,-0.080319,0.038150,60,7.016466,7.169298,6.901813,0.059998,60,179.522333,179.689133,179.375885,0.065028,60,-0.152886,-0.024609,-0.274537,0.054744,60,0.000000,9.716667,18.000000,2.000000,4.445877,60,1805.500000,2757.000000,1156.000000,407.391475,60,0.971667,1.800000,0.200000,0.444588,60,179.691208,41.150914,60,60,60,60,60,60,60,60,60,60,60,60,60,60,60,60,60,60,60,60,60,60,60,60,60,60,60,60,60,60,13.4261,13.49,13.37,23.63,26,22,41.40,6867562
2026-10-03 14:20:00,23.983978,24.048218,23.924620,0.030879,60,15.276341,15.364309,15.211719,0.030261,60,19.990870,20.056458,19.940491,0.026604,60,40.723333,42.500000,39.800000,0.744782,60,38.331886,38.367668,38.284889,0.019232,60,37.451522,37.481117,37.409019,0.018658,60,38.573859,38.624016,38.525215,0.020146,60,35.700000,35.700000,35.700000,0.000000,60,37.837548,37.878098,37.793381,0.020824,60,36.832799,36.867844,36.792984,0.019555,60,38.062728,38.096359,38.038681,0.011350,60,998.200000,998.200000,998.200000,0.000052,60,998.200000,998.200000,998.200000,0.000052,60,20.308333,21.000000,20.000000,0.288357,60,170.265220,170.881195,169.881454,0.240518,60,762.079826,763.938904,760.674866,0.819581,60,801.672657,804.108826,800.207947,0.936653,60,8.754265,8.780869,8.738271,0.010228,60,1.799703,1.806214,1.795647,0.002542,60,8.146633,8.166507,8.131614,0.008761,60,0.726166,0.816449,0.606453,0.047120,60,-179.012094,-178.895721,-179.167419,0.049748,60,0.004753,0.131897,-0.107282,0.051206,60,7.022394,7.137263,6.907548,0.056490,60,179.509825,179.621521,179.362595,0.064879,60,-0.165377,-0.051244,-0.300899,0.055554,60,0.000000,16.316667,22.000000,12.000000,2.375665,60,1506.133333,1773.000000,1250.000000,122.981667,60,1.631667,2.200000,1.200000,0.237567,60,150.594049,12.178830,60,60,60,60,60,60,60,60,60,60,60,60,60,60,60,60,60,60,60,60,60,60,60,60,60,60,60,60,60,60,13.4258,13.49,13.37,23.59,26,22,41.60,6867596
2026-10-03 14:21:00,23.959360,24.007019,23.897154,0.023494,60,15.265405,15.313954,15.213244,0.024727,60,19.980621,20.059509,19.909971,0.030548,60,39.016667,41.000000,37.700000,1.091441,60,38.390900,38.426414,38.354317,0.018909,60,37.505995,37.553215,37.465096,0.020262,60,38.617518,38.650719,38.594643,0.014546,60,35.621667,35.700000,35.600000,0.041545,60,37.886742,37.925949,37.863876,0.015626,60,36.878802,36.909683,36.860947,0.009516,60,38.079821,38.094772,38.057297,0.008049,60,998.200000,998.200000,998.200000,0.000052,60,998.200000,998.200000,998.200000,0.000052,60,19.551667,20.300000,19.000000,0.442831,60,171.484250,172.133835,170.877304,0.417567,60,764.101976,765.666077,762.606750,0.760713,60,803.860535,805.590088,802.294983,0.814928,60,8.778157,8.797044,8.761062,0.008899,60,1.812588,1.819455,1.806173,0.004414,60,8.168250,8.184970,8.152266,0.008132,60,0.717372,0.845190,0.566949,0.058428,60,-178.997907,-178.853699,-179.168381,0.067657,60,0.007460,0.105349,-0.146261,0.048248,60,7.001584,7.127432,6.875715,0.050159,60,179.528638,179.688721,179.429459,0.067091,60,-0.146339,-0.063794,-0.235338,0.049248,60,0.000000,15.800000,22.000000,11.000000,2.628398,60,1482.433333,1640.000000,1233.000000,102.082447,60,1.580000,2.200000,1.100000,0.262840,60,148.270271,10.115616,60,60,60,60,60,60,60,60,60,60,60,60,60,60,60,60,60,60,60,60,60,60,60,60,60,60,60,60,60,60,13.4282,13.49,13.36,23.74,26,22,41.60,6867630
2026-10-03 14:22:00,23.949823,23.993286,23.900206,0.022860,60,15.269347,15.335317,15.199512,0.030808,60,19.972814,20.061035,19.926756,0.031601,60,40.270000,42.100000,38.800000,0.942104,60,38.440255,38.485161,38.397041,0.019227,60,37.547607,37.579918,37.507820,0.018841,60,38.650407,38.693443,38.624016,0.016015,60,35.555000,35.600000,35.500000,0.050169,60,37.931052,37.953415,37.908981,0.011286,60,36.895853,36.911942,36.882462,0.006796,60,38.099893,38.118607,38.075760,0.010524,60,998.195000,998.200000,998.100000,0.021978,60,998.195000,998.200000,998.100000,0.021978,60,19.961667,20.700000,19.400000,0.380050,60,172.754531,173.282654,172.156708,0.349469,60,767.251242,768.795166,765.527405,0.989449,60,807.604833,809.219910,805.507019,1.136147,60,8.819045,8.836681,8.796137,0.012407,60,1.826015,1.831598,1.819696,0.003694,60,8.201916,8.218420,8.183488,0.010577,60,0.712319,0.844310,0.603388,0.055875,60,-179.003250,-178.883926,-179.138046,0.056127,60,0.009669,0.092075,-0.120101,0.039138,60,6.988936,7.108514,6.855312,0.056833,60,179.529960,179.647690,179.403763,0.053163,60,-0.142193,0.015440,-0.274662,0.056633,60,0.000000,21.083333,32.000000,10.000000,5.475033,60,1446.916667,1555.000000,1252.000000,79.917392,60,2.108333,3.200000,1.000000,0.547503,60,144.706751,7.917469,60,60,60,60,60,60,60,60,60,60,60,60,60,60,60,60,60,60,60,60,60,60,60,60,60,60,60,60,60,60,13.4255,13.50,13.37,23.55,26,22,41.75,6867663
2026-10-03 14:23:00,23.931156,23.993286,23.872740,0.027697,60,15.258844,15.353628,15.199512,0.028932,60,19.960861,20.047302,19.877928,0.029343,60,38.990000,39.900000,38.400000,0.428517,60,38.469762,38.498512,38.426414,0.012596,60,37.576001,37.609291,37.553215,0.013297,60,38.662112,38.693443,38.637367,0.012885,60,35.386667,35.500000,35.300000,0.072408,60,37.898238,37.928909,37.868973,0.015121,60,36.881910,36.905594,36.859818,0.011106,60,38.062923,38.087082,38.020828,0.017095,60,998.186667,998.200000,998.100000,0.034280,60,998.186667,998.200000,998.100000,0.034280,60,19.318333,19.800000,19.000000,0.281336,60,173.492778,173.629990,173.286316,0.103436,60,767.930510,768.598389,766.709045,0.514728,60,808.425860,809.185852,807.111389,0.555832,60,8.828010,8.836309,8.813656,0.006070,60,1.833819,1.835269,1.831636,0.001093,60,8.209177,8.216316,8.196119,0.005502,60,0.713621,0.859448,0.591893,0.066914,60,-179.004336,-178.812164,-179.137848,0.064880,60,0.008521,0.105349,-0.120101,0.048343,60,6.989008,7.108514,6.896083,0.054016,60,179.514118,179.661575,179.375458,0.064624,60,-0.147788,0.002715,-0.274587,0.056959,60,0.000000,23.983333,30.000000,19.000000,2.764740,60,1563.733333,1705.000000,1436.000000,60.073928,60,2.398333,3.000000,1.900000,0.276474,60,156.372652,5.953521,60,60,60,60,60,60,60,60,60,60,60,60,60,60,60,60,60,60,60,60,60,60,60,60,60,60,60,60,60,60,13.4281,13.49,13.37,23.61,25,22,41.83,6867697
2026-10-03 14:24:00,23.926960,23.979553,23.874266,0.024789,60,15.262710,15.317006,15.184253,0.025165,60,19.972381,20.028992,19.909971,0.028861,60,39.185000,40.000000,38.400000,0.529414,60,38.468605,38.498512,38.426414,0.015271,60,37.582321,37.609291,37.553215,0.012608,60,38.645601,38.680092,38.610664,0.017083,60,35.185000,35.300000,35.100000,0.057711,60,37.844385,37.884048,37.810226,0.018156,60,36.848350,36.875259,36.820358,0.014795,60,37.992448,38.027756,37.949783,0.021477,60,998.185000,998.200000,998.100000,0.036009,60,998.185000,998.200000,998.100000,0.036009,60,19.253333,19.700000,18.900000,0.259378,60,173.166860,173.386002,172.846359,0.115333,60,764.678917,766.945618,762.044128,1.391074,60,805.052168,807.259094,802.541138,1.296809,60,8.791170,8.815269,8.763749,0.014161,60,1.830374,1.832690,1.826986,0.001219,60,8.174417,8.198648,8.146252,0.014870,60,0.731540,0.949889,0.591428,0.076094,60,-178.992707,-178.844727,-179.140488,0.066164,60,0.003501,0.092091,-0.080603,0.043095,60,7.007057,7.120279,6.899903,0.049358,60,179.535220,179.661865,179.376617,0.067276,60,-0.140026,0.015252,-0.261496,0.050702,60,0.000000,23.716667,29.000000,15.000000,3.334929,60,1558.350000,1771.000000,1229.000000,108.082333,60,2.371667,2.900000,1.500000,0.333493,60,155.864338,10.692141,60,60,60,60,60,60,60,60,60,60,60,60,60,60,60,60,60,60,60,60,60,60,60,60,60,60,60,60,60,60,13.4281,13.52,13.36,23.74,25,22,41.87,6867731
2026-10-03 14:25:00,23.937082,24.010071,23.855955,0.031133,60,15.271356,15.335317,15.216296,0.031184,60,19.974950,20.045776,19.926756,0.030325,60,39.213333,41.200000,37.900000,0.899805,60,38.447421,38.485161,38.410393,0.016183,60,37.566255,37.595940,37.539864,0.011594,60,38.607638,38.637367,38.567940,0.015394,60,35.100000,35.100000,35.100000,0.000002,60,37.821184,37.838516,37.800278,0.007333,60,36.814606,36.840073,36.798019,0.008485,60,37.944984,37.968613,37.918808,0.012102,60,998.200000,998.200000,998.200000,0.000052,60,998.200000,998.200000,998.200000,0.000052,60,19.216667,20.000000,18.700000,0.372425,60,172.256213,172.817551,171.532211,0.394449,60,760.120261,762.157104,756.899841,1.586964,60,800.364722,802.601135,796.993958,1.593577,60,8.739983,8.764404,8.703174,0.017402,60,1.820748,1.826681,1.813095,0.004169,60,8.125685,8.147459,8.091259,0.016965,60,0.704703,0.818743,0.562878,0.055728,60,-179.001041,-178.858856,-179.111496,0.054507,60,0.000587,0.092028,-0.120632,0.039527,60,7.003723,7.137264,6.831295,0.055831,60,179.534268,179.622437,179.430252,0.052426,60,-0.136015,-0.050462,-0.261299,0.047475,60,0.000000,15.533333,22.000000,9.000000,3.316454,60,1506.633333,1817.000000,1200.000000,162.822454,60,1.553333,2.200000,0.900000,0.331645,60,150.608637,16.144014,60,60,60,60,60,60,60,60,60,60,60,60,60,60,60,60,60,60,60,60,60,60,60,60,60,60,60,60,60,60,13.4267,13.48,13.37,23.69,26,22,41.93,6867765
2026-10-03 14:26:00,23.949187,24.023804,23.900206,0.026068,60,15.283055,15.350576,15.216296,0.027565,60,19.985046,20.042725,19.908445,0.027291,60,39.250000,41.300000,38.100000,0.774268,60,38.441502,38.455788,38.426414,0.010679,60,37.554150,37.579918,37.523842,0.013694,60,38.584006,38.610664,38.554588,0.010766,60,35.156667,35.200000,35.100000,0.049972,60,37.825907,37.842667,37.806320,0.010077,60,36.802341,36.816330,36.785355,0.006407,60,37.937755,37.964035,37.918808,0.009132,60,998.163333,998.200000,998.100000,0.048596,60,998.163333,998.200000,998.100000,0.048596,60,19.191667,20.000000,18.700000,0.312069,60,170.918771,171.507507,170.326218,0.329187,60,752.697630,756.705994,750.196106,1.775489,60,792.976057,796.688110,790.275330,1.806886,60,8.659299,8.699834,8.629807,0.019731,60,1.806611,1.812834,1.800348,0.003480,60,8.046337,8.089187,8.019596,0.018980,60,0.708478,0.816449,0.591196,0.051731,60,-178.990191,-178.881012,-179.099075,0.053788,60,0.002785,0.092091,-0.080489,0.038683,60,6.988409,7.133856,6.853413,0.060163,60,179.532196,179.689133,179.403610,0.057168,60,-0.146086,-0.050697,-0.274737,0.050465,60,0.000000,14.500000,24.000000,7.000000,4.876439,60,1408.366667,1703.000000,1133.000000,102.104295,60,1.450000,2.400000,0.700000,0.487644,60,140.822411,10.088330,60,60,60,60,60,60,60,60,60,60,60,60,60,60,60,60,60,60,60,60,60,60,60,60,60,60,60,60,60,60,13.4280,13.50,13.37,23.69,26,22,41.97,6867799
2026-10-03 14:27:00,23.958089,24.025330,23.872740,0.029030,60,15.286666,15.371939,15.231556,0.024949,60,20.004527,20.059509,19.940491,0.028971,60,39.578333,41.800000,38.200000,1.090808,60,38.443326,38.485161,38.410393,0.014297,60,37.548453,37.579918,37.523842,0.013492,60,38.575506,38.594643,38.554588,0.012134,60,35.175000,35.300000,35.100000,0.047389,60,37.856158,37.890121,37.828629,0.016095,60,36.800690,36.827225,36.782883,0.008206,60,37.956144,37.992233,37.927719,0.014805,60,998.181667,998.200000,998.100000,0.039021,60,998.181667,998.200000,998.100000,0.039021,60,19.363333,20.300000,18.700000,0.482215,60,169.641921,170.345886,168.863220,0.434384,60,746.616026,749.956787,743.694641,1.832002,60,786.594102,789.914368,783.675598,1.836622,60,8.589608,8.625865,8.557737,0.020056,60,1.793115,1.800556,1.784884,0.004591,60,7.981325,8.017037,7.950095,0.019584,60,0.703488,0.843138,0.566495,0.062402,60,-179.001326,-178.881271,-179.098648,0.047636,60,-0.001659,0.092248,-0.106778,0.043472,60,6.980543,7.147603,6.819916,0.059036,60,179.531501,179.661865,179.375748,0.066498,60,-0.133780,-0.024101,-0.261440,0.052229,60,0.000000,11.883333,17.000000,7.000000,2.248100,60,1205.133333,1585.000000,776.000000,180.346415,60,1.188333,1.700000,0.700000,0.224810,60,120.492042,17.798729,60,60,60,60,60,60,60,60,60,60,60,60,60,60,60,60,60,60,60,60,60,60,60,60,60,60,60,60,60,60,13.4270,13.49,13.37,23.72,26,22,41.98,6867832
2026-10-03 14:28:00,23.960581,24.025330,23.918516,0.021905,60,15.302307,15.371939,15.181201,0.034310,60,20.002467,20.093081,19.940491,0.029889,60,39.258333,40.800000,38.300000,0.914347,60,38.466380,38.511864,38.426414,0.019988,60,37.552993,37.579918,37.507820,0.014858,60,38.592017,38.624016,38.554588,0.015363,60,35.305000,35.400000,35.200000,0.056524,60,37.930020,37.968613,37.882950,0.025369,60,36.851092,36.894241,36.807968,0.025853,60,38.027541,38.063156,37.980087,0.025137,60,998.110000,998.200000,998.100000,0.030253,60,998.110000,998.200000,998.100000,0.030253,60,19.351667,20.000000,19.000000,0.379336,60,168.237838,168.872131,167.825058,0.327823,60,742.118638,744.231384,739.506165,1.101804,60,781.949237,784.297668,779.163330,1.264276,60,8.538886,8.564530,8.508464,0.013806,60,1.778274,1.784978,1.773911,0.003465,60,7.933248,7.955833,7.905320,0.011778,60,0.697303,0.817595,0.538817,0.056730,60,-178.981124,-178.854523,-179.074158,0.055846,60,0.004992,0.092201,-0.107030,0.038042,60,6.982045,7.100687,6.870005,0.053104,60,179.548961,179.661423,179.444092,0.049263,60,-0.132710,-0.063794,-0.235166,0.045780,60,0.000000,15.650000,23.000000,7.000000,4.209855,60,801.666667,1464.000000,387.000000,281.362886,60,1.565000,2.300000,0.700000,0.420986,60,79.091187,27.679412,60,60,60,60,60,60,60,60,60,60,60,60,60,60,60,60,60,60,60,60,60,60,60,60,60,60,60,60,60,60,13.4278,13.49,13.36,23.66,25,22,41.99,6867868
2026-10-03 14:29:00,23.953231,24.014648,23.904783,0.025977,60,15.303731,15.353628,15.249866,0.028261,60,20.002925,20.093081,19.942017,0.031416,60,39.108333,40.200000,38.400000,0.476673,60,38.508526,38.554588,38.469139,0.018667,60,37.592468,37.622643,37.553215,0.017125,60,38.631982,38.680092,38.610664,0.015644,60,35.200000,35.200000,35.200000,0.000000,60,38.008224,38.073257,37.955978,0.029976,60,36.928831,36.977249,36.889114,0.026605,60,38.101784,38.160812,38.058273,0.028962,60,998.100000,998.100000,998.100000,0.000039,60,998.100000,998.100000,998.100000,0.000039,60,19.161667,19.700000,18.900000,0.216358,60,167.147828,167.791672,166.629822,0.418085,60,736.307686,739.419434,734.575073,1.384730,60,775.890541,778.932068,774.247070,1.399552,60,8.472725,8.505939,8.454779,0.015283,60,1.766752,1.773558,1.761277,0.004419,60,7.871129,7.904394,7.852607,0.014803,60,0.694777,0.805941,0.592359,0.049168,60,-178.992911,-178.854523,-179.138855,0.056207,60,-0.002037,0.065685,-0.054049,0.038790,60,6.979300,7.098734,6.840131,0.055886,60,179.544993,179.661804,179.402512,0.058811,60,-0.139995,-0.024101,-0.274687,0.044380,60,0.000000,14.583333,24.000000,3.000000,4.927583,60,965.866667,2058.000000,534.000000,297.394360,60,1.458333,2.400000,0.300000,0.492758,60,94.555326,28.345490,60,60,60,60,60,60,60,60,60,60,60,60,60,60,60,60,60,60,60,60,60,60,60,60,60,60,60,60,60,60,13.4298,13.49,13.37,23.72,26,22,42.00,6867902
2026-10-03 14:30:00,23.946950,24.000916,23.892576,0.025113,60,15.296813,15.355154,15.220875,0.032151,60,19.996541,20.047302,19.946594,0.023689,60,40.778333,42.400000,39.500000,1.010469,60,38.567584,38.610664,38.511864,0.024834,60,37.651393,37.692070,37.609291,0.021961,60,38.684720,38.736168,38.637367,0.022096,60,35.278333,35.300000,35.200000,0.041545,60,38.083616,38.100113,38.064926,0.008632,60,37.029990,37.065384,36.971603,0.023879,60,38.175533,38.199875,38.150620,0.010580,60,998.100000,998.100000,998.100000,0.000039,60,998.100000,998.100000,998.100000,0.000039,60,20.000000,20.700000,19.500000,0.413747,60,167.073691,167.842667,166.426987,0.437632,60,735.527956,736.401978,734.770935,0.441250,60,774.941998,775.720337,774.040955,0.444062,60,8.462367,8.470866,8.452527,0.004849,60,1.765969,1.774097,1.759133,0.004626,60,7.862794,7.872137,7.854701,0.004717,60,0.692529,0.845484,0.564457,0.059530,60,-179.003535,-178.880463,-179.140686,0.061403,60,0.004125,0.092217,-0.080432,0.039606,60,6.983761,7.094829,6.859118,0.051599,60,179.523105,179.648682,179.430496,0.055055,60,-0.126378,-0.024524,-0.274386,0.055574,60,0.000000,20.466667,28.000000,7.000000,4.770910,60,1654.100000,1892.000000,1481.000000,82.634523,60,2.046667,2.800000,0.700000,0.477091,60,165.384848,8.176963,60,60,60,60,60,60,60,60,60,60,60,60,60,60,60,60,60,60,60,60,60,60,60,60,60,60,60,60,60,60,13.4237,13.49,13.36,23.72,25,22,42.00,6867936
2026-10-03 14:31:00,23.928333,23.988708,23.868162,0.026999,60,15.287073,15.339894,15.222401,0.025687,60,19.976094,20.033569,19.882505,0.029418,60,40.081667,41.300000,39.100000,0.625582,60,38.623170,38.653389,38.583961,0.016545,60,37.701728,37.734795,37.652016,0.018534,60,38.729626,38.762878,38.706795,0.012947,60,35.298333,35.300000,35.200000,0.012910,60,38.082184,38.096786,38.066605,0.008708,60,37.053678,37.068192,37.039047,0.006561,60,38.166590,38.188705,38.148544,0.008561,60,998.100000,998.100000,998.100000,0.000039,60,998.100000,998.100000,998.100000,0.000039,60,19.725000,20.200000,19.400000,0.240497,60,167.569852,167.875137,167.033646,0.245245,60,732.994197,735.517761,729.439453,1.714135,60,772.329924,774.522827,768.642761,1.665506,60,8.433843,8.457789,8.393579,0.018187,60,1.771213,1.774440,1.765546,0.002592,60,7.835708,7.862685,7.797708,0.018324,60,0.670050,0.816449,0.524348,0.054628,60,-178.992514,-178.883392,-179.099075,0.055348,60,0.001942,0.091996,-0.106526,0.040905,60,6.979578,7.116353,6.819916,0.056730,60,179.532115,179.702057,179.431946,0.061241,60,-0.145712,0.001353,-0.235475,0.050229,60,0.000000,21.916667,29.000000,17.000000,3.087930,60,1717.250000,2013.000000,1555.000000,127.581629,60,2.191667,2.900000,1.700000,0.308793,60,171.634513,12.630430,60,60,60,60,60,60,60,60,60,60,60,60,60,60,60,60,60,60,60,60,60,60,60,60,60,60,60,60,60,60,13.3955,13.48,13.33,23.65,25,22,42.00,6867969
2026-10-03 14:32:00,23.927036,23.991760,23.868162,0.027527,60,15.285369,15.339894,15.207141,0.029913,60,19.972331,20.018311,19.917601,0.023531,60,40.043333,41.900000,37.900000,1.534282,60,38.646491,38.682762,38.610664,0.013359,60,37.732258,37.750816,37.692070,0.013602,60,38.742176,38.762878,38.722816,0.010552,60,35.355000,35.400000,35.300000,0.050169,60,38.049577,38.086227,38.006607,0.020540,60,37.043440,37.065628,37.025192,0.009084,60,38.130490,38.167587,38.098648,0.021755,60,998.100000,998.100000,998.100000,0.000039,60,998.100000,998.100000,998.100000,0.000039,60,19.706667,20.500000,18.900000,0.603062,60,166.256842,166.986298,165.719727,0.402273,60,726.128360,729.855652,722.801819,2.231211,60,765.182566,768.942871,761.486328,2.342012,60,8.355794,8.396856,8.315431,0.025575,60,1.757335,1.765045,1.751657,0.004252,60,7.762312,7.802157,7.726751,0.023852,60,0.736178,0.881963,0.592359,0.066239,60,-178.993615,-178.881805,-179.112335,0.061026,60,0.006764,0.092154,-0.080432,0.043314,60,6.983986,7.088307,6.879526,0.049081,60,179.525059,179.662827,179.321365,0.064842,60,-0.142146,-0.024271,-0.235097,0.051238,60,0.000000,21.716667,31.000000,12.000000,5.737453,60,1912.583333,2086.000000,1664.000000,100.260726,60,2.171667,3.100000,1.200000,0.573745,60,191.277420,9.932212,60,60,60,60,60,60,60,60,60,60,60,60,60,60,60,60,60,60,60,60,60,60,60,60,60,60,60,60,60,60,13.3989,13.48,13.32,23.70,26,22,42.00,6868003
2026-10-03 14:33:00,23.927952,24.007019,23.883421,0.026562,60,15.282902,15.326161,15.225452,0.024141,60,19.981893,20.050354,19.899290,0.029823,60,39.515000,41.100000,38.400000,0.892117,60,38.646624,38.666740,38.610664,0.012664,60,37.746368,37.777527,37.708092,0.015169,60,38.729670,38.749519,38.706795,0.011895,60,35.503333,35.600000,35.400000,0.068807,60,38.041953,38.066483,38.012344,0.011127,60,37.042823,37.065109,37.025009,0.009392,60,38.111485,38.139206,38.085098,0.010601,60,998.100000,998.100000,998.100000,0.000039,60,998.100000,998.100000,998.100000,0.000039,60,19.640000,20.300000,19.200000,0.361822,60,165.236431,165.699142,164.483322,0.363856,60,722.145885,723.871277,719.892639,1.258099,60,761.263670,762.559814,758.755615,1.136244,60,8.312999,8.327153,8.285611,0.012408,60,1.746549,1.751440,1.738589,0.003846,60,7.719739,7.738183,7.695652,0.013449,60,0.713895,0.845190,0.591893,0.057584,60,-178.989645,-178.883133,-179.138474,0.062824,60,-0.000975,0.092154,-0.106652,0.045276,60,6.986102,7.082448,6.854817,0.053415,60,179.526584,179.648224,179.403061,0.059961,60,-0.138853,0.001353,-0.274687,0.057409,60,0.000000,14.000000,18.000000,9.000000,2.162861,60,1894.350000,2135.000000,1692.000000,128.303246,60,1.400000,1.800000,0.900000,0.216286,60,189.442347,12.724080,60,60,60,60,60,60,60,60,60,60,60,60,60,60,60,60,60,60,60,60,60,60,60,60,60,60,60,60,60,60,13.3994,13.47,13.33,23.71,25,22,42.00,6868037
2026-10-03 14:34:00,23.938404,23.991760,23.886473,0.026013,60,15.284708,15.341420,15.222401,0.027367,60,19.988759,20.033569,19.917601,0.027118,60,38.301695,39.700000,37.700000,0.564615,59,38.658685,38.682762,38.626686,0.011906,60,37.767645,37.790878,37.734795,0.013647,60,38.737192,38.762878,38.706795,0.011832,60,35.600000,35.600000,35.600000,0.000002,59,38.066938,38.081741,38.049667,0.006510,60,37.074159,37.094193,37.043747,0.010107,60,38.132088,38.149429,38.115707,0.008335,60,998.100000,998.100000,998.100000,0.000039,59,998.100000,998.100000,998.100000,0.000039,59,19.255932,19.800000,18.900000,0.247937,59,164.204435,164.497284,164.044495,0.101628,60,717.148504,719.962708,715.444031,1.166436,60,756.276475,758.828613,754.599243,1.126197,60,8.258539,8.286408,8.240224,0.012298,60,1.735641,1.738736,1.733950,0.001074,60,7.666317,7.696402,7.648097,0.012469,60,0.697845,0.817022,0.527168,0.060867,60,-178.995157,-178.854782,-179.113998,0.063291,60,0.000566,0.065663,-0.106841,0.038979,60,6.976367,7.088309,6.840354,0.060805,60,179.530806,179.648682,179.403610,0.057254,60,-0.146946,-0.050462,-0.261496,0.045268,60,0.000000,17.950000,25.000000,11.000000,2.930986,60,1659.000000,1871.000000,1453.000000,95.793563,60,1.795000,2.500000,1.100000,0.293099,60,165.890806,9.488168,60,60,60,60,60,60,60,60,60,60,60,60,60,60,60,60,60,60,60,60,60,60,59,59,59,59,59,59,60,60,13.4020,13.49,13.33,23.69,25,22,42.01,6868071
2026-10-03 14:35:00,23.942143,24.020752,23.886473,0.029441,60,15.294804,15.344473,15.243763,0.026152,60,19.988581,20.050354,19.917601,0.029132,60,37.985000,40.100000,36.600000,1.198138,60,38.671146,38.709465,38.640038,0.015800,60,37.785226,37.806900,37.750816,0.013662,60,38.738572,38.762878,38.706795,0.011777,60,35.556667,35.600000,35.500000,0.049972,60,38.069808,38.086807,38.057297,0.006936,60,37.089652,37.106033,37.075943,0.006282,60,38.129289,38.150345,38.107925,0.009397,60,998.100000,998.100000,998.100000,0.000039,60,998.100000,998.100000,998.100000,0.000039,60,19.038333,20.000000,18.400000,0.533962,60,163.768947,164.217148,163.299530,0.319257,60,713.585925,715.805725,710.508606,1.503089,60,752.528476,754.935242,749.396423,1.675482,60,8.217611,8.243893,8.183409,0.018296,60,1.731038,1.735775,1.726076,0.003375,60,7.628233,7.651963,7.595337,0.016068,60,0.711410,0.909550,0.590731,0.063864,60,-179.002643,-178.881271,-179.208771,0.060989,60,-0.001399,0.105437,-0.120433,0.042472,60,6.971450,7.129396,6.827094,0.054600,60,179.538268,179.662231,179.403763,0.063652,60,-0.154024,-0.050854,-0.274386,0.049122,60,0.000000,15.900000,27.000000,11.000000,4.432928,60,1511.150000,1830.000000,1291.000000,159.854258,60,1.590000,2.700000,1.100000,0.443293,60,151.110207,15.867116,60,60,60,60,60,60,60,60,60,60,60,60,60,60,60,60,60,60,60,60,60,60,60,60,60,60,60,60,60,60,13.3995,13.48,13.33,23.69,25,22,42.00,6868104
2026-10-03 14:36:00,23.938760,24.055847,23.886473,0.029765,60,15.297398,15.359732,15.240711,0.027390,60,19.989420,20.036621,19.917601,0.025364,60,37.833333,39.600000,36.700000,0.877335,60,38.677644,38.709465,38.653389,0.013259,60,37.796842,37.833603,37.764175,0.014099,60,38.744402,38.778900,38.706795,0.011566,60,35.566667,35.600000,35.500000,0.047538,60,38.078019,38.103653,38.054794,0.014747,60,37.090666,37.115036,37.072586,0.010535,60,38.140600,38.179977,38.106644,0.021980,60,998.095000,998.100000,998.000000,0.021978,60,998.095000,998.100000,998.000000,0.021978,60,19.028333,19.800000,18.400000,0.429857,60,162.740898,163.408356,161.727432,0.592934,60,707.777736,710.664490,705.142395,1.617946,60,747.023774,749.600891,744.034790,1.596264,60,8.157500,8.185642,8.124860,0.017431,60,1.720171,1.727226,1.709459,0.006267,60,7.566144,7.597003,7.537972,0.017296,60,0.698058,0.843138,0.565814,0.060941,60,-178.978295,-178.813568,-179.074600,0.055889,60,-0.002266,0.092170,-0.119573,0.042812,60,6.971077,7.082448,6.836562,0.060847,60,179.547438,179.702560,179.443329,0.057557,60,-0.139550,0.014221,-0.261299,0.052125,60,0.000000,9.733333,16.000000,1.000000,3.343938,60,1623.366667,1995.000000,1263.000000,213.308638,60,0.973333,1.600000,0.100000,0.334394,60,162.512284,21.203290,60,60,60,60,60,60,60,60,60,60,60,60,60,60,60,60,60,60,60,60,60,60,60,60,60,60,60,60,60,60,13.3958,13.48,13.33,23.77,26,22,42.01,6868138
2026-10-03 14:37:00,23.952646,24.010071,23.904783,0.023564,60,15.312428,15.381094,15.243763,0.027206,60,19.993591,20.070192,19.917601,0.026017,60,37.375000,38.300000,36.700000,0.511437,60,38.699407,38.738838,38.653389,0.016920,60,37.813353,37.846954,37.790878,0.016725,60,38.769330,38.805603,38.736168,0.017846,60,35.691667,35.800000,35.600000,0.046182,60,38.130544,38.196365,38.092728,0.026613,60,37.136993,37.176041,37.105728,0.016864,60,38.205649,38.261520,38.162003,0.027344,60,998.098333,998.100000,998.000000,0.012910,60,998.098333,998.100000,998.000000,0.012910,60,18.928333,19.400000,18.600000,0.208377,60,161.248145,161.707306,160.707565,0.328669,60,702.456046,705.132690,699.923828,1.650360,60,741.276978,744.418762,738.664185,1.753948,60,8.094745,8.129053,8.066213,0.019153,60,1.704393,1.709246,1.698679,0.003474,60,7.509255,7.537868,7.482185,0.017642,60,0.687492,0.819893,0.564683,0.050266,60,-178.989073,-178.855865,-179.099731,0.058622,60,-0.006294,0.092154,-0.107030,0.047003,60,6.970365,7.071979,6.840131,0.052352,60,179.540572,179.702560,179.375748,0.065178,60,-0.135973,-0.050854,-0.261665,0.041644,60,0.000000,6.750000,14.000000,0.000000,3.712667,60,1789.450000,2445.000000,1406.000000,210.792164,60,0.675000,1.400000,0.000000,0.371267,60,178.551603,20.736245,60,60,60,60,60,60,60,60,60,60,60,60,60,60,60,60,60,60,60,60,60,60,60,60,60,60,60,60,60,60,13.4044,13.47,13.35,23.72,25,22,42.03,6868172
2026-10-03 14:38:00,23.951654,23.997864,23.874266,0.025144,60,15.307291,15.382620,15.245289,0.028432,60,19.998728,20.054932,19.935911,0.024662,60,40.586441,43.300000,36.900000,1.616985,59,38.742090,38.794922,38.709465,0.020077,60,37.860261,37.903030,37.820251,0.020028,60,38.818554,38.861679,38.792252,0.019939,60,35.859322,35.900000,35.800000,0.049545,59,38.240977,38.297104,38.177933,0.032175,60,37.222112,37.283249,37.165268,0.035032,60,38.304504,38.347488,38.258224,0.026802,60,998.074576,998.100000,998.000000,0.043917,59,998.074576,998.100000,998.000000,0.043917,59,20.405085,21.500000,18.700000,0.670158,59,160.017962,160.716492,159.536804,0.373483,60,698.535194,700.001648,696.761292,0.999899,60,737.173260,738.557251,735.466370,0.996397,60,8.049932,8.065045,8.031293,0.010881,60,1.691390,1.698773,1.686304,0.003948,60,7.467341,7.483017,7.448378,0.010689,60,0.687656,0.803104,0.564457,0.051514,60,-179.000645,-178.882065,-179.113388,0.054260,60,0.011427,0.092201,-0.080432,0.041154,60,6.988502,7.094178,6.862926,0.047831,60,179.532418,179.661804,179.403351,0.054884,60,-0.125047,0.041600,-0.234994,0.053852,60,0.000000,7.150000,15.000000,4.000000,2.399329,60,1670.183333,2172.000000,866.000000,272.380560,60,0.715000,1.500000,0.400000,0.239933,60,167.681351,26.784639,60,60,60,60,60,60,60,60,60,60,60,60,60,60,60,60,60,60,60,60,60,60,59,59,59,59,59,59,60,60,13.3914,13.46,13.33,23.72,26,22,42.07,6868206
2026-10-03 14:39:00,23.939549,24.016174,23.892576,0.029014,60,15.310292,15.367361,15.262074,0.023222,60,19.992447,20.056458,19.940491,0.027879,60,40.181667,42.500000,39.000000,0.978323,60,38.808451,38.850998,38.765549,0.022663,60,37.930312,37.991150,37.862976,0.031304,60,38.875832,38.920425,38.834976,0.023554,60,35.993333,36.000000,35.900000,0.025155,60,38.325135,38.348495,38.288620,0.015847,60,37.333076,37.374252,37.278000,0.028222,60,38.374974,38.398575,38.347946,0.013214,60,998.011667,998.100000,998.000000,0.032373,60,998.011667,998.100000,998.000000,0.032373,60,20.381667,21.300000,19.800000,0.419641,60,159.687955,159.891464,159.514618,0.115705,60,695.994319,697.146912,694.558044,0.692731,60,734.502510,735.764893,733.196594,0.563950,60,8.020767,8.034553,8.006507,0.006158,60,1.687902,1.690053,1.686069,0.001223,60,7.440179,7.452500,7.424825,0.007405,60,0.685445,0.805089,0.590731,0.051833,60,-179.013502,-178.882599,-179.141678,0.065445,60,0.017832,0.092201,-0.106967,0.037598,60,6.997150,7.155479,6.899579,0.060085,60,179.551024,179.688934,179.431290,0.052282,60,-0.144126,-0.024609,-0.274737,0.046636,60,0.000000,10.216667,16.000000,1.000000,4.573660,60,1791.916667,3553.000000,606.000000,530.870257,60,1.021667,1.600000,0.100000,0.457366,60,172.852475,45.371899,60,60,60,60,60,60,60,60,60,60,60,60,60,60,60,60,60,60,60,60,60,60,60,60,60,60,60,60,60,60,13.3960,13.47,13.32,23.72,26,22,42.09,6868239
2026-10-03 14:40:00,23.931334,23.978027,23.849852,0.028974,60,15.305359,15.368887,15.234608,0.029671,60,19.986674,20.042725,19.926756,0.028109,60,38.963333,41.300000,38.000000,0.780692,60,38.880683,38.923096,38.821625,0.028174,60,38.006504,38.060577,37.959106,0.024912,60,38.931819,38.976501,38.893723,0.022405,60,36.118333,36.200000,36.000000,0.067627,60,38.383482,38.436966,38.340134,0.027267,60,37.413463,37.462234,37.376389,0.021803,60,38.418461,38.475632,38.386368,0.022222,60,998.023333,998.100000,998.000000,0.042652,60,998.023333,998.100000,998.000000,0.042652,60,19.946667,20.800000,19.500000,0.327014,60,159.425833,159.837723,158.613678,0.359590,60,692.272334,694.665894,688.687805,1.837057,60,730.788161,733.119263,727.335815,1.780693,60,7.980207,8.005662,7.942507,0.019445,60,1.685131,1.689485,1.676546,0.003801,60,7.400391,7.425978,7.362072,0.019638,60,0.686990,0.817882,0.565588,0.055540,60,-179.011441,-178.854523,-179.181641,0.060068,60,0.016735,0.131915,-0.080773,0.046121,60,6.991889,7.121544,6.862926,0.048884,60,179.541742,179.689133,179.363037,0.063566,60,-0.147253,0.001262,-0.234994,0.047464,60,0.000000,7.116667,12.000000,2.000000,2.009230,60,2162.466667,2428.000000,1760.000000,132.733512,60,0.711667,1.200000,0.200000,0.200923,60,216.293920,13.106474,60,60,60,60,60,60,60,60,60,60,60,60,60,60,60,60,60,60,60,60,60,60,60,60,60,60,60,60,60,60,13.4064,13.47,13.33,23.76,26,22,42.15,6868273
2026-10-03 14:41:00,23.922942,23.979553,23.842222,0.026227,60,15.299280,15.353628,15.239185,0.027700,60,19.982045,20.047302,19.894712,0.030145,60,37.998333,39.100000,37.000000,0.723103,60,38.952691,39.021896,38.896393,0.024529,60,38.085634,38.132675,38.033875,0.026978,60,38.987494,39.048599,38.936447,0.024929,60,36.295000,36.400000,36.200000,0.053441,60,38.465939,38.506516,38.417862,0.020782,60,37.506836,37.562241,37.457748,0.032239,60,38.498879,38.539780,38.453415,0.021361,60,998.036667,998.100000,998.000000,0.048596,60,998.036667,998.100000,998.000000,0.048596,60,19.743333,20.200000,19.400000,0.226519,60,157.853245,158.540268,157.531616,0.282467,60,685.592685,688.519043,683.416809,1.383708,60,724.245501,727.103027,722.053101,1.364164,60,7.908761,7.939965,7.884820,0.014897,60,1.668509,1.675771,1.665109,0.002986,60,7.328986,7.360269,7.305725,0.014792,60,0.672726,0.806510,0.539697,0.059072,60,-179.010414,-178.855865,-179.113388,0.057800,60,0.011457,0.092170,-0.080035,0.035918,60,6.981260,7.058327,6.829395,0.048968,60,179.533872,179.702805,179.429733,0.064480,60,-0.156268,-0.050227,-0.274862,0.051942,60,0.000000,6.600000,10.000000,2.000000,1.852163,60,2023.766667,2308.000000,1379.000000,190.966087,60,0.660000,1.000000,0.200000,0.185216,60,202.752951,18.757795,60,60,60,60,60,60,60,60,60,60,60,60,60,60,60,60,60,60,60,60,60,60,60,60,60,60,60,60,60,60,13.3954,13.47,13.32,23.73,25,22,42.22,6868307
2026-10-03 14:42:00,23.925002,23.984131,23.874266,0.026887,60,15.295135,15.358206,15.222401,0.031473,60,19.986877,20.064089,19.931334,0.030522,60,37.761667,39.200000,37.100000,0.539017,60,39.027949,39.080643,38.965820,0.025954,60,38.172284,38.215454,38.132675,0.022174,60,39.059147,39.104675,38.992523,0.025924,60,36.448333,36.500000,36.400000,0.050394,60,38.543226,38.590561,38.482590,0.027548,60,37.592704,37.633835,37.551254,0.022601,60,38.583281,38.628159,38.529587,0.027783,60,998.028333,998.100000,998.000000,0.045442,60,998.028333,998.100000,998.000000,0.045442,60,19.706667,20.300000,19.500000,0.235686,60,157.408895,157.729645,157.053467,0.191760,60,680.607767,683.478577,678.524414,1.570702,60,719.099875,722.069885,716.901978,1.715333,60,7.852571,7.885004,7.828570,0.018731,60,1.663812,1.667202,1.660055,0.002027,60,7.275697,7.306386,7.253426,0.016791,60,0.685382,0.885594,0.538377,0.061939,60,-179.001350,-178.853973,-179.139069,0.056173,60,0.012083,0.065729,-0.080489,0.039809,60,6.973278,7.082449,6.879526,0.047575,60,179.548841,179.702698,179.443451,0.058673,60,-0.158181,-0.024101,-0.261412,0.048978,60,0.000000,8.800000,16.000000,2.000000,3.193213,60,1357.050000,2160.000000,580.000000,371.422252,60,0.880000,1.600000,0.200000,0.319321,60,135.611957,36.777707,60,60,60,60,60,60,60,60,60,60,60,60,60,60,60,60,60,60,60,60,60,60,60,60,60,60,60,60,60,60,13.3930,13.47,13.32,23.68,26,22,42.32,6868341
2026-10-03 14:43:00,23.910531,23.970398,23.863585,0.021761,60,15.290150,15.344473,15.226978,0.028633,60,19.983215,20.038147,19.905394,0.030610,60,40.273333,42.000000,38.500000,1.110026,60,39.102050,39.150070,39.064621,0.024609,60,38.252753,38.314262,38.202103,0.027012,60,39.137653,39.203476,39.088654,0.027824,60,36.500000,36.500000,36.500000,0.000000,60,38.626544,38.669174,38.578201,0.023506,60,37.670744,37.714920,37.622116,0.027676,60,38.659898,38.693344,38.612991,0.022590,60,998.005000,998.100000,998.000000,0.021978,60,998.005000,998.100000,998.000000,0.021978,60,20.771667,21.500000,20.000000,0.452148,60,156.477185,157.086624,155.927521,0.320969,60,676.738061,679.148438,675.111023,1.049262,60,715.106286,716.995850,713.400513,1.032536,60,7.808961,7.829595,7.790334,0.011275,60,1.653964,1.660406,1.648154,0.003393,60,7.234330,7.260097,7.216937,0.011217,60,0.677442,0.804237,0.590499,0.050777,60,-178.991238,-178.881805,-179.139679,0.051102,60,0.016060,0.131846,-0.106841,0.045159,60,6.962250,7.082448,6.812523,0.054563,60,179.550155,179.688934,179.430252,0.054717,60,-0.158844,-0.024271,-0.300992,0.055819,60,0.000000,11.433333,22.000000,2.000000,4.052062,60,1069.883333,1569.000000,470.000000,248.900095,60,1.143333,2.200000,0.200000,0.405206,60,107.147688,24.679317,60,60,60,60,60,60,60,60,60,60,60,60,60,60,60,60,60,60,60,60,60,60,60,60,60,60,60,60,60,60,13.3913,13.47,13.32,23.82,26,22,42.44,6868375
2026-10-03 14:44:00,23.894229,23.942932,23.822386,0.024838,60,15.284479,15.349051,15.213244,0.031662,60,19.965159,20.024414,19.890135,0.030467,60,42.901667,46.300000,40.200000,1.786531,60,39.164490,39.206146,39.120697,0.021982,60,38.334735,38.370338,38.300911,0.021664,60,39.204500,39.243530,39.174103,0.018972,60,36.373333,36.500000,36.200000,0.093640,60,38.665833,38.685043,38.637497,0.010609,60,37.727890,37.761276,37.699539,0.014622,60,38.704053,38.723343,38.673965,0.011449,60,998.078333,998.100000,998.000000,0.041545,60,998.078333,998.100000,998.000000,0.041545,60,21.783333,23.000000,20.800000,0.659010,60,158.481272,159.820572,157.133972,0.772779,60,682.593450,687.722229,677.526245,3.092724,60,721.566921,727.483215,716.193359,3.429907,60,7.879511,7.944117,7.820832,0.037455,60,1.675147,1.689303,1.660906,0.008168,60,7.296924,7.351750,7.242755,0.033061,60,0.682439,0.817595,0.563780,0.052030,60,-178.983641,-178.881805,-179.100143,0.053210,60,0.007245,0.092279,-0.080262,0.038962,60,6.965556,7.071980,6.849613,0.051102,60,179.553757,179.769958,179.403763,0.072402,60,-0.155163,-0.050697,-0.261271,0.050090,60,0.000000,26.133333,56.000000,5.000000,13.766167,60,705.250000,971.000000,179.000000,191.608590,60,2.613333,5.600000,0.500000,1.376617,60,70.921910,18.860534,60,60,60,60,60,60,60,60,60,60,60,60,60,60,60,60,60,60,60,60,60,60,60,60,60,60,60,60,60,60,13.3834,13.44,13.33,23.85,26,22,42.50,6868408
2026-10-03 14:45:00,23.898782,23.965820,23.826963,0.026732,60,15.287760,15.350576,15.216296,0.033599,60,19.965464,20.061035,19.891661,0.031017,60,47.726667,49.500000,46.300000,0.939684,60,39.218163,39.262230,39.176773,0.017886,60,38.401714,38.458458,38.356987,0.024323,60,39.262627,39.299614,39.230179,0.022538,60,35.971667,36.200000,35.900000,0.100998,60,38.712743,38.755386,38.674606,0.020984,60,37.783551,37.818954,37.734879,0.022255,60,38.759606,38.797470,38.720474,0.022222,60,998.000000,998.000000,998.000000,0.000000,60,998.000000,998.000000,998.000000,0.000000,60,23.190000,23.800000,22.800000,0.239137,60,160.448235,161.382599,159.846649,0.521982,60,690.902732,694.301270,687.514893,2.036217,60,730.625451,733.949036,727.114563,2.031556,60,7.978430,8.014724,7.940091,0.022185,60,1.695938,1.705814,1.689579,0.005517,60,7.385750,7.422081,7.349534,0.021767,60,0.661114,0.778631,0.524565,0.057808,60,-178.980748,-178.772934,-179.168381,0.068304,60,0.007677,0.065839,-0.080319,0.035552,60,6.957369,7.100687,6.838237,0.051589,60,179.562696,179.689133,179.377609,0.073493,60,-0.155565,-0.050697,-0.261721,0.049218,60,0.000000,38.200000,55.000000,15.000000,10.406647,60,977.983333,1205.000000,833.000000,85.909983,60,3.820000,5.500000,1.500000,1.040665,60,97.787715,8.510561,60,60,60,60,60,60,60,60,60,60,60,60,60,60,60,60,60,60,60,60,60,60,60,60,60,60,60,60,60,60,13.3675,13.43,13.31,23.79,25,22,42.75,6868442
2026-10-03 14:46:00,23.902062,23.968872,23.828489,0.027725,60,15.280715,15.336843,15.202563,0.030932,60,19.955088,20.013733,19.894712,0.028757,60,49.526667,50.600000,48.100000,0.763326,60,39.262138,39.304955,39.219498,0.018080,60,38.466246,38.498512,38.413063,0.019395,60,39.308248,39.342339,39.259560,0.017090,60,35.965000,36.000000,35.900000,0.048099,60,38.747871,38.761520,38.734451,0.006997,60,37.819425,37.835434,37.806747,0.006660,60,38.783265,38.806595,38.763504,0.008993,60,998.000000,998.000000,998.000000,0.000000,60,998.000000,998.000000,998.000000,0.000000,60,23.733333,24.100000,23.300000,0.224489,60,161.924748,162.263885,161.276260,0.272428,60,695.030601,695.980103,694.145935,0.452054,60,734.575770,735.282043,733.697021,0.380931,60,8.021567,8.029280,8.011971,0.004160,60,1.711545,1.715129,1.704690,0.002880,60,7.429877,7.440027,7.420420,0.004832,60,0.639860,0.778631,0.458500,0.074504,60,-179.005586,-178.893616,-179.115448,0.056257,60,0.017829,0.105311,-0.079866,0.041778,60,6.967210,7.052490,6.843920,0.047068,60,179.546769,179.688797,179.377762,0.064300,60,-0.161016,0.001987,-0.340498,0.069893,60,0.000000,42.150000,64.000000,9.000000,11.474105,60,1016.566667,1453.000000,799.000000,102.226960,60,4.215000,6.400000,0.900000,1.147410,60,101.596650,10.067639,60,60,60,60,60,60,60,60,60,60,60,60,60,60,60,60,60,60,60,60,60,60,60,60,60,60,60,60,60,60,13.3474,13.42,13.28,23.86,27,22,42.82,6868476
2026-10-03 14:47:00,23.899189,23.968872,23.833067,0.028181,60,15.298314,15.355154,15.236134,0.027842,60,19.959309,20.032043,19.896238,0.029974,60,49.043333,50.000000,48.000000,0.594143,60,39.299436,39.334328,39.275581,0.016088,60,38.506523,38.557259,38.471809,0.017801,60,39.339802,39.358360,39.315636,0.014826,60,35.696667,35.900000,35.500000,0.143759,60,38.772854,38.811874,38.738693,0.015799,60,37.843033,37.875198,37.800919,0.018380,60,38.798942,38.829514,38.774551,0.014101,60,997.956667,998.000000,997.900000,0.049972,60,997.956667,998.000000,997.900000,0.049972,60,23.398333,23.900000,23.100000,0.189997,60,161.455672,161.655167,161.233047,0.107314,60,695.291407,696.893433,694.362183,0.698009,60,734.643126,735.961914,733.796814,0.593293,60,8.022303,8.036704,8.013062,0.006479,60,1.706586,1.708695,1.704233,0.001134,60,7.432665,7.449790,7.422731,0.007462,60,0.649763,0.752432,0.523700,0.060707,60,-178.975612,-178.816116,-179.139069,0.068282,60,-0.019948,0.052493,-0.107282,0.038274,60,6.934094,7.101977,6.670401,0.079799,60,179.567150,179.689529,179.440628,0.068856,60,-0.150067,0.001987,-0.274812,0.064740,60,0.000000,49.583333,64.000000,28.000000,6.768050,60,861.066667,1005.000000,548.000000,75.187645,60,4.958333,6.400000,2.800000,0.676805,60,86.135872,7.427248,60,60,60,60,60,60,60,60,60,60,60,60,60,60,60,60,60,60,60,60,60,60,60,60,60,60,60,60,60,60,13.3534,13.44,13.28,23.89,26,22,42.92,6868510
2026-10-03 14:48:00,23.902495,23.955139,23.846800,0.026632,60,15.301798,15.358206,15.222401,0.028890,60,19.963353,20.050354,19.913023,0.026630,60,51.221667,53.800000,49.600000,1.148779,60,39.344653,39.406425,39.318306,0.018451,60,38.554455,38.597313,38.514534,0.017475,60,39.373981,39.401085,39.328987,0.016020,60,35.273333,35.500000,35.200000,0.093640,60,38.821277,38.863907,38.783371,0.017975,60,37.902245,37.938553,37.866318,0.019339,60,38.856301,38.895096,38.817673,0.020169,60,997.950000,998.000000,997.900000,0.050422,60,997.950000,998.000000,997.900000,0.050422,60,23.738333,24.600000,23.300000,0.360363,60,161.483366,161.901901,160.680817,0.341142,60,695.913429,697.707214,693.297974,1.372103,60,734.612603,736.829834,731.091370,1.747903,60,8.021970,8.046182,7.983518,0.019087,60,1.706879,1.711303,1.698396,0.003606,60,7.439314,7.458490,7.411355,0.014668,60,0.640286,0.739860,0.497189,0.053702,60,-178.975261,-178.788605,-179.104568,0.057030,60,-0.019439,0.065619,-0.107346,0.041093,60,6.964483,7.117623,6.784476,0.071604,60,179.565015,179.688721,179.403061,0.066168,60,-0.158724,0.001534,-0.275284,0.062380,60,0.000000,37.433333,58.000000,4.000000,14.803076,60,891.933333,1335.000000,581.000000,135.282237,60,3.743333,5.800000,0.400000,1.480308,60,89.058197,13.315077,60,60,60,60,60,60,60,60,60,60,60,60,60,60,60,60,60,60,60,60,60,60,60,60,60,60,60,60,60,60,13.3512,13.42,13.28,23.82,26,22,42.97,6868543
2026-10-03 14:49:00,23.902927,23.945984,23.840696,0.022584,60,15.304011,15.373465,15.240711,0.028213,60,19.973093,20.019836,19.900816,0.026676,60,51.418333,53.800000,49.800000,1.033423,60,39.391917,39.449150,39.350349,0.021262,60,38.612356,38.669411,38.557259,0.022759,60,39.425474,39.457161,39.387733,0.018536,60,35.323333,35.400000,35.200000,0.078905,60,38.886707,38.911942,38.843307,0.017208,60,37.964017,37.994827,37.930832,0.016031,60,38.905968,38.935410,38.846298,0.022036,60,997.950000,998.000000,997.900000,0.050422,60,997.950000,998.000000,997.900000,0.050422,60,23.816667,24.600000,23.300000,0.326858,60,161.548293,164.295807,160.534698,1.204426,60,693.580132,697.040710,691.748779,1.646402,60,730.784762,733.778687,729.361877,1.224259,60,7.980170,8.012863,7.964632,0.013369,60,1.707565,1.736607,1.696852,0.012731,60,7.414371,7.451365,7.394794,0.017600,60,0.659319,0.949889,0.431340,0.099589,60,-178.995700,-178.880463,-179.136230,0.055030,60,0.008096,0.092091,-0.080603,0.039077,60,6.947104,7.101978,6.834667,0.047689,60,179.547121,179.811157,179.208359,0.082186,60,-0.154901,0.120168,-0.314236,0.076301,60,0.000000,31.600000,54.000000,7.000000,10.456042,60,1108.266667,1396.000000,806.000000,117.150326,60,3.160000,5.400000,0.700000,1.045604,60,110.825261,11.596358,60,60,60,60,60,60,60,60,60,60,60,60,60,60,60,60,60,60,60,60,60,60,60,60,60,60,60,60,60,60,13.3496,13.44,13.28,23.75,25,22,42.98,6868577
2026-10-03 14:50:00,23.882683,23.929197,23.822386,0.025879,60,15.287480,15.344473,15.225452,0.029132,60,19.938913,20.018311,19.848936,0.031633,60,50.961667,52.000000,50.200000,0.675501,60,39.401263,39.435799,39.363701,0.015048,60,38.625039,38.653389,38.597313,0.014848,60,39.421068,39.457161,39.374382,0.023005,60,35.408333,35.500000,35.400000,0.027872,60,38.771373,38.854568,38.689804,0.046538,60,37.829392,37.937363,37.740372,0.056478,60,38.750426,38.853104,38.656876,0.052671,60,997.928333,998.000000,997.900000,0.045442,60,997.928333,998.000000,997.900000,0.045442,60,23.706667,23.900000,23.400000,0.177427,60,163.843550,164.516479,163.183121,0.501176,60,694.654755,696.685486,692.404053,1.407740,60,731.784725,733.642639,728.932983,1.499820,60,7.991089,8.011377,7.959948,0.016378,60,1.731826,1.738939,1.724846,0.005297,60,7.425859,7.447568,7.401799,0.015049,60,0.606964,0.804237,0.430952,0.074785,60,-178.989957,-178.857513,-179.113174,0.063610,60,0.001272,0.092044,-0.106967,0.040827,60,6.960048,7.088309,6.840355,0.048836,60,179.562192,179.797272,179.402512,0.080922,60,-0.160403,-0.050306,-0.314407,0.061499,60,0.000000,42.483333,68.000000,15.000000,12.206544,60,1099.166667,1284.000000,929.000000,64.279360,60,4.248333,6.800000,1.500000,1.220654,60,109.919194,6.367794,60,60,60,60,60,60,60,60,60,60,60,60,60,60,60,60,60,60,60,60,60,60,60,60,60,60,60,60,60,60,13.3463,13.42,13.28,23.84,26,22,43.00,6868611
2026-10-03 14:51:00,23.897612,23.952087,23.836119,0.024558,60,15.291676,15.355154,15.239185,0.025538,60,19.944355,20.028992,19.880980,0.031018,60,51.941667,53.000000,51.200000,0.579389,60,39.340469,39.393074,39.291603,0.026677,60,38.563667,38.613335,38.514534,0.027233,60,39.333260,39.401085,39.259560,0.034591,60,35.511667,35.600000,35.500000,0.032373,60,38.633315,38.697067,38.579880,0.028804,60,37.660666,37.736801,37.589310,0.039196,60,38.567770,38.661972,38.479752,0.046498,60,997.901667,998.000000,997.900000,0.012910,60,997.901667,998.000000,997.900000,0.012910,60,24.130000,24.400000,23.900000,0.202777,60,162.265242,163.625824,161.244934,0.785157,60,688.501996,692.720459,684.556519,2.364477,60,725.154304,729.330200,721.225403,2.376049,60,7.918685,7.964286,7.875782,0.025946,60,1.715144,1.729525,1.704359,0.008299,60,7.360086,7.405182,7.317909,0.025276,60,0.684196,0.842261,0.537279,0.061627,60,-178.984523,-178.854523,-179.099731,0.053810,60,0.018272,0.092248,-0.080716,0.046777,60,6.945083,7.051125,6.825006,0.051443,60,179.557340,179.756409,179.364059,0.068637,60,-0.137602,0.001806,-0.301105,0.064321,60,0.000000,30.666667,59.000000,5.000000,13.031470,60,1097.933333,1500.000000,789.000000,129.454902,60,3.066667,5.900000,0.500000,1.303147,60,109.776420,12.794830,60,60,60,60,60,60,60,60,60,60,60,60,60,60,60,60,60,60,60,60,60,60,60,60,60,60,60,60,60,60,13.3503,13.42,13.30,23.82,25,22,43.00,6868645
2026-10-03 14:52:00,23.912820,23.965820,23.859007,0.025547,60,15.311437,15.371939,15.236134,0.028986,60,19.973882,20.024414,19.905394,0.024213,60,52.186667,53.200000,51.500000,0.440518,60,39.255017,39.334328,39.176773,0.034289,60,38.459704,38.514534,38.383690,0.037918,60,39.207305,39.286263,39.118027,0.045130,60,35.556667,35.600000,35.400000,0.062073,60,38.482558,38.585587,38.348160,0.074968,60,37.488034,37.595200,37.354324,0.068758,60,38.361453,38.488144,38.217667,0.081176,60,997.886667,997.900000,997.800000,0.034280,60,997.886667,997.900000,997.800000,0.034280,60,24.256667,24.600000,23.900000,0.167095,60,161.975077,162.367691,161.368637,0.268699,60,682.846580,684.650879,678.872009,1.574396,60,719.866848,721.340027,716.388611,1.253407,60,7.860946,7.877033,7.822963,0.013687,60,1.712077,1.716226,1.705667,0.002840,60,7.299630,7.318917,7.257142,0.016830,60,0.738430,1.033331,0.485480,0.135093,60,-178.995014,-178.881012,-179.113174,0.054256,60,0.006958,0.092295,-0.120433,0.047298,60,6.952562,7.068806,6.840354,0.049742,60,179.529783,179.688934,179.336349,0.081642,60,-0.143296,0.106775,-0.340423,0.096804,60,0.000000,39.266667,53.000000,19.000000,7.908088,60,1276.966667,1457.000000,1113.000000,98.187812,60,3.926667,5.300000,1.900000,0.790809,60,127.693749,9.733637,60,60,60,60,60,60,60,60,60,60,60,60,60,60,60,60,60,60,60,60,60,60,60,60,60,60,60,60,60,60,13.3547,13.43,13.28,23.90,26,22,43.00,6868679
2026-10-03 14:53:00,23.928460,24.014648,23.868162,0.025925,60,15.320541,15.367361,15.263599,0.026796,60,19.983825,20.059509,19.909971,0.032817,60,51.566667,53.100000,50.400000,0.828040,60,39.107969,39.206146,39.008545,0.055007,60,38.299930,38.413063,38.188751,0.060029,60,39.020828,39.147400,38.893723,0.067879,60,35.390000,35.400000,35.300000,0.030253,60,38.189061,38.334183,38.028488,0.090936,60,37.199746,37.363480,37.040268,0.093013,60,38.041297,38.208206,37.862930,0.103271,60,997.896667,997.900000,997.800000,0.018102,60,997.896667,997.900000,997.800000,0.018102,60,23.871667,24.400000,23.400000,0.276229,60,161.627155,162.016464,161.191208,0.249047,60,676.054180,679.053650,673.030579,1.679464,60,712.947082,716.238281,710.587097,1.542259,60,7.785382,7.821322,7.759611,0.016841,60,1.708399,1.712514,1.703791,0.002632,60,7.227019,7.259083,7.194697,0.017953,60,0.747253,1.058353,0.483826,0.121870,60,-178.995570,-178.858032,-179.115051,0.060364,60,-0.006488,0.091902,-0.105961,0.037581,60,6.971771,7.105885,6.831295,0.052819,60,179.542700,179.702805,179.375015,0.073095,60,-0.137056,0.002715,-0.301347,0.080716,60,0.000000,42.900000,65.000000,11.000000,12.863956,60,1173.666667,1373.000000,913.000000,79.966872,60,4.290000,6.500000,1.100000,1.286396,60,117.382692,7.911654,60,60,60,60,60,60,60,60,60,60,60,60,60,60,60,60,60,60,60,60,60,60,60,60,60,60,60,60,60,60,13.3622,13.44,13.30,23.94,26,23,43.00,6868712
2026-10-03 14:54:00,23.973602,24.043640,23.920042,0.027876,60,15.341497,15.422294,15.275806,0.028860,60,20.025686,20.097658,19.955750,0.035031,60,52.171667,54.200000,51.100000,0.905556,60,38.891275,39.008545,38.765549,0.069772,60,38.082830,38.188751,37.959106,0.061549,60,38.779475,38.907074,38.650719,0.076597,60,35.296667,35.300000,35.200000,0.018102,60,37.897467,38.025406,37.756973,0.071686,60,36.911027,37.043686,36.786240,0.074325,60,37.728341,37.862381,37.574783,0.079969,60,997.880000,997.900000,997.800000,0.040338,60,997.880000,997.900000,997.800000,0.040338,60,24.050000,24.800000,23.800000,0.294296,60,159.831715,161.181137,159.213455,0.575166,60,668.394582,673.052734,666.000244,2.130299,60,705.471682,710.558777,702.788330,2.510962,60,7.703751,7.759302,7.674448,0.027420,60,1.689421,1.703685,1.682886,0.006079,60,7.145138,7.194933,7.119543,0.022773,60,0.772828,1.028935,0.604800,0.088458,60,-178.975535,-178.853149,-179.074600,0.047893,60,-0.008104,0.092075,-0.081230,0.035530,60,6.963685,7.082448,6.847716,0.056081,60,179.548518,179.730545,179.335892,0.090179,60,-0.142475,0.041000,-0.314205,0.087906,60,0.000000,44.166667,72.000000,10.000000,12.442637,60,1167.133333,1314.000000,993.000000,78.582239,60,4.416667,7.200000,1.000000,1.244264,60,116.710962,7.788339,60,60,60,60,60,60,60,60,60,60,60,60,60,60,60,60,60,60,60,60,60,60,60,60,60,60,60,60,60,60,13.3524,13.42,13.28,24.02,26,22,43.00,6868746
2026-10-03 14:55:00,24.010427,24.078737,23.936827,0.033518,60,15.367895,15.432975,15.312428,0.026923,60,20.054500,20.137331,19.986267,0.031068,60,52.150000,52.700000,51.200000,0.401480,60,38.646581,38.781570,38.527885,0.071163,60,37.854208,37.977798,37.721443,0.067649,60,38.516759,38.666740,38.367668,0.082122,60,35.195000,35.200000,35.100000,0.021978,60,37.621008,37.752121,37.503372,0.071534,60,36.652589,36.783218,36.538101,0.073392,60,37.434751,37.571793,37.314133,0.076531,60,997.900000,997.900000,997.900000,0.000000,60,997.900000,997.900000,997.900000,0.000000,60,23.875000,24.100000,23.600000,0.118786,60,159.474632,160.073029,158.821289,0.378540,60,664.563225,667.397156,662.202148,1.706910,60,701.713347,704.895996,699.323486,1.820882,60,7.662710,7.697464,7.636613,0.019884,60,1.685647,1.691972,1.678741,0.004001,60,7.104181,7.134476,7.078941,0.018247,60,0.715733,0.989591,0.537060,0.079345,60,-178.985807,-178.815002,-179.114426,0.058992,60,-0.011430,0.065663,-0.146406,0.044856,60,6.986624,7.105941,6.859118,0.056813,60,179.532153,179.878799,179.362595,0.095791,60,-0.103862,0.081561,-0.340470,0.097557,60,0.000000,44.700000,66.000000,19.000000,9.929070,60,1155.333333,1292.000000,1042.000000,60.540130,60,4.470000,6.600000,1.900000,0.992907,60,115.533064,6.000139,60,60,60,60,60,60,60,60,60,60,60,60,60,60,60,60,60,60,60,60,60,60,60,60,60,60,60,60,60,60,13.3503,13.43,13.28,23.87,26,22,43.00,6868780
2026-10-03 14:56:00,24.076219,24.153505,24.011597,0.032165,60,15.402533,15.472649,15.339894,0.029860,60,20.096107,20.169374,20.028992,0.032336,60,51.160000,51.600000,50.700000,0.264383,60,38.419783,38.541237,38.311592,0.060616,60,37.629808,37.750816,37.494469,0.062191,60,38.256491,38.367668,38.143356,0.067061,60,35.200000,35.200000,35.200000,0.000000,60,37.438614,37.503769,37.379013,0.037859,60,36.457663,36.529800,36.378250,0.045296,60,37.234966,37.322769,37.158371,0.047929,60,997.900000,997.900000,997.900000,0.000000,60,997.900000,997.900000,997.900000,0.000000,60,23.566667,23.800000,23.400000,0.117411,60,160.145055,161.350128,157.336121,1.224942,60,668.937356,674.012207,654.299011,5.806594,60,706.553237,711.883911,690.790283,6.095320,60,7.715561,7.773772,7.543430,0.066561,60,1.692733,1.705471,1.663043,0.012948,60,7.150940,7.205190,6.994456,0.062072,60,0.729768,0.987954,0.538377,0.075025,60,-178.981443,-178.854782,-179.098022,0.055181,60,-0.023573,0.065619,-0.107282,0.039681,60,6.994655,7.133327,6.819916,0.057296,60,179.549035,179.757019,179.402512,0.076137,60,-0.119457,-0.023678,-0.274862,0.058243,60,0.000000,41.116667,59.000000,17.000000,9.986587,60,1109.283333,1245.000000,838.000000,63.842256,60,4.111667,5.900000,1.700000,0.998659,60,110.945663,6.310213,60,60,60,60,60,60,60,60,60,60,60,60,60,60,60,60,60,60,60,60,60,60,60,60,60,60,60,60,60,60,13.3450,13.44,13.27,23.89,26,22,43.00,6868814
2026-10-03 14:57:00,24.128277,24.174868,24.060425,0.023932,60,15.440477,15.501640,15.381094,0.027604,60,20.136950,20.193790,20.051880,0.032645,60,51.345000,51.900000,50.900000,0.298825,60,38.247457,38.327614,38.186081,0.042480,60,37.448495,37.539864,37.366295,0.047967,60,38.061512,38.156708,37.959106,0.048565,60,35.253333,35.300000,35.200000,0.050310,60,37.372309,37.388535,37.358536,0.007332,60,36.375171,36.393997,36.359299,0.008138,60,37.140311,37.172195,37.120193,0.010360,60,997.893333,997.900000,997.800000,0.025155,60,997.893333,997.900000,997.800000,0.025155,60,23.800000,23.900000,23.600000,0.084372,60,140.526025,157.575760,109.865318,13.845736,60,603.296190,659.565063,489.643921,45.376520,60,639.397496,697.082642,524.909607,46.527592,60,6.982221,7.612143,5.732013,0.508081,60,1.485360,1.665576,1.161276,0.146349,60,6.449236,7.050750,5.234293,0.485075,60,0.713414,0.845190,0.590731,0.058090,60,-178.981651,-178.838928,-179.113998,0.058695,60,-0.019150,0.131909,-0.120433,0.046015,60,7.009106,7.147604,6.901813,0.056895,60,179.533360,179.662018,179.362305,0.064245,60,-0.101043,0.002260,-0.235441,0.051660,60,0.000000,37.950000,57.000000,6.000000,13.406835,60,970.916667,1197.000000,794.000000,83.376884,60,3.795000,5.700000,0.600000,1.340683,60,97.103420,8.256737,60,60,60,60,60,60,60,60,60,60,60,60,60,60,60,60,60,60,60,60,60,60,60,60,60,60,60,60,60,60,13.3455,13.43,13.28,23.97,26,22,43.01,6868849
2026-10-03 14:58:00,24.162966,24.240482,24.112307,0.026890,60,15.452354,15.513847,15.394827,0.028594,60,20.177412,20.257877,20.109865,0.031642,60,51.198333,53.300000,49.400000,1.166698,60,38.133165,38.199432,38.087280,0.029798,60,37.328466,37.395668,37.254143,0.031653,60,37.923592,38.017853,37.873657,0.035928,60,35.043333,35.200000,34.900000,0.088999,60,37.320232,37.382126,37.278061,0.031678,60,36.379614,36.390640,36.361679,0.006659,60,37.082677,37.135757,37.039078,0.029580,60,997.890000,997.900000,997.800000,0.030253,60,997.890000,997.900000,997.800000,0.030253,60,23.495000,24.100000,23.000000,0.318591,60,82.408839,135.216476,55.467278,26.299769,60,359.713557,568.381226,256.726685,102.234686,60,379.873846,599.848389,271.546112,107.801020,60,4.148222,6.550345,2.965284,1.177187,60,0.871061,1.429238,0.586289,0.277989,60,3.845338,6.075995,2.744408,1.092889,60,0.709334,0.856187,0.565588,0.055898,60,-178.963945,-178.879150,-179.061630,0.057233,60,-0.038833,0.065685,-0.160718,0.048918,60,6.992358,7.078546,6.890981,0.045834,60,179.524309,179.688263,179.405533,0.052655,60,-0.112461,0.015628,-0.261637,0.064908,60,0.000000,38.166667,52.000000,18.000000,8.933211,60,954.400000,1148.000000,814.000000,67.327482,60,3.816667,5.200000,1.800000,0.893321,60,95.439109,6.669864,60,60,60,60,60,60,60,60,60,60,60,60,60,60,60,60,60,60,60,60,60,60,60,60,60,60,60,60,60,60,13.1597,13.30,13.00,98.98,126,23,43.03,6868883
2026-10-03 14:59:00,24.161745,24.225224,24.110781,0.023974,60,15.458228,15.510796,15.359732,0.027304,60,20.176318,20.238041,20.119020,0.026234,60,51.558333,52.500000,51.000000,0.392425,60,38.082652,38.130005,38.044556,0.016474,60,37.266915,37.296867,37.227432,0.017047,60,37.848022,37.887009,37.817581,0.019562,60,34.986667,35.000000,34.900000,0.034280,60,37.348493,37.388931,37.309189,0.020111,60,36.412491,36.443741,36.381485,0.017027,60,37.101998,37.138504,37.061783,0.016427,60,997.900000,997.900000,997.900000,0.000000,60,997.900000,997.900000,997.900000,0.000000,60,23.523333,23.800000,23.400000,0.133234,60,122.836161,148.074173,86.109787,20.918733,60,522.315078,621.377258,367.549103,86.694706,60,553.879283,658.268677,389.209778,91.719190,60,6.048362,7.188294,4.250171,1.001574,60,1.298378,1.565144,0.910180,0.221111,60,5.583548,6.642522,3.929100,0.926766,60,0.732461,0.846660,0.605980,0.051500,60,-178.960051,-178.842514,-179.114426,0.052329,60,-0.028184,0.092075,-0.147349,0.046906,60,6.996667,7.147604,6.889071,0.053166,60,179.534479,179.662231,179.363312,0.059681,60,-0.122169,0.014502,-0.261412,0.062084,60,0.000000,33.233333,49.000000,7.000000,9.281596,60,992.083333,1307.000000,753.000000,99.011092,60,3.323333,4.900000,0.700000,0.928160,60,99.154939,9.777648,60,60,60,60,60,60,60,60,60,60,60,60,60,60,60,60,60,60,60,60,60,60,60,60,60,60,60,60,60,60,13.1687,13.28,13.06,100.14,126,88,43.42,6868917
2026-10-03 15:00:00,24.150683,24.208439,24.080263,0.024626,60,15.441698,15.509270,15.373465,0.029358,60,20.169248,20.234989,20.102236,0.030818,60,53.488333,54.500000,51.700000,0.649926,60,38.066274,38.100632,38.044556,0.012815,60,37.247953,37.283516,37.214081,0.012913,60,37.817626,37.846954,37.774857,0.011906,60,35.040000,35.100000,35.000000,0.049403,60,37.397230,37.450302,37.360764,0.026031,60,36.447648,36.473038,36.416977,0.013758,60,37.135607,37.177139,37.094681,0.019811,60,997.896667,997.900000,997.800000,0.018102,60,997.896667,997.900000,997.800000,0.018102,60,24.200000,24.600000,23.600000,0.224741,60,142.558564,160.600555,100.653008,21.136672,60,598.045140,665.611877,436.886780,80.446763,60,632.078382,704.047302,463.808929,85.616607,60,6.902296,7.688197,5.064794,0.934933,60,1.506844,1.697548,1.063902,0.223415,60,6.393102,7.115391,4.670320,0.859976,60,0.764259,0.963876,0.536185,0.067586,60,-178.972746,-178.838928,-179.139679,0.055996,60,-0.033965,0.052493,-0.120300,0.040822,60,7.015613,7.153509,6.892270,0.049977,60,179.517967,179.662231,179.361862,0.066204,60,-0.110928,-0.024609,-0.234994,0.045599,60,0.000000,26.466667,66.000000,5.000000,12.723216,60,1055.833333,1531.000000,705.000000,155.400758,60,2.646667,6.600000,0.500000,1.272322,60,105.459541,15.295185,60,60,60,60,60,60,60,60,60,60,60,60,60,60,60,60,60,60,60,60,60,60,60,60,60,60,60,60,60,60,13.1965,13.33,13.06,90.39,94,88,43.94,6868951
2026-10-03 15:01:00,24.128964,24.179445,24.061951,0.028465,60,15.431551,15.492485,15.373465,0.026356,60,20.137153,20.216679,20.068666,0.028011,60,52.623333,54.200000,51.900000,0.624464,60,38.062402,38.100632,38.031204,0.015973,60,37.238427,37.270164,37.198059,0.013787,60,37.800981,37.830933,37.761505,0.016173,60,35.135000,35.200000,35.100000,0.048099,60,37.414904,37.456772,37.351547,0.026999,60,36.432922,36.477310,36.386246,0.025209,60,37.121259,37.169174,37.050034,0.032720,60,997.846667,997.900000,997.800000,0.050310,60,997.846667,997.900000,997.800000,0.050310,60,24.028333,24.600000,23.800000,0.203438,60,134.082235,160.784866,99.795044,24.192456,60,580.179258,666.235046,453.346832,84.060115,60,617.588554,704.811646,484.483032,86.993619,60,6.744067,7.696544,5.290555,0.949970,60,1.417249,1.699496,1.054834,0.255714,60,6.202116,7.122052,4.846277,0.898603,60,0.796384,1.181192,0.524348,0.106944,60,-178.969715,-178.840317,-179.073502,0.057600,60,-0.026188,0.052568,-0.107282,0.037435,60,7.014222,7.139741,6.892270,0.057682,60,179.525368,179.648453,179.376617,0.062147,60,-0.114038,0.040401,-0.261665,0.062978,60,0.000000,31.416667,59.000000,6.000000,14.329408,60,1129.816667,1436.000000,662.000000,145.963368,60,3.141667,5.900000,0.600000,1.432941,60,113.071254,14.385289,60,60,60,60,60,60,60,60,60,60,60,60,60,60,60,60,60,60,60,60,60,60,60,60,60,60,60,60,60,60,13.1828,13.28,13.10,89.83,92,87,44.00,6868985
2026-10-03 15:02:00,24.119580,24.174868,24.061951,0.026037,60,15.421632,15.474174,15.373465,0.025039,60,20.127362,20.198368,20.033569,0.031271,60,53.050000,55.400000,51.500000,1.186435,60,38.021324,38.057907,37.975128,0.020003,60,37.199617,37.240784,37.155334,0.017370,60,37.742897,37.774857,37.705421,0.019471,60,35.153333,35.200000,35.100000,0.050310,60,37.317596,37.357407,37.272263,0.021714,60,36.365347,36.393753,36.335770,0.012580,60,37.017826,37.068954,36.976273,0.022568,60,997.800000,997.800000,997.800000,0.000000,60,997.800000,997.800000,997.800000,0.000000,60,24.175000,25.000000,23.600000,0.389970,60,99.744139,114.389717,73.177299,10.767748,60,455.110081,527.785217,337.765869,50.754412,60,486.956251,563.475891,369.075043,54.000398,60,5.317562,6.153157,4.030300,0.589684,60,1.054296,1.209099,0.773484,0.113815,60,4.865127,5.642024,3.610717,0.542565,60,0.756475,0.912333,0.500978,0.076587,60,-178.962458,-178.816681,-179.112335,0.058586,60,-0.038796,0.065509,-0.145972,0.043685,60,7.002449,7.094178,6.779061,0.057877,60,179.516447,179.703201,179.336975,0.077198,60,-0.116855,0.002442,-0.340573,0.066482,60,0.000000,51.566667,80.000000,8.000000,13.372583,60,982.800000,1555.000000,875.000000,95.832622,60,5.156667,8.000000,0.800000,1.337258,60,98.130261,9.280914,60,60,60,60,60,60,60,60,60,60,60,60,60,60,60,60,60,60,60,60,60,60,60,60,60,60,60,60,60,60,13.1939,13.32,13.08,89.63,92,87,44.00,6869019
2026-10-03 15:03:00,24.133338,24.174868,24.087893,0.020294,60,15.424074,15.490959,15.355154,0.030166,60,20.154141,20.228886,20.096132,0.028401,60,52.863333,54.000000,51.800000,0.711400,60,37.961821,38.001831,37.913712,0.023652,60,37.160809,37.184708,37.115280,0.015743,60,37.674268,37.718773,37.619972,0.024693,60,34.890000,35.100000,34.800000,0.095136,60,37.225816,37.293259,37.151382,0.043318,60,36.336561,36.372665,36.297348,0.018091,60,36.922969,36.995438,36.855270,0.039921,60,997.800000,997.800000,997.800000,0.000000,60,997.800000,997.800000,997.800000,0.000000,60,23.863333,24.100000,23.600000,0.163610,60,56.031859,66.903603,54.778305,1.982606,60,254.596478,304.878662,249.583511,9.236444,60,269.574921,332.941528,263.738464,11.354437,60,2.943758,3.635722,2.880024,0.123990,60,0.592257,0.707171,0.579007,0.020956,60,2.721636,3.259153,2.668048,0.098738,60,0.764238,0.926329,0.630094,0.067439,60,-178.961185,-178.815002,-179.115051,0.066248,60,-0.051141,-0.000451,-0.146406,0.035092,60,7.018163,7.133329,6.901813,0.056307,60,179.506867,179.770752,179.321854,0.082575,60,-0.116712,0.054155,-0.340413,0.071800,60,0.000000,45.966667,67.000000,19.000000,11.929122,60,1010.033333,1172.000000,872.000000,71.575246,60,4.596667,6.700000,1.900000,1.192912,60,100.997196,7.092300,60,60,60,60,60,60,60,60,60,60,60,60,60,60,60,60,60,60,60,60,60,60,60,60,60,60,60,60,60,60,13.1836,13.27,13.11,89.83,92,87,44.04,6869052
2026-10-03 15:04:00,24.132499,24.171816,24.069582,0.023984,60,15.416291,15.469597,15.368887,0.025420,60,20.138806,20.192265,20.056458,0.027712,60,52.788333,53.600000,52.200000,0.332475,60,37.886697,37.929733,37.814911,0.026830,60,37.111987,37.155334,37.072556,0.022104,60,37.586371,37.649345,37.523842,0.031146,60,34.726667,34.800000,34.700000,0.044595,60,37.078767,37.151718,37.006149,0.042875,60,36.240280,36.309860,36.177567,0.036446,60,36.777634,36.849503,36.692703,0.043066,60,997.800000,997.800000,997.800000,0.000000,60,997.800000,997.800000,997.800000,0.000000,60,23.685000,23.900000,23.400000,0.183030,60,68.062771,81.040932,56.254807,8.714529,60,291.131009,338.604584,252.870453,30.704532,60,306.417109,356.298248,266.931885,31.840607,60,3.346075,3.890777,2.914896,0.347699,60,0.719423,0.856603,0.594613,0.092113,60,3.112190,3.619683,2.703185,0.328231,60,0.756020,0.886201,0.606689,0.067375,60,-178.947052,-178.817230,-179.099075,0.061329,60,-0.051329,0.052367,-0.186815,0.045867,60,6.999167,7.121544,6.862926,0.059109,60,179.495650,179.662750,179.375015,0.062733,60,-0.118927,0.054361,-0.300899,0.058086,60,0.000000,46.466667,73.000000,13.000000,12.598718,60,1056.650000,1216.000000,928.000000,64.509840,60,4.646667,7.300000,1.300000,1.259872,60,105.666863,6.392795,60,60,60,60,60,60,60,60,60,60,60,60,60,60,60,60,60,60,60,60,60,60,60,60,60,60,60,60,60,60,13.1924,13.31,13.10,89.77,92,88,44.06,6869086
2026-10-03 15:05:00,24.135169,24.206913,24.078737,0.022326,60,15.416622,15.486382,15.330739,0.034328,60,20.142290,20.198368,20.070192,0.024916,60,52.781667,53.900000,51.900000,0.499658,60,37.784423,37.857635,37.732124,0.033837,60,37.031567,37.085907,36.971085,0.029135,60,37.471593,37.537193,37.409019,0.037479,60,34.601667,34.700000,34.600000,0.012910,60,36.930193,37.002853,36.879868,0.031691,60,36.111414,36.188095,36.055435,0.033328,60,36.624619,36.700882,36.573959,0.032488,60,997.800000,997.800000,997.800000,0.000000,60,997.800000,997.800000,997.800000,0.000000,60,23.555000,23.900000,23.300000,0.179854,60,89.840827,133.092850,58.167145,22.935657,60,372.533500,532.048279,256.309357,85.921461,60,389.613644,557.993774,269.904022,89.261162,60,4.254581,6.093292,2.947352,0.974732,60,0.949618,1.406791,0.614827,0.242430,60,3.982383,5.687596,2.739947,0.918500,60,0.773601,0.926329,0.605272,0.065166,60,-178.955269,-178.748627,-179.099731,0.069048,60,-0.058464,0.025958,-0.146841,0.043097,60,6.986541,7.126175,6.843920,0.057235,60,179.499040,179.689255,179.362885,0.070539,60,-0.113373,0.002078,-0.208876,0.050749,60,0.000000,37.833333,56.000000,14.000000,10.428395,60,1063.250000,1205.000000,924.000000,66.124337,60,3.783333,5.600000,1.400000,1.042839,60,106.324590,6.552623,60,60,60,60,60,60,60,60,60,60,60,60,60,60,60,60,60,60,60,60,60,60,60,60,60,60,60,60,60,60,13.1539,13.27,13.05,110.20,119,88,44.19,6869120
2026-10-03 15:06:00,24.143918,24.216068,24.087893,0.025285,60,15.422624,15.497063,15.362783,0.029761,60,20.133745,20.210575,20.065615,0.028157,60,53.540000,55.100000,52.400000,0.924470,60,37.685928,37.732124,37.633324,0.029220,60,36.946117,37.000458,36.901657,0.026679,60,37.362556,37.435722,37.310219,0.032509,60,34.680000,34.700000,34.600000,0.040338,60,36.876922,36.906937,36.835037,0.016596,60,36.031340,36.063766,35.997421,0.015627,60,36.562081,36.587631,36.519699,0.019247,60,997.800000,997.800000,997.800000,0.000000,60,997.800000,997.800000,997.800000,0.000000,60,23.903333,24.400000,23.400000,0.351253,60,107.816226,132.197159,91.522568,12.918361,60,449.974770,523.715027,392.481110,46.013255,60,473.349304,549.686401,410.841675,49.496360,60,5.168974,6.002576,4.486391,0.540500,60,1.139617,1.397324,0.967394,0.136547,60,4.810230,5.598513,4.195623,0.491882,60,0.775717,0.913884,0.632029,0.065905,60,-178.957846,-178.812729,-179.073944,0.059124,60,-0.037901,0.065553,-0.107472,0.036577,60,7.014204,7.129396,6.879526,0.053832,60,179.494701,179.621841,179.334656,0.070036,60,-0.113817,0.040500,-0.235200,0.056771,60,0.000000,34.150000,57.000000,4.000000,15.535443,60,1028.800000,1820.000000,783.000000,149.165112,60,3.415000,5.700000,0.400000,1.553544,60,102.455505,14.270808,60,60,60,60,60,60,60,60,60,60,60,60,60,60,60,60,60,60,60,60,60,60,60,60,60,60,60,60,60,60,13.1641,13.30,13.08,102.45,109,88,44.57,6869154
2026-10-03 15:07:00,24.143689,24.197758,24.092470,0.024819,60,15.421709,15.492485,15.376516,0.026158,60,20.141248,20.193790,20.088503,0.024811,60,53.735000,54.600000,53.100000,0.425789,60,37.607911,37.660027,37.547874,0.025924,60,36.869747,36.915009,36.816208,0.024426,60,37.274970,37.336922,37.224762,0.028811,60,34.660000,34.700000,34.600000,0.049403,60,36.809984,36.846878,36.716751,0.033741,60,35.970929,36.023575,35.906235,0.029630,60,36.486439,36.534775,36.398666,0.035767,60,997.803333,997.900000,997.800000,0.018102,60,997.803333,997.900000,997.800000,0.018102,60,23.903333,24.300000,23.800000,0.133996,60,121.119356,148.017700,71.955765,19.980135,60,491.753504,614.308899,309.550079,83.277066,60,514.813901,645.374817,324.156403,87.587532,60,5.621768,7.047493,3.539788,0.956456,60,1.280232,1.564547,0.760572,0.211190,60,5.256845,6.566962,3.309090,0.890232,60,0.831293,1.181192,0.591893,0.123301,60,-178.964187,-178.813858,-179.167023,0.061085,60,-0.044483,0.026021,-0.120433,0.034133,60,7.015128,7.149571,6.918689,0.054880,60,179.500642,179.702301,179.322311,0.080040,60,-0.115625,0.106775,-0.314283,0.084016,60,0.000000,37.916667,58.000000,3.000000,13.238736,60,1249.666667,1634.000000,861.000000,164.156361,60,3.791667,5.800000,0.300000,1.323874,60,124.988389,16.202050,60,60,60,60,60,60,60,60,60,60,60,60,60,60,60,60,60,60,60,60,60,60,60,60,60,60,60,60,60,60,13.1910,13.31,13.10,89.64,92,87,44.80,6869188
2026-10-03 15:08:00,24.126319,24.174868,24.074160,0.026058,60,15.403652,15.458915,15.353628,0.023262,60,20.118181,20.187685,20.050354,0.030685,60,54.173333,55.400000,52.900000,0.737809,60,37.476044,37.577248,37.376976,0.055321,60,36.770988,36.829559,36.690697,0.038034,60,37.150038,37.238113,37.069885,0.047360,60,34.361667,34.600000,34.200000,0.118023,60,36.510634,36.722092,36.341660,0.117957,60,35.777341,35.906937,35.640610,0.081361,60,36.230182,36.387283,36.089828,0.089595,60,997.753333,997.800000,997.600000,0.059565,60,997.753333,997.800000,997.600000,0.059565,60,23.801667,24.100000,23.400000,0.169237,60,97.061804,140.133286,68.989037,24.426687,60,391.265658,553.371521,301.973999,89.518792,60,406.988787,577.215820,315.739075,93.370739,60,4.444318,6.303197,3.447871,1.019608,60,1.025943,1.481209,0.729214,0.258190,60,4.182630,5.915542,3.228102,0.956956,60,0.844699,1.247304,0.484859,0.178743,60,-178.927641,-178.778427,-179.058762,0.056746,60,-0.089245,-0.000451,-0.160870,0.040154,60,7.001707,7.129395,6.885250,0.059108,60,179.496217,179.729462,179.080399,0.127617,60,-0.095569,0.288718,-0.406297,0.143349,60,0.000000,50.650000,69.000000,29.000000,8.921171,60,1381.633333,1534.000000,1236.000000,73.188396,60,5.065000,6.900000,2.900000,0.892117,60,138.162869,7.254748,60,60,60,60,60,60,60,60,60,60,60,60,60,60,60,60,60,60,60,60,60,60,60,60,60,60,60,60,60,60,13.2013,13.31,13.11,89.75,94,87,44.90,6869222
2026-10-03 15:09:00,24.133974,24.193180,24.074160,0.025562,60,15.411561,15.469597,15.350576,0.025007,60,20.126116,20.192265,20.074770,0.026269,60,56.000000,57.200000,55.100000,0.568376,60,37.281644,37.390327,37.149994,0.060383,60,36.616062,36.717400,36.533150,0.050432,60,36.972998,37.069885,36.885635,0.053825,60,34.141667,34.200000,34.100000,0.049717,60,36.243941,36.352371,36.160233,0.055992,60,35.551941,35.638687,35.474716,0.049128,60,36.020823,36.092392,35.959702,0.039684,60,997.730000,997.800000,997.600000,0.059089,60,997.730000,997.800000,997.600000,0.059089,60,24.121667,24.400000,23.900000,0.180481,60,145.867245,154.783493,136.629395,5.815257,60,597.514473,634.153748,549.834656,25.381370,60,628.486770,667.426514,574.272461,27.330003,60,6.863076,7.288297,6.271055,0.298444,60,1.541817,1.636062,1.444173,0.061467,60,6.387430,6.779104,5.877732,0.271327,60,0.806125,1.028935,0.459102,0.098053,60,-178.927910,-178.744766,-179.074600,0.064826,60,-0.087348,-0.000037,-0.186324,0.046238,60,7.008957,7.116353,6.859118,0.054914,60,179.476364,179.729233,179.115189,0.138929,60,-0.087533,0.187862,-0.379985,0.136452,60,0.000000,48.016667,64.000000,38.000000,6.209593,60,1433.133333,1633.000000,1321.000000,55.959570,60,4.801667,6.400000,3.800000,0.620959,60,143.306864,5.542370,60,60,60,60,60,60,60,60,60,60,60,60,60,60,60,60,60,60,60,60,60,60,60,60,60,60,60,60,60,60,13.2028,13.30,13.09,89.68,92,88,44.86,6869255
2026-10-03 15:10:00,24.160041,24.245060,24.107729,0.026392,60,15.425396,15.492485,15.345999,0.029358,60,20.142036,20.216679,20.054932,0.029813,60,55.066667,55.800000,54.100000,0.508126,60,37.081635,37.179367,36.979095,0.057054,60,36.459806,36.546501,36.364922,0.049982,60,36.805437,36.898987,36.701378,0.049557,60,34.046667,34.100000,34.000000,0.050310,60,36.079272,36.162521,35.993607,0.050148,60,35.408555,35.480148,35.347122,0.039758,60,35.889311,35.969620,35.815628,0.041686,60,997.733333,997.800000,997.700000,0.047538,60,997.733333,997.800000,997.700000,0.047538,60,23.773333,23.900000,23.400000,0.148286,60,152.576111,154.612457,149.847488,1.337285,60,619.556925,632.959961,609.224243,6.689429,60,652.037616,666.409546,641.372559,7.039390,60,7.120251,7.277193,7.003788,0.076870,60,1.612729,1.634254,1.583888,0.014135,60,6.623063,6.766342,6.512607,0.071510,60,0.860498,1.207187,0.432310,0.166630,60,-178.958808,-178.793198,-179.073502,0.060673,60,-0.063524,0.026366,-0.146841,0.039056,60,7.030446,7.139963,6.855312,0.057702,60,179.492280,179.756821,179.158264,0.114428,60,-0.095010,0.213847,-0.472362,0.145374,60,0.000000,49.600000,63.000000,37.000000,5.687334,60,1351.016667,1437.000000,1227.000000,58.070527,60,4.960000,6.300000,3.700000,0.568733,60,135.105324,5.756985,60,60,60,60,60,60,60,60,60,60,60,60,60,60,60,60,60,60,60,60,60,60,60,60,60,60,60,60,60,60,13.1722,13.28,13.09,109.62,116,90,44.95,6869289
2026-10-03 15:11:00,24.183032,24.266422,24.126040,0.026689,60,15.435213,15.490959,15.371939,0.024677,60,20.151395,20.242619,20.077822,0.034538,60,55.090000,55.700000,54.500000,0.353050,60,36.890397,36.992447,36.781494,0.057350,60,36.313029,36.391624,36.223389,0.043683,60,36.650420,36.730751,36.573204,0.047290,60,33.940000,34.000000,33.800000,0.061617,60,35.886233,35.986252,35.756393,0.065563,60,35.269700,35.337357,35.186935,0.042599,60,35.726056,35.817123,35.625565,0.058474,60,997.738333,997.800000,997.700000,0.049030,60,997.738333,997.800000,997.700000,0.049030,60,23.663333,23.900000,23.400000,0.176565,60,133.399691,151.680710,124.873871,8.237192,60,536.599105,613.214661,500.416718,35.394563,60,562.791819,645.464233,523.033142,38.469457,60,6.145687,7.048469,5.711522,0.420086,60,1.410035,1.603265,1.319917,0.087067,60,5.736244,6.555264,5.349454,0.378368,60,0.784544,1.032314,0.497819,0.119478,60,-178.958800,-178.813858,-179.101212,0.061886,60,-0.060366,0.065487,-0.160414,0.047426,60,7.058622,7.163370,6.951385,0.048495,60,179.482589,179.690323,179.226410,0.095237,60,-0.083622,0.120644,-0.274737,0.093796,60,0.000000,47.900000,59.000000,31.000000,7.034299,60,1318.700000,1509.000000,1136.000000,71.963574,60,4.790000,5.900000,3.100000,0.703430,60,131.865380,7.127868,60,60,60,60,60,60,60,60,60,60,60,60,60,60,60,60,60,60,60,60,60,60,60,60,60,60,60,60,60,60,13.1975,13.32,13.10,102.33,109,88,44.96,6869323
2026-10-03 15:12:00,24.195417,24.249638,24.124514,0.024832,60,15.440604,15.500114,15.367361,0.028265,60,20.161211,20.221256,20.115969,0.024087,60,55.128333,55.700000,54.500000,0.366426,60,36.693191,36.810867,36.581215,0.058342,60,36.163530,36.252769,36.065842,0.044819,60,36.486509,36.573204,36.404976,0.047378,60,33.800000,33.800000,33.800000,0.000002,60,35.684104,35.767075,35.601974,0.047177,60,35.109822,35.201279,35.044876,0.043486,60,35.552376,35.625778,35.471786,0.041928,60,997.746667,997.800000,997.700000,0.050310,60,997.746667,997.800000,997.700000,0.050310,60,23.541667,23.800000,23.300000,0.167019,60,144.001645,146.516739,139.357178,2.499530,60,577.408484,586.848572,557.809326,10.074693,60,607.672912,617.832336,585.374023,11.389132,60,6.635788,6.746729,6.392284,0.124369,60,1.522097,1.548682,1.473005,0.026420,60,6.172496,6.273411,5.962981,0.107699,60,0.860709,1.246132,0.500344,0.150939,60,-178.957114,-178.747147,-179.072845,0.058128,60,-0.056585,0.052769,-0.147204,0.044498,60,7.059708,7.204816,6.964684,0.051692,60,179.486403,179.702698,179.294189,0.072376,60,-0.065895,0.081342,-0.235817,0.079044,60,0.000000,44.083333,56.000000,23.000000,7.228221,60,1277.300000,1404.000000,1094.000000,62.274488,60,4.408333,5.600000,2.300000,0.722822,60,127.738896,6.167889,60,60,60,60,60,60,60,60,60,60,60,60,60,60,60,60,60,60,60,60,60,60,60,60,60,60,60,60,60,60,13.2355,13.37,13.16,89.61,92,87,44.99,6869357
2026-10-03 15:13:00,24.217238,24.272526,24.167238,0.022541,60,15.443860,15.524529,15.359732,0.033550,60,20.165840,20.221256,20.105288,0.025690,60,55.241667,56.000000,54.700000,0.330019,60,36.505868,36.594566,36.412987,0.051949,60,36.018355,36.095215,35.940338,0.041917,60,36.328160,36.418327,36.250092,0.047546,60,33.783333,33.800000,33.700000,0.037582,60,35.521802,35.598068,35.440201,0.048205,60,34.983033,35.057846,34.922104,0.035668,60,35.415434,35.476578,35.344772,0.039700,60,997.700000,997.800000,997.600000,0.036823,60,997.700000,997.800000,997.600000,0.036823,60,23.498333,23.800000,23.300000,0.135911,60,143.764981,145.042053,142.120834,0.887864,60,575.845975,581.968201,568.927246,3.945545,60,607.579800,613.856995,600.700195,3.846228,60,6.634772,6.703319,6.559647,0.042001,60,1.519596,1.533095,1.502217,0.009385,60,6.155793,6.221240,6.081832,0.042178,60,0.824201,1.207950,0.528039,0.132442,60,-178.960191,-178.788895,-179.058090,0.052192,60,-0.065080,0.026272,-0.213545,0.043391,60,7.067098,7.176424,6.944793,0.050975,60,179.484755,179.758011,179.161621,0.110267,60,-0.062681,0.265551,-0.366813,0.111002,60,0.000000,48.650000,60.000000,25.000000,7.570740,60,1299.766667,1475.000000,1114.000000,72.615628,60,4.865000,6.000000,2.500000,0.757074,60,129.967028,7.192902,60,60,60,60,60,60,60,60,60,60,60,60,60,60,60,60,60,60,60,60,60,60,60,60,60,60,60,60,60,60,13.2283,13.33,13.14,89.55,92,87,44.98,6869391
2026-10-03 15:14:00,24.227919,24.284733,24.185549,0.020607,60,15.452405,15.506218,15.385672,0.028752,60,20.170443,20.248722,20.114443,0.031928,60,56.128333,57.900000,54.800000,0.841325,60,36.332478,36.439690,36.258110,0.051904,60,35.882348,35.953690,35.812164,0.039147,60,36.186584,36.279472,36.108566,0.045154,60,33.700000,33.700000,33.700000,0.000000,60,35.355076,35.428085,35.285782,0.039444,60,34.869175,34.931992,34.806686,0.032089,60,35.283957,35.346725,35.225174,0.033061,60,997.663333,997.700000,997.600000,0.048596,60,997.663333,997.700000,997.600000,0.048596,60,23.773333,24.300000,23.400000,0.263527,60,141.829453,142.568573,141.227661,0.393908,60,568.085218,569.863647,564.631287,1.402551,60,600.057957,601.840149,596.434143,1.399625,60,6.552633,6.572095,6.513061,0.015284,60,1.499137,1.506950,1.492776,0.004164,60,6.072831,6.091842,6.035908,0.014993,60,0.891107,1.233157,0.565588,0.139000,60,-178.947989,-178.809036,-179.073074,0.069270,60,-0.061227,0.052418,-0.160111,0.047803,60,7.078781,7.251807,6.962125,0.059602,60,179.504134,179.756912,179.229660,0.130450,60,-0.059050,0.370756,-0.366838,0.150934,60,0.000000,51.700000,68.000000,37.000000,6.525829,60,1377.833333,1578.000000,1196.000000,69.456526,60,5.170000,6.800000,3.700000,0.652583,60,137.779352,6.879478,60,60,60,60,60,60,60,60,60,60,60,60,60,60,60,60,60,60,60,60,60,60,60,60,60,60,60,60,60,60,13.2337,13.33,13.16,89.66,93,87,44.99,6869424
2026-10-03 15:15:00,24.249154,24.330511,24.190128,0.027510,60,15.455227,15.501640,15.399405,0.027811,60,20.180056,20.248722,20.123598,0.029627,60,55.438333,57.400000,54.400000,0.911525,60,36.170206,36.271461,36.071182,0.047627,60,35.765743,35.828186,35.700005,0.035476,60,36.050710,36.121918,35.967041,0.043595,60,33.585000,33.700000,33.500000,0.077733,60,35.208059,35.293869,35.117661,0.050466,60,34.774090,34.818710,34.723007,0.028342,60,35.173343,35.229050,35.103104,0.038858,60,997.620000,997.700000,997.500000,0.054617,60,997.620000,997.700000,997.500000,0.054617,60,23.468333,24.100000,23.100000,0.347627,60,141.487853,142.627563,140.019394,0.733010,60,562.385548,567.937866,555.509216,3.857397,60,595.014460,600.197205,587.383667,4.238064,60,6.497558,6.554153,6.414230,0.046280,60,1.495527,1.507573,1.480005,0.007748,60,6.011901,6.071256,5.938394,0.041236,60,0.861486,1.126949,0.593058,0.123295,60,-178.970418,-178.794617,-179.144913,0.065803,60,-0.072981,0.026178,-0.146841,0.039430,60,7.076433,7.264828,6.983944,0.051189,60,179.479987,179.730713,179.079773,0.119834,60,-0.059281,0.160679,-0.340535,0.118992,60,0.000000,56.816667,74.000000,38.000000,8.168753,60,1484.400000,1608.000000,1393.000000,59.167158,60,5.681667,7.400000,3.800000,0.816875,60,148.436175,5.866284,60,60,60,60,60,60,60,60,60,60,60,60,60,60,60,60,60,60,60,60,60,60,60,60,60,60,60,60,60,60,13.2280,13.32,13.16,89.56,92,87,44.98,6869458
2026-10-03 15:16:00,24.239719,24.281681,24.190128,0.024647,60,15.455583,15.529106,15.391775,0.027235,60,20.179471,20.271610,20.119020,0.028471,60,56.520000,57.500000,55.700000,0.491556,60,36.015151,36.084534,35.929657,0.043361,60,35.653853,35.716026,35.585182,0.037200,60,35.920044,35.993744,35.854889,0.039390,60,33.421667,33.500000,33.400000,0.041545,60,35.068028,35.131912,34.996536,0.034584,60,34.670880,34.726089,34.623032,0.028242,60,35.047785,35.110428,34.984482,0.035727,60,997.623333,997.700000,997.500000,0.067313,60,997.623333,997.700000,997.500000,0.067313,60,23.580000,23.800000,23.400000,0.131226,60,138.483761,139.980743,137.157623,0.890478,60,548.920960,555.118164,543.487671,3.516103,60,580.810488,587.156860,575.489685,3.490001,60,6.342451,6.411753,6.284348,0.038111,60,1.463773,1.479596,1.449756,0.009412,60,5.867965,5.934213,5.809883,0.037587,60,0.871407,1.139228,0.645408,0.103730,60,-178.951140,-178.781937,-179.069550,0.066046,60,-0.085020,0.052418,-0.160718,0.044625,60,7.074008,7.176424,6.982943,0.048432,60,179.489197,179.973785,179.078033,0.166192,60,-0.077932,0.371649,-0.551542,0.176920,60,0.000000,56.783333,86.000000,41.000000,11.906545,60,1475.533333,1619.000000,1384.000000,64.937380,60,5.678333,8.600000,4.100000,1.190655,60,147.543993,6.435912,60,60,60,60,60,60,60,60,60,60,60,60,60,60,60,60,60,60,60,60,60,60,60,60,60,60,60,60,60,60,13.2311,13.32,13.15,89.53,92,87,44.95,6869492
2026-10-03 15:17:00,24.243127,24.286259,24.185549,0.021623,60,15.449633,15.527580,15.390249,0.028211,60,20.171918,20.233463,20.111391,0.026701,60,56.736667,57.800000,55.700000,0.472988,60,35.875584,35.959030,35.774780,0.043796,60,35.545128,35.614555,35.486382,0.032366,60,35.791736,35.881592,35.729378,0.036508,60,33.345000,33.400000,33.300000,0.050169,60,34.916412,35.001938,34.835342,0.046891,60,34.566237,34.621994,34.508987,0.033542,60,34.921955,34.988632,34.859451,0.037499,60,997.540000,997.600000,997.400000,0.064309,60,997.540000,997.600000,997.400000,0.064309,60,23.618333,23.900000,23.300000,0.152373,60,136.116042,137.085831,135.542084,0.447777,60,538.410790,543.183472,536.112915,2.084113,60,570.251584,575.195984,567.872559,2.208944,60,6.227147,6.281140,6.201169,0.024122,60,1.438747,1.448997,1.432680,0.004733,60,5.755611,5.806631,5.731047,0.022279,60,0.899865,1.656360,0.315395,0.220839,60,-178.966103,-178.816681,-179.102890,0.051919,60,-0.083448,0.066014,-0.226645,0.051845,60,7.086038,7.244574,6.962762,0.056611,60,179.474164,179.811371,178.942062,0.188978,60,-0.074435,0.673127,-0.655735,0.253617,60,0.000000,71.166667,84.000000,58.000000,6.070676,60,1555.750000,1662.000000,1471.000000,42.691493,60,7.116667,8.400000,5.800000,0.607068,60,155.575088,4.232194,60,60,60,60,60,60,60,60,60,60,60,60,60,60,60,60,60,60,60,60,60,60,60,60,60,60,60,60,60,60,13.2250,13.33,13.15,89.48,92,87,44.95,6869526
2026-10-03 15:18:00,24.243356,24.281681,24.188602,0.019523,60,15.444953,15.501640,15.371939,0.029823,60,20.163017,20.225834,20.088503,0.028264,60,57.220000,58.400000,56.200000,0.591694,60,35.727734,35.817505,35.630577,0.049649,60,35.430216,35.515755,35.347527,0.038117,60,35.662086,35.742729,35.571831,0.042950,60,33.156667,33.300000,33.100000,0.053256,60,34.742882,34.837082,34.664169,0.052196,60,34.439747,34.512222,34.374863,0.040436,60,34.771523,34.852463,34.691971,0.047181,60,997.560000,997.700000,997.500000,0.058802,60,997.560000,997.700000,997.500000,0.058802,60,23.593333,23.900000,23.300000,0.192104,60,136.465902,137.081024,135.827240,0.392879,60,537.695536,539.231995,536.244324,1.030362,60,569.522366,571.158325,567.747131,1.122138,60,6.219184,6.237049,6.199799,0.012254,60,1.442445,1.448946,1.435694,0.004153,60,5.747965,5.764390,5.732451,0.011015,60,0.883104,1.382285,0.432310,0.226011,60,-178.940660,-178.785706,-179.101425,0.067903,60,-0.097797,0.026021,-0.226187,0.048570,60,7.087335,7.247655,6.932500,0.065380,60,179.459375,179.878448,179.056229,0.181542,60,-0.027269,0.576680,-0.446063,0.181740,60,0.000000,70.383333,88.000000,54.000000,8.439398,60,1540.233333,1636.000000,1438.000000,46.818570,60,7.038333,8.800000,5.400000,0.843940,60,154.021571,4.641092,60,60,60,60,60,60,60,60,60,60,60,60,60,60,60,60,60,60,60,60,60,60,60,60,60,60,60,60,60,60,13.2303,13.32,13.15,89.58,92,87,44.96,6869560
2026-10-03 15:19:00,24.247044,24.327459,24.180971,0.027890,60,15.439282,15.500114,15.378042,0.026723,60,20.168536,20.247196,20.119020,0.028749,60,57.708333,59.100000,56.400000,0.877263,60,35.571697,35.659950,35.505074,0.043782,60,35.317575,35.390251,35.262077,0.034650,60,35.524122,35.598534,35.459679,0.039268,60,33.100000,33.100000,33.100000,0.000002,60,34.614780,34.666428,34.568283,0.030720,60,34.330017,34.385178,34.289413,0.022660,60,34.645894,34.700455,34.594681,0.028050,60,997.640000,997.700000,997.500000,0.066892,60,997.640000,997.700000,997.500000,0.066892,60,23.660000,24.100000,23.300000,0.275065,60,135.856879,136.745102,134.806229,0.504300,60,535.337126,538.013306,531.486511,2.125493,60,567.235246,569.785095,562.900757,2.312601,60,6.194209,6.222053,6.146876,0.025254,60,1.436007,1.445396,1.424902,0.005330,60,5.722754,5.751362,5.681591,0.022721,60,0.904946,1.207187,0.566268,0.143271,60,-178.956263,-178.852325,-179.139679,0.051075,60,-0.104560,-0.000338,-0.226828,0.045169,60,7.079202,7.208482,6.930576,0.047829,60,173.471516,179.797394,-179.944931,46.399493,60,-0.049994,0.503495,-0.511701,0.191330,60,0.000000,54.850000,81.000000,38.000000,9.911173,60,1521.033333,1672.000000,1348.000000,76.684687,60,5.485000,8.100000,3.800000,0.991117,60,152.103532,7.598033,60,60,60,60,60,60,60,60,60,60,60,60,60,60,60,60,60,60,60,60,60,60,60,60,60,60,60,60,60,60,13.2297,13.33,13.14,89.50,92,87,44.93,6869593
2026-10-03 15:20:00,24.254292,24.303043,24.190128,0.022344,60,15.448081,15.513847,15.391775,0.030856,60,20.178378,20.260929,20.111391,0.031215,60,57.935000,58.700000,57.200000,0.396093,60,35.439963,35.518425,35.376900,0.036431,60,35.216587,35.275429,35.147247,0.029830,60,35.406896,35.459679,35.331505,0.030168,60,33.091667,33.100000,33.000000,0.027872,60,34.539128,34.591354,34.492661,0.026928,60,34.264299,34.300766,34.225204,0.021210,60,34.559321,34.604691,34.514908,0.025456,60,997.623333,997.700000,997.600000,0.042652,60,997.623333,997.700000,997.600000,0.042652,60,23.665000,23.900000,23.400000,0.174497,60,134.427040,134.756622,133.915131,0.226704,60,528.611325,531.576233,525.108337,1.876275,60,560.149311,562.843445,556.677002,1.844561,60,6.116831,6.146250,6.078913,0.020143,60,1.420894,1.424377,1.415483,0.002396,60,5.650855,5.682550,5.613408,0.020057,60,0.890014,1.164843,0.643447,0.114217,60,-178.942011,-178.841141,-179.100357,0.058787,60,-0.110778,-0.013809,-0.213103,0.039678,60,7.084936,7.178402,6.969852,0.051769,60,179.467453,179.770569,179.217224,0.123857,60,-0.045390,0.292217,-0.485358,0.144511,60,0.000000,55.483333,71.000000,38.000000,5.852688,60,1418.283333,1524.000000,1284.000000,47.118708,60,5.548333,7.100000,3.800000,0.585269,60,141.829750,4.670384,60,60,60,60,60,60,60,60,60,60,60,60,60,60,60,60,60,60,60,60,60,60,60,60,60,60,60,60,60,60,13.2296,13.35,13.15,89.65,93,88,44.90,6869627
2026-10-03 15:21:00,24.243000,24.295414,24.184023,0.023725,60,15.445589,15.524529,15.373465,0.028328,60,20.172020,20.239567,20.106813,0.030858,60,58.178333,59.600000,57.100000,0.708087,60,35.326298,35.390251,35.264748,0.032839,60,35.127977,35.176620,35.077820,0.026604,60,35.309786,35.360878,35.248718,0.028984,60,33.065000,33.100000,33.000000,0.048099,60,34.455074,34.503647,34.391190,0.033305,60,34.202234,34.239700,34.159500,0.020198,60,34.484308,34.521103,34.430344,0.025533,60,997.595000,997.700000,997.500000,0.059447,60,997.595000,997.700000,997.500000,0.059447,60,23.701667,24.300000,23.400000,0.231789,60,132.822511,133.891342,132.356308,0.433320,60,520.943502,524.944092,518.621033,2.030888,60,552.326096,556.325989,549.664307,2.125713,60,6.031401,6.075080,6.002334,0.023213,60,1.403934,1.415231,1.399006,0.004580,60,5.568886,5.611652,5.544059,0.021710,60,0.909310,1.290629,0.459102,0.186065,60,-178.944553,-178.798584,-179.074829,0.056810,60,-0.102311,-0.014342,-0.213192,0.043569,60,7.103742,7.259646,6.967481,0.058019,60,179.437457,179.838745,179.010178,0.209951,60,-0.026583,0.437573,-0.512109,0.223810,60,0.000000,68.933333,84.000000,38.000000,10.189504,60,1558.250000,1651.000000,1390.000000,62.021764,60,6.893333,8.400000,3.800000,1.018950,60,155.829519,6.146166,60,60,60,60,60,60,60,60,60,60,60,60,60,60,60,60,60,60,60,60,60,60,60,60,60,60,60,60,60,60,13.2244,13.32,13.15,89.52,93,87,44.86,6869661
2026-10-03 15:22:00,24.236184,24.304569,24.188602,0.023633,60,15.435391,15.506218,15.368887,0.028408,60,20.157473,20.216679,20.100710,0.027559,60,58.173333,58.800000,57.000000,0.600527,60,35.222908,35.294121,35.149918,0.034734,60,35.045242,35.091171,34.979019,0.027815,60,35.214940,35.275429,35.147247,0.033530,60,33.000000,33.000000,33.000000,0.000000,60,34.333117,34.390060,34.279282,0.032835,60,34.118659,34.170181,34.068649,0.029109,60,34.379167,34.436935,34.324295,0.031312,60,997.678333,997.800000,997.600000,0.045442,60,997.678333,997.800000,997.600000,0.045442,60,23.701667,23.900000,23.400000,0.175143,60,132.463719,132.718735,132.250885,0.102170,60,517.212597,518.661499,516.462524,0.572565,60,547.960184,549.892029,547.253174,0.688182,60,5.983725,6.004821,5.976005,0.007515,60,1.400141,1.402837,1.397892,0.001080,60,5.529002,5.544491,5.520984,0.006121,60,0.914809,1.488868,0.460914,0.199525,60,-178.944504,-178.815826,-179.113998,0.064584,60,-0.100270,-0.013442,-0.185915,0.040388,60,7.108667,7.230392,6.939816,0.062531,60,173.487364,179.919647,-179.985672,46.406948,60,-0.001058,0.479581,-0.577230,0.223025,60,0.000000,67.266667,81.000000,53.000000,6.898456,60,1694.116667,1770.000000,1555.000000,45.016416,60,6.726667,8.100000,5.300000,0.689846,60,169.416387,4.460972,60,60,60,60,60,60,60,60,60,60,60,60,60,60,60,60,60,60,60,60,60,60,60,60,60,60,60,60,60,60,13.2653,13.37,13.19,89.35,91,87,44.79,6869695
2026-10-03 15:23:00,24.235600,24.280155,24.197758,0.020307,60,15.440477,15.519951,15.367361,0.035063,60,20.158312,20.212101,20.114443,0.024673,60,59.310000,60.500000,58.400000,0.542967,60,35.117296,35.176620,35.064468,0.028752,60,34.966780,35.021744,34.922943,0.026427,60,35.115782,35.189972,35.061798,0.031396,60,33.041667,33.100000,33.000000,0.049717,60,34.257912,34.283676,34.238632,0.011661,60,34.052261,34.082840,34.029953,0.010047,60,34.307598,34.337906,34.284988,0.011886,60,997.685000,997.700000,997.600000,0.036009,60,997.685000,997.700000,997.600000,0.036009,60,24.033333,24.300000,23.800000,0.162258,60,132.180792,132.576981,130.539093,0.509505,60,517.377617,518.416382,513.514465,1.072227,60,547.991796,549.089600,544.088257,1.096653,60,5.984070,5.996058,5.941444,0.011975,60,1.397151,1.401339,1.379798,0.005385,60,5.530766,5.541871,5.489469,0.011462,60,0.918466,1.555741,0.489225,0.195460,60,-178.941815,-178.817520,-179.102478,0.059809,60,-0.088693,-0.013646,-0.159657,0.041114,60,7.122250,7.228626,7.010041,0.049535,60,173.469215,179.731003,-179.944992,46.399104,60,-0.005703,0.423432,-0.485283,0.173947,60,0.000000,59.866667,71.000000,49.000000,5.321739,60,1697.900000,1776.000000,1611.000000,44.303154,60,5.986667,7.100000,4.900000,0.532174,60,169.789771,4.392518,60,60,60,60,60,60,60,60,60,60,60,60,60,60,60,60,60,60,60,60,60,60,60,60,60,60,60,60,60,60,13.2649,13.38,13.20,89.23,92,87,44.73,6869729
2026-10-03 15:24:00,24.226419,24.293888,24.162661,0.025535,60,15.438468,15.497063,15.364309,0.028740,60,20.150174,20.224308,20.056458,0.029801,60,58.350000,59.100000,57.800000,0.325993,60,35.039145,35.077820,34.995041,0.023120,60,34.900290,34.936295,34.853516,0.020363,60,35.043195,35.104523,34.992371,0.024240,60,33.100000,33.100000,33.100000,0.000002,60,34.228598,34.262466,34.207047,0.012926,60,34.035393,34.050034,34.023880,0.007099,60,34.277736,34.300888,34.255203,0.010867,60,997.698333,997.700000,997.600000,0.012910,60,997.698333,997.700000,997.600000,0.012910,60,23.900000,24.100000,23.800000,0.090198,60,131.386454,132.887726,123.297432,2.620105,60,515.287971,519.103943,492.925415,6.948956,60,545.844912,549.671326,522.768005,7.136032,60,5.960626,6.002411,5.708627,0.077925,60,1.388755,1.404623,1.303254,0.027694,60,5.508428,5.549221,5.269372,0.074284,60,0.915248,1.315383,0.353509,0.197601,60,-178.949545,-178.842514,-179.097809,0.055641,60,-0.098070,0.025927,-0.214077,0.045389,60,7.134847,7.257785,7.034742,0.049376,60,173.457176,179.865387,-179.985382,46.403146,60,-0.021491,0.543706,-0.524495,0.237524,60,0.000000,58.900000,70.000000,44.000000,6.013262,60,1683.733333,1771.000000,1620.000000,39.970695,60,5.890000,7.000000,4.400000,0.601326,60,168.372937,3.963022,60,60,60,60,60,60,60,60,60,60,60,60,60,60,60,60,60,60,60,60,60,60,60,60,60,60,60,60,60,60,13.2647,13.35,13.19,89.25,92,87,44.59,6869762
2026-10-03 15:25:00,24.211872,24.272526,24.161135,0.025536,60,15.420132,15.481804,15.345999,0.028980,60,20.145367,20.205997,20.102236,0.026260,60,58.845000,59.400000,58.000000,0.426028,60,34.982491,35.008392,34.936295,0.016485,60,34.860191,34.893570,34.824142,0.014729,60,34.990501,35.021744,34.949646,0.016826,60,33.100000,33.100000,33.100000,0.000002,60,34.216390,34.236435,34.199051,0.007663,60,34.033354,34.055252,34.011917,0.008744,60,34.268675,34.282791,34.245956,0.007144,60,997.665000,997.700000,997.600000,0.048099,60,997.665000,997.700000,997.600000,0.048099,60,24.026667,24.300000,23.800000,0.121943,60,125.508538,131.357254,118.431175,3.465587,60,496.452089,514.048950,473.542664,12.225960,60,526.058915,544.499878,501.738586,13.042129,60,5.744563,5.945939,5.478985,0.142420,60,1.326625,1.388446,1.251817,0.036631,60,5.307073,5.495183,5.062171,0.130695,60,0.943931,1.182693,0.644917,0.116485,60,-178.960069,-178.814423,-179.114426,0.067461,60,-0.091611,-0.000338,-0.186323,0.041050,60,7.129893,7.237689,6.993609,0.054012,60,179.459844,179.770386,178.904465,0.160935,60,-0.032152,0.505180,-0.379985,0.175590,60,0.000000,56.233333,72.000000,41.000000,8.377465,60,1645.316667,1736.000000,1524.000000,54.673605,60,5.623333,7.200000,4.100000,0.837747,60,164.532806,5.420201,60,60,60,60,60,60,60,60,60,60,60,60,60,60,60,60,60,60,60,60,60,60,60,60,60,60,60,60,60,60,13.2680,13.37,13.20,89.28,91,87,44.58,6869796
2026-10-03 15:26:00,24.204089,24.272526,24.156557,0.027204,60,15.421683,15.495537,15.362783,0.027269,60,20.135169,20.187685,20.086977,0.027365,60,58.120000,59.900000,56.900000,0.833778,60,34.944439,34.965668,34.909592,0.014056,60,34.833978,34.880219,34.794769,0.014663,60,34.956945,34.979019,34.906921,0.017023,60,33.100000,33.100000,33.100000,0.000002,60,34.192962,34.216446,34.175858,0.009375,60,34.029925,34.046616,34.013657,0.007859,60,34.252916,34.271927,34.235184,0.009143,60,997.665000,997.700000,997.600000,0.048099,60,997.665000,997.700000,997.600000,0.048099,60,23.848333,24.300000,23.400000,0.242509,60,127.212023,127.769012,126.036179,0.495119,60,497.003271,499.536163,491.295776,2.282624,60,525.902695,528.649902,519.844177,2.421163,60,5.742858,5.772857,5.676698,0.026439,60,1.344631,1.350518,1.332202,0.005233,60,5.312965,5.340042,5.251952,0.024401,60,0.919405,1.179693,0.459102,0.129021,60,-178.949719,-178.809906,-179.116089,0.056232,60,-0.085570,-0.014014,-0.187226,0.039921,60,7.117536,7.259778,6.946714,0.063047,60,179.469711,179.811218,179.102844,0.149265,60,-0.020288,0.327715,-0.314205,0.149365,60,0.000000,53.450000,62.000000,38.000000,5.425692,60,1586.616667,1700.000000,1470.000000,64.667098,60,5.345000,6.200000,3.800000,0.542569,60,158.665052,6.411292,60,60,60,60,60,60,60,60,60,60,60,60,60,60,60,60,60,60,60,60,60,60,60,60,60,60,60,60,60,60,13.2660,13.35,13.20,89.30,91,87,44.48,6869830
2026-10-03 15:27:00,24.191755,24.252689,24.142824,0.023474,60,15.409247,15.478752,15.345999,0.028442,60,20.117469,20.202946,20.050354,0.026955,60,57.905000,59.700000,56.800000,0.864640,60,34.908835,34.952316,34.880219,0.015407,60,34.815019,34.853516,34.781418,0.014939,60,34.927483,34.962997,34.893570,0.017153,60,33.100000,33.100000,33.100000,0.000002,60,34.174223,34.194687,34.156815,0.007142,60,34.016562,34.029953,33.998306,0.007418,60,34.230886,34.252823,34.211563,0.008505,60,997.688333,997.700000,997.600000,0.032373,60,997.688333,997.700000,997.600000,0.032373,60,23.651667,24.300000,23.300000,0.306147,60,126.149667,126.869217,125.643791,0.382472,60,493.322284,496.141815,491.690002,1.288674,60,521.474435,524.887695,519.792419,1.534304,60,5.694501,5.731773,5.676133,0.016755,60,1.333402,1.341008,1.328055,0.004043,60,5.273615,5.303756,5.256166,0.013776,60,0.919149,1.184198,0.525431,0.122057,60,-178.952108,-178.745361,-179.076340,0.065524,60,-0.093475,-0.013483,-0.187062,0.042083,60,7.126846,7.283788,6.984879,0.059052,60,179.469121,179.689865,179.149475,0.112192,60,-0.023387,0.185974,-0.235372,0.095375,60,0.000000,48.183333,58.000000,36.000000,5.481840,60,1584.883333,1691.000000,1466.000000,59.298181,60,4.818333,5.800000,3.600000,0.548184,60,158.493180,5.878028,60,60,60,60,60,60,60,60,60,60,60,60,60,60,60,60,60,60,60,60,60,60,60,60,60,60,60,60,60,60,13.2690,13.36,13.19,89.33,92,87,44.37,6869866
2026-10-03 15:28:00,24.178836,24.222172,24.097048,0.024225,60,15.399380,15.463492,15.344473,0.028935,60,20.101168,20.183107,20.033569,0.028528,60,57.905000,59.400000,57.000000,0.648969,60,34.877637,34.896240,34.840164,0.012895,60,34.800955,34.837494,34.768066,0.014363,60,34.901670,34.936295,34.880219,0.012241,60,33.100000,33.100000,33.100000,0.000002,60,34.159139,34.174820,34.143661,0.007688,60,34.015424,34.032059,33.998672,0.008272,60,34.222617,34.238113,34.206406,0.006846,60,997.701667,997.800000,997.700000,0.012910,60,997.701667,997.800000,997.700000,0.012910,60,23.640000,24.300000,23.400000,0.230842,60,125.562365,125.755371,125.204979,0.145749,60,490.897904,491.792236,489.853394,0.437259,60,518.388463,519.582581,517.113342,0.610768,60,5.660802,5.673842,5.646877,0.006670,60,1.327194,1.329234,1.323417,0.001541,60,5.247698,5.257259,5.236533,0.004674,60,0.923942,1.100913,0.741204,0.094214,60,-178.961467,-178.748047,-179.099075,0.063152,60,-0.089815,-0.000828,-0.186980,0.046097,60,7.122193,7.273767,6.995545,0.052386,60,179.472421,179.729355,179.144669,0.120053,60,-0.029831,0.185974,-0.340573,0.111130,60,0.000000,44.733333,54.000000,37.000000,3.621343,60,1651.183333,1745.000000,1575.000000,37.782379,60,4.473333,5.400000,3.700000,0.362134,60,165.117217,3.745574,60,60,60,60,60,60,60,60,60,60,60,60,60,60,60,60,60,60,60,60,60,60,60,60,60,60,60,60,60,60,13.2635,13.36,13.17,89.15,91,87,44.20,6869899
2026-10-03 15:29:00,24.162814,24.220646,24.093996,0.029111,60,15.391699,15.460441,15.326161,0.026915,60,20.089189,20.151064,20.032043,0.031477,60,59.260000,60.100000,58.800000,0.397961,60,34.861794,34.909592,34.840164,0.014076,60,34.794280,34.810791,34.768066,0.011671,60,34.889876,34.922943,34.866867,0.011541,60,33.135000,33.200000,33.100000,0.048099,60,34.170875,34.192093,34.147690,0.009171,60,34.034931,34.054825,34.013199,0.009677,60,34.234912,34.257217,34.213089,0.010709,60,997.701667,997.800000,997.700000,0.012910,60,997.701667,997.800000,997.700000,0.012910,60,24.175000,24.400000,24.100000,0.109892,60,124.793522,125.249100,124.313408,0.243446,60,488.105165,489.811523,486.310425,1.022323,60,515.042531,516.957031,513.015564,1.157623,60,5.624264,5.645171,5.602130,0.012641,60,1.319068,1.323883,1.313993,0.002573,60,5.217844,5.236085,5.198658,0.010929,60,0.912670,1.231996,0.647870,0.121424,60,-178.952520,-178.773529,-179.140686,0.080182,60,-0.099621,-0.013687,-0.253002,0.046377,60,7.128410,7.264828,7.031401,0.052370,60,179.463826,179.662964,179.254974,0.113909,60,0.003851,0.292217,-0.274537,0.130152,60,0.000000,48.066667,60.000000,40.000000,4.842841,60,1657.766667,1730.000000,1559.000000,50.082429,60,4.806667,6.000000,4.000000,0.484284,60,165.779369,4.965412,60,60,60,60,60,60,60,60,60,60,60,60,60,60,60,60,60,60,60,60,60,60,60,60,60,60,60,60,60,60,13.2670,13.37,13.20,89.28,91,87,44.16,6869933
2026-10-03 15:30:00,24.145978,24.208439,24.080263,0.025900,60,15.386206,15.445182,15.312428,0.026201,60,20.082704,20.151064,20.015259,0.029557,60,57.865000,59.500000,56.400000,0.899496,60,34.859746,34.880219,34.840164,0.012405,60,34.800421,34.824142,34.781418,0.013138,60,34.890811,34.922943,34.866867,0.013571,60,33.148333,33.200000,33.000000,0.053652,60,34.166752,34.204880,34.131088,0.016731,60,34.047553,34.067612,34.021988,0.008444,60,34.236032,34.257675,34.209793,0.013850,60,997.641667,997.700000,997.600000,0.049717,60,997.641667,997.700000,997.600000,0.049717,60,23.731667,24.300000,23.300000,0.302247,60,124.130781,124.436195,123.702400,0.181757,60,484.090452,486.397522,481.011322,1.599251,60,510.594238,512.973145,506.797607,1.797485,60,5.575689,5.601666,5.534230,0.019629,60,1.312062,1.315291,1.307534,0.001921,60,5.174927,5.199589,5.142011,0.017096,60,0.943448,1.235096,0.524348,0.140702,60,-178.948727,-178.787155,-179.062958,0.065725,60,-0.103956,-0.014137,-0.212398,0.040409,60,7.128996,7.253648,6.959769,0.066873,60,179.474072,179.811066,179.083221,0.153976,60,-0.026910,0.426499,-0.446016,0.153486,60,0.000000,57.783333,71.000000,42.000000,7.638199,60,1585.283333,1743.000000,1503.000000,45.429062,60,5.778333,7.100000,4.200000,0.763820,60,158.525319,4.501747,60,60,60,60,60,60,60,60,60,60,60,60,60,60,60,60,60,60,60,60,60,60,60,60,60,60,60,60,60,60,13.2644,13.37,13.19,89.33,92,87,44.05,6869967
2026-10-03 15:31:00,24.119809,24.165712,24.080263,0.020368,60,15.366725,15.426871,15.294118,0.027255,60,20.061952,20.129702,20.015259,0.024872,60,58.280000,59.200000,57.300000,0.546731,60,34.835180,34.866867,34.810791,0.015713,60,34.785913,34.810791,34.768066,0.012197,60,34.873454,34.906921,34.837494,0.015496,60,33.001667,33.100000,33.000000,0.012910,60,34.100838,34.142410,34.069412,0.020210,60,33.999214,34.039505,33.964279,0.018797,60,34.175491,34.217545,34.138168,0.021084,60,997.648333,997.700000,997.600000,0.050394,60,997.648333,997.700000,997.600000,0.050394,60,23.726667,23.900000,23.400000,0.173564,60,123.495793,123.876198,123.279610,0.137218,60,479.128043,480.867676,478.324249,0.662068,60,504.745901,506.965332,503.643951,0.901113,60,5.511825,5.536061,5.499792,0.009840,60,1.305350,1.309371,1.303065,0.001450,60,5.121879,5.140475,5.113286,0.007078,60,0.941075,1.355525,0.460914,0.159816,60,-178.957556,-178.794037,-179.117111,0.075325,60,-0.086690,-0.000451,-0.211696,0.049097,60,7.126361,7.221792,6.995544,0.049220,60,179.463749,179.757309,178.871368,0.152466,60,-0.023778,0.474483,-0.445859,0.175464,60,0.000000,56.633333,71.000000,37.000000,7.295150,60,1682.116667,1866.000000,1545.000000,89.926541,60,5.663333,7.100000,3.700000,0.729515,60,168.196584,8.913698,60,60,60,60,60,60,60,60,60,60,60,60,60,60,60,60,60,60,60,60,60,60,60,60,60,60,60,60,60,60,13.2691,13.37,13.20,89.22,91,87,44.06,6870001
2026-10-03 15:32:00,24.119961,24.165712,24.048218,0.025012,60,15.361613,15.426871,15.309377,0.027828,60,20.062460,20.129702,19.978638,0.028332,60,59.503333,60.600000,58.300000,0.648849,60,34.797840,34.824142,34.752045,0.016678,60,34.765396,34.794769,34.722664,0.015532,60,34.835447,34.866867,34.810791,0.014538,60,33.015000,33.100000,33.000000,0.036008,60,34.072384,34.085587,34.059830,0.005521,60,33.965447,33.978989,33.949112,0.007708,60,34.144944,34.158157,34.130356,0.007274,60,997.678333,997.700000,997.600000,0.041545,60,997.678333,997.700000,997.600000,0.041545,60,24.071667,24.400000,23.800000,0.202603,60,123.376577,123.533188,123.227234,0.070455,60,479.246661,479.965881,478.650604,0.270853,60,504.658474,505.113892,504.260956,0.221210,60,5.510871,5.515844,5.506530,0.002416,60,1.304090,1.305746,1.302512,0.000745,60,5.123147,5.130835,5.116775,0.002895,60,0.906287,1.489317,0.099546,0.235329,60,-178.932830,-178.786285,-179.113785,0.070146,60,-0.101237,0.025801,-0.226462,0.052245,60,7.139360,7.246396,6.985875,0.063387,60,179.474497,179.946732,179.076279,0.183152,60,0.003360,0.426114,-0.445796,0.178909,60,0.000000,55.200000,68.000000,36.000000,8.227280,60,1688.433333,1877.000000,1565.000000,75.695278,60,5.520000,6.800000,3.600000,0.822728,60,168.824573,7.497666,60,60,60,60,60,60,60,60,60,60,60,60,60,60,60,60,60,60,60,60,60,60,60,60,60,60,60,60,60,60,13.2629,13.35,13.20,89.18,91,87,44.01,6870035
2026-10-03 15:33:00,24.105923,24.176394,24.046692,0.024305,60,15.353526,15.426871,15.307851,0.024742,60,20.052745,20.096132,19.978638,0.027037,60,58.776667,59.300000,58.100000,0.279447,60,34.768021,34.797440,34.722664,0.017007,60,34.738421,34.768066,34.709312,0.014969,60,34.813773,34.837494,34.768066,0.014742,60,33.003333,33.100000,33.000000,0.018102,60,34.038566,34.074966,33.993668,0.018514,60,33.951146,33.975876,33.924789,0.011679,60,34.119231,34.148514,34.081863,0.016244,60,997.651667,997.700000,997.600000,0.050394,60,997.651667,997.700000,997.600000,0.050394,60,23.850000,23.900000,23.600000,0.059660,60,123.235120,123.412453,123.012520,0.098396,60,476.835229,478.650208,475.128235,1.003329,60,501.955600,504.043213,500.131866,1.117732,60,5.481355,5.504152,5.461440,0.012206,60,1.302595,1.304470,1.300242,0.001040,60,5.097368,5.116770,5.079121,0.010726,60,0.933785,1.417669,-0.008134,0.232147,60,-178.946969,-178.787735,-179.075897,0.058409,60,-0.099931,-0.014137,-0.186980,0.043745,60,7.138583,7.256859,7.032798,0.060239,60,179.452349,179.878998,179.037766,0.171584,60,-0.014950,0.371649,-0.340460,0.179852,60,0.000000,64.433333,73.000000,49.000000,6.588039,60,1652.883333,1729.000000,1530.000000,37.350421,60,6.443333,7.300000,4.900000,0.658804,60,165.289528,3.702181,60,60,60,60,60,60,60,60,60,60,60,60,60,60,60,60,60,60,60,60,60,60,60,60,60,60,60,60,60,60,13.2660,13.37,13.17,89.14,91,87,44.02,6870068
2026-10-03 15:34:00,24.098624,24.161135,24.043640,0.024469,60,15.348567,15.408561,15.307851,0.022245,60,20.041199,20.111391,19.992371,0.028573,60,59.223333,60.400000,58.100000,0.665205,60,34.727783,34.768066,34.695961,0.015844,60,34.713452,34.752045,34.679939,0.014228,60,34.775632,34.810791,34.736015,0.017454,60,32.950000,33.000000,32.900000,0.050422,60,33.985664,34.011124,33.965805,0.010052,60,33.905420,33.938553,33.887711,0.012602,60,34.067568,34.097641,34.043716,0.010581,60,997.681667,997.700000,997.600000,0.039021,60,997.681667,997.700000,997.600000,0.039021,60,23.995000,24.300000,23.600000,0.192596,60,122.571867,123.132111,121.782753,0.430704,60,472.305133,475.190216,469.209381,1.783810,60,497.206842,500.081879,494.156006,1.774298,60,5.429499,5.460894,5.396183,0.019375,60,1.295585,1.301506,1.287244,0.004553,60,5.048942,5.079783,5.015848,0.019069,60,0.936564,1.212158,0.567630,0.130775,60,-178.938301,-178.815826,-179.100143,0.057588,60,-0.099384,0.065729,-0.160414,0.044931,60,7.112308,7.237691,7.001805,0.059267,60,179.474642,179.797714,179.117493,0.159440,60,-0.010372,0.398204,-0.301142,0.165815,60,0.000000,56.783333,66.000000,47.000000,4.676271,60,1627.466667,1781.000000,1463.000000,55.382940,60,5.678333,6.600000,4.700000,0.467627,60,162.745680,5.485930,60,60,60,60,60,60,60,60,60,60,60,60,60,60,60,60,60,60,60,60,60,60,60,60,60,60,60,60,60,60,13.2647,13.37,13.19,89.17,91,87,44.01,6870102
2026-10-03 15:35:00,24.094988,24.158083,24.025330,0.028760,60,15.345668,15.440604,15.254444,0.035311,60,20.046107,20.106813,19.990845,0.026540,60,59.011667,60.300000,57.700000,0.707608,60,34.690309,34.722664,34.639885,0.017166,60,34.687594,34.722664,34.653236,0.015582,60,34.737710,34.781418,34.709312,0.016646,60,32.948333,33.000000,32.900000,0.050394,60,33.948557,33.983047,33.913345,0.020632,60,33.875440,33.900681,33.846481,0.014146,60,34.035282,34.067276,33.998520,0.019000,60,997.631667,997.700000,997.500000,0.050394,60,997.631667,997.700000,997.500000,0.050394,60,23.895000,24.300000,23.600000,0.196085,60,121.418967,121.769485,121.161003,0.144373,60,466.432471,469.105621,463.961884,1.551540,60,491.066306,493.971191,488.448517,1.687603,60,5.362444,5.394166,5.333858,0.018429,60,1.283398,1.287103,1.280672,0.001526,60,4.986163,5.014739,4.959753,0.016586,60,0.925799,1.588761,0.595162,0.185511,60,-178.945205,-178.815826,-179.074600,0.053849,60,-0.117403,-0.013891,-0.213103,0.040020,60,7.134451,7.263772,7.016900,0.054316,60,173.454630,179.946747,-179.944885,46.397438,60,-0.030141,0.400619,-0.524426,0.228382,60,0.000000,65.033333,80.000000,50.000000,5.982932,60,1578.183333,1668.000000,1480.000000,45.654002,60,6.503333,8.000000,5.000000,0.598293,60,157.819706,4.526153,60,60,60,60,60,60,60,60,60,60,60,60,60,60,60,60,60,60,60,60,60,60,60,60,60,60,60,60,60,60,13.2664,13.36,13.20,89.15,91,87,44.00,6870136
2026-10-03 15:36:00,24.087231,24.138247,24.039062,0.024557,60,15.339310,15.422294,15.286489,0.030628,60,20.029679,20.091555,19.955750,0.029420,60,59.151667,60.400000,58.000000,0.561925,60,34.644113,34.695961,34.610512,0.018019,60,34.651768,34.679939,34.610512,0.017154,60,34.694759,34.722664,34.653236,0.018542,60,32.865000,32.900000,32.800000,0.048099,60,33.883453,33.917526,33.850632,0.017744,60,33.821590,33.853134,33.798386,0.014647,60,33.975290,34.005112,33.943924,0.014358,60,997.690000,997.700000,997.600000,0.030253,60,997.690000,997.700000,997.600000,0.030253,60,23.810000,24.100000,23.400000,0.144621,60,120.833188,121.285858,120.584084,0.208836,60,462.021767,463.803162,460.443573,0.981862,60,486.413450,488.438141,484.745728,1.012133,60,5.311635,5.333745,5.293423,0.011053,60,1.277207,1.281991,1.274574,0.002207,60,4.939013,4.958055,4.922142,0.010496,60,0.924426,1.209477,0.698404,0.123600,60,-178.946255,-178.817520,-179.062302,0.058658,60,-0.106184,0.052241,-0.226187,0.051070,60,7.145500,7.269767,7.056198,0.055117,60,173.474982,179.865433,-179.903885,46.394684,60,-0.001897,0.674379,-0.721388,0.250923,60,0.000000,58.083333,70.000000,42.000000,6.211776,60,1614.000000,1705.000000,1437.000000,54.903614,60,5.808333,7.000000,4.200000,0.621178,60,161.406507,5.439412,60,60,60,60,60,60,60,60,60,60,60,60,60,60,60,60,60,60,60,60,60,60,60,60,60,60,60,60,60,60,13.2633,13.36,13.20,89.22,92,87,44.00,6870170
2026-10-03 15:37:00,24.078177,24.135195,24.019226,0.022278,60,15.346761,15.403982,15.286489,0.026130,60,20.026881,20.073244,19.969482,0.026230,60,59.231667,60.000000,58.400000,0.535357,60,34.599831,34.639885,34.567787,0.018579,60,34.610067,34.653236,34.583809,0.016263,60,34.649231,34.695961,34.610512,0.018432,60,32.800000,32.800000,32.800000,0.000001,60,33.838730,33.867203,33.808640,0.013469,60,33.777360,33.802292,33.759659,0.010337,60,33.932559,33.953201,33.900711,0.012795,60,997.680000,997.700000,997.600000,0.040338,60,997.680000,997.700000,997.600000,0.040338,60,23.806667,24.100000,23.600000,0.148286,60,120.781668,121.104286,120.564186,0.122364,60,461.112597,461.918335,460.564575,0.351789,60,485.482112,486.114197,484.754791,0.320896,60,5.301465,5.308367,5.293522,0.003504,60,1.276662,1.280072,1.274363,0.001293,60,4.929293,4.937907,4.923435,0.003761,60,0.941174,1.237817,0.593758,0.147965,60,-178.949151,-178.846085,-179.064056,0.056483,60,-0.100637,-0.013646,-0.212838,0.046002,60,7.140335,7.306901,7.030547,0.058740,60,179.449781,179.757156,179.164169,0.130977,60,-0.012449,0.371828,-0.472011,0.156431,60,0.000000,55.933333,79.000000,45.000000,8.979953,60,1567.383333,1715.000000,1460.000000,67.463761,60,5.593333,7.900000,4.500000,0.897995,60,156.734390,6.686244,60,60,60,60,60,60,60,60,60,60,60,60,60,60,60,60,60,60,60,60,60,60,60,60,60,60,60,60,60,60,13.2760,13.39,13.20,89.15,91,87,44.00,6870204
2026-10-03 15:38:00,24.079525,24.133669,24.005493,0.027109,60,15.349279,15.403982,15.268177,0.029966,60,20.019226,20.070192,19.967957,0.024814,60,60.201667,61.500000,58.700000,0.752283,60,34.549006,34.597160,34.511711,0.018448,60,34.569389,34.610512,34.541084,0.016688,60,34.604993,34.639885,34.554436,0.018276,60,32.796667,32.800000,32.700000,0.018102,60,33.798487,33.817581,33.781113,0.007942,60,33.745196,33.777237,33.725876,0.011269,60,33.889932,33.914627,33.870224,0.009628,60,997.721667,997.800000,997.700000,0.041545,60,997.721667,997.800000,997.700000,0.041545,60,24.100000,24.400000,23.600000,0.229221,60,120.554568,121.154594,119.784874,0.501344,60,458.707760,461.429993,455.676514,1.781986,60,483.161195,485.729187,480.227997,1.860406,60,5.276120,5.304163,5.244090,0.020316,60,1.274262,1.280604,1.266126,0.005299,60,4.903586,4.932686,4.871181,0.019049,60,0.916789,1.393533,0.352983,0.198121,60,-178.950697,-178.773529,-179.079376,0.053817,60,-0.100124,-0.001018,-0.213900,0.043881,60,7.123246,7.243668,6.993609,0.057691,60,179.446083,179.771729,179.187927,0.164477,60,0.007024,0.366674,-0.379985,0.161985,60,0.000000,58.166667,79.000000,46.000000,7.449643,60,1647.933333,1775.000000,1504.000000,52.051105,60,5.816667,7.900000,4.600000,0.744964,60,164.796173,5.157643,60,60,60,60,60,60,60,60,60,60,60,60,60,60,60,60,60,60,60,60,60,60,60,60,60,60,60,60,60,60,13.2909,13.38,13.19,88.91,91,86,44.00,6870237
2026-10-03 15:39:00,24.072862,24.144350,24.014648,0.026919,60,15.342107,15.417716,15.281911,0.026396,60,20.019226,20.083925,19.949646,0.027338,60,58.888333,60.800000,57.600000,0.842130,60,34.511222,34.554436,34.455635,0.018536,60,34.540061,34.567787,34.498360,0.019338,60,34.564761,34.597160,34.511711,0.016770,60,32.763333,32.800000,32.600000,0.051967,60,33.746740,33.803207,33.687637,0.032064,60,33.711024,33.748062,33.659317,0.025500,60,33.845365,33.890823,33.792191,0.026951,60,997.621667,997.700000,997.500000,0.066617,60,997.621667,997.700000,997.500000,0.066617,60,23.688333,24.300000,23.300000,0.268765,60,118.601127,119.791054,117.489746,0.682154,60,449.180158,455.564087,443.020691,3.890611,60,473.343374,480.054901,466.408630,4.190327,60,5.168910,5.242200,5.093182,0.045758,60,1.253614,1.266191,1.241867,0.007210,60,4.801736,4.869980,4.735891,0.041591,60,0.927093,1.457700,0.395087,0.197976,60,-178.937552,-178.786285,-179.033951,0.065055,60,-0.111208,-0.040253,-0.291634,0.046113,60,7.142723,7.267768,6.982943,0.052983,60,179.438619,179.838089,178.786148,0.210723,60,0.015060,0.500353,-0.485233,0.215684,60,0.000000,72.900000,85.000000,62.000000,6.379788,60,1590.100000,1748.000000,1430.000000,79.458058,60,7.290000,8.500000,6.200000,0.637979,60,159.001915,7.875720,60,60,60,60,60,60,60,60,60,60,60,60,60,60,60,60,60,60,60,60,60,60,60,60,60,60,60,60,60,60,13.2818,13.38,13.20,89.09,92,87,44.00,6870271
2026-10-03 15:40:00,24.064876,24.129091,24.011597,0.023520,60,15.328603,15.382620,15.266651,0.027601,60,20.009817,20.096132,19.964905,0.025975,60,60.571667,61.700000,58.900000,0.745175,60,34.455146,34.511711,34.399559,0.023775,60,34.485364,34.525063,34.442284,0.020064,60,34.509486,34.554436,34.455635,0.024661,60,32.645000,32.700000,32.600000,0.050169,60,33.664340,33.690109,33.643875,0.010078,60,33.629926,33.666611,33.605789,0.015783,60,33.759569,33.795486,33.732468,0.015954,60,997.710000,997.800000,997.600000,0.057342,60,997.710000,997.800000,997.600000,0.057342,60,24.045000,24.300000,23.600000,0.222028,60,116.442569,117.352776,115.941910,0.402875,60,439.665743,442.648865,438.460144,1.174003,60,462.999268,466.104065,461.797485,1.174173,60,5.055952,5.089857,5.042829,0.012822,60,1.230798,1.240419,1.225506,0.004258,60,4.700027,4.731916,4.687139,0.012550,60,0.948418,1.378902,0.646637,0.143657,60,-178.934177,-178.787735,-179.098648,0.064253,60,-0.111172,-0.013891,-0.213103,0.041984,60,7.156402,7.337966,7.058328,0.057724,60,179.435825,179.973831,178.995178,0.201573,60,-0.030708,0.398204,-0.511638,0.225522,60,0.000000,57.916667,72.000000,43.000000,6.798035,60,1632.900000,1772.000000,1489.000000,68.507750,60,5.791667,7.200000,4.300000,0.679803,60,163.288972,6.790712,60,60,60,60,60,60,60,60,60,60,60,60,60,60,60,60,60,60,60,60,60,60,60,60,60,60,60,60,60,60,13.2791,13.37,13.21,89.17,92,87,43.98,6870305
2026-10-03 15:41:00,24.068335,24.138247,24.010071,0.027173,60,15.334961,15.396353,15.295644,0.022474,60,20.014547,20.077822,19.960327,0.028200,60,59.776667,60.600000,58.900000,0.453000,60,34.401428,34.442284,34.370186,0.017426,60,34.442595,34.485008,34.399559,0.018927,60,34.457415,34.498360,34.412910,0.019713,60,32.700000,32.700000,32.700000,0.000000,60,33.634342,33.653458,33.612320,0.011140,60,33.604734,33.626968,33.587997,0.008691,60,33.727163,33.755142,33.704636,0.011894,60,997.715000,997.800000,997.700000,0.036008,60,997.715000,997.800000,997.700000,0.036008,60,23.801667,24.100000,23.600000,0.124181,60,116.537137,116.865257,116.104263,0.243863,60,439.773479,440.264862,439.198181,0.295964,60,463.191473,463.765717,462.909546,0.166728,60,5.058051,5.064322,5.054972,0.001821,60,1.231798,1.235266,1.227222,0.002578,60,4.701178,4.706431,4.695028,0.003164,60,0.958015,1.396519,0.540580,0.150482,60,-178.931622,-178.770599,-179.111694,0.068261,60,-0.106871,-0.013687,-0.187309,0.041416,60,7.156230,7.296873,7.038635,0.060173,60,179.450914,179.729980,179.011337,0.153514,60,0.009003,0.370399,-0.366819,0.185546,60,0.000000,59.200000,73.000000,44.000000,6.614827,60,1599.966667,1672.000000,1517.000000,38.811132,60,5.920000,7.300000,4.400000,0.661483,60,159.997609,3.847646,60,60,60,60,60,60,60,60,60,60,60,60,60,60,60,60,60,60,60,60,60,60,60,60,60,60,60,60,60,60,13.2801,13.38,13.21,89.03,91,87,43.94,6870339
2026-10-03 15:42:00,24.056687,24.119936,23.993286,0.024623,60,15.328018,15.378042,15.280384,0.024127,60,19.997762,20.059509,19.928282,0.027392,60,59.461667,60.400000,58.500000,0.466539,60,34.360751,34.399559,34.314110,0.019133,60,34.404410,34.442284,34.356834,0.018769,60,34.418073,34.455635,34.372856,0.016895,60,32.690000,32.700000,32.600000,0.030253,60,33.600396,33.637985,33.560440,0.019528,60,33.581317,33.605179,33.544510,0.014960,60,33.694571,33.726639,33.661087,0.016442,60,997.685000,997.700000,997.600000,0.036008,60,997.685000,997.700000,997.600000,0.036008,60,23.726667,23.900000,23.400000,0.150555,60,116.730624,116.929298,116.311661,0.156657,60,438.092116,440.141571,435.177063,1.361465,60,461.544533,463.658020,458.343170,1.485227,60,5.040066,5.063146,5.005107,0.016219,60,1.233843,1.235943,1.229414,0.001656,60,4.683205,4.705113,4.652042,0.014554,60,0.973879,1.597288,0.434845,0.239388,60,-178.928044,-178.816681,-179.062744,0.058592,60,-0.128929,-0.000451,-0.266271,0.047729,60,7.131578,7.243668,7.032798,0.053833,60,179.480053,179.906158,179.110199,0.178214,60,0.011757,0.436795,-0.472252,0.190883,60,0.000000,68.300000,79.000000,58.000000,5.086706,60,1627.133333,1709.000000,1553.000000,34.960252,60,6.830000,7.900000,5.800000,0.508671,60,162.712719,3.466052,60,60,60,60,60,60,60,60,60,60,60,60,60,60,60,60,60,60,60,60,60,60,60,60,60,60,60,60,60,60,13.2894,13.38,13.20,88.98,91,87,43.90,6870372
2026-10-03 15:43:00,24.052414,24.106203,23.988708,0.027569,60,15.332494,15.394827,15.259022,0.030284,60,19.994888,20.056458,19.923704,0.027630,60,59.501667,60.200000,58.500000,0.527704,60,34.313042,34.356834,34.284737,0.017188,60,34.370230,34.399559,34.330132,0.019852,60,34.372322,34.412910,34.343483,0.018590,60,32.600000,32.600000,32.600000,0.000002,60,33.543127,33.571671,33.520187,0.013203,60,33.534396,33.564590,33.512039,0.011703,60,33.643473,33.668594,33.614609,0.013763,60,997.715000,997.800000,997.600000,0.051503,60,997.715000,997.800000,997.600000,0.051503,60,23.726667,23.900000,23.400000,0.164540,60,115.484593,116.320587,114.840881,0.421735,60,431.685146,434.976898,429.774170,1.520347,60,454.548956,458.104584,452.637665,1.641397,60,4.963675,5.002502,4.942803,0.017924,60,1.220672,1.229509,1.213868,0.004458,60,4.614714,4.649903,4.594285,0.016252,60,0.942430,1.245352,0.604800,0.156645,60,-178.920419,-178.794037,-179.058762,0.061795,60,-0.109707,-0.000413,-0.253687,0.048341,60,7.146492,7.273767,7.019210,0.056491,60,179.456113,179.729507,179.077377,0.137504,60,-0.013553,0.187862,-0.261525,0.115455,60,0.000000,54.216667,66.000000,42.000000,5.781595,60,1575.466667,1676.000000,1433.000000,50.574150,60,5.421667,6.600000,4.200000,0.578159,60,157.550530,5.012138,60,60,60,60,60,60,60,60,60,60,60,60,60,60,60,60,60,60,60,60,60,60,60,60,60,60,60,60,60,60,13.2815,13.39,13.20,89.10,92,87,43.81,6870406
2026-10-03 15:44:00,24.051753,24.101625,23.988708,0.024414,60,15.324254,15.391775,15.259022,0.029313,60,19.998932,20.070192,19.935911,0.028009,60,60.061667,61.600000,59.100000,0.517521,60,34.268848,34.298088,34.242004,0.016465,60,34.328218,34.356834,34.298088,0.014207,60,34.329197,34.372856,34.298088,0.016987,60,32.601667,32.700000,32.600000,0.012910,60,33.520857,33.540115,33.504013,0.007951,60,33.510352,33.523941,33.493820,0.006931,60,33.615499,33.633743,33.598190,0.008053,60,997.740000,997.800000,997.700000,0.049403,60,997.740000,997.800000,997.700000,0.049403,60,23.868333,24.300000,23.600000,0.151257,60,113.117423,114.982651,111.315300,1.140159,60,422.081096,429.765808,414.939789,4.703964,60,444.318254,452.612030,436.484009,5.031087,60,4.851955,4.942523,4.766405,0.054939,60,1.195651,1.215367,1.176603,0.012051,60,4.512047,4.594196,4.435706,0.050285,60,0.956827,1.205284,0.713609,0.107113,60,-178.923996,-178.790329,-179.034424,0.055366,60,-0.099947,0.025770,-0.186569,0.044408,60,7.151094,7.272812,7.028913,0.056942,60,179.473328,179.878937,179.213547,0.127499,60,-0.002187,0.317746,-0.366835,0.127823,60,0.000000,45.166667,60.000000,33.000000,6.879512,60,1584.816667,1796.000000,1415.000000,91.686365,60,4.516667,6.000000,3.300000,0.687951,60,158.476993,9.085271,60,60,60,60,60,60,60,60,60,60,60,60,60,60,60,60,60,60,60,60,60,60,60,60,60,60,60,60,60,60,13.2755,13.36,13.20,89.00,92,87,43.77,6870440
2026-10-03 15:45:00,24.051931,24.101625,24.000916,0.024118,60,15.325017,15.391775,15.257496,0.024978,60,19.999364,20.051880,19.935911,0.027220,60,60.646667,62.500000,59.000000,1.292543,60,34.245568,34.268715,34.225983,0.011809,60,34.308725,34.330132,34.271385,0.015197,60,34.302895,34.343483,34.271385,0.013738,60,32.700000,32.700000,32.700000,0.000000,60,33.542847,33.563736,33.511429,0.010881,60,33.529802,33.551620,33.507034,0.010406,60,33.634569,33.648605,33.611313,0.008347,60,997.713333,997.800000,997.700000,0.034280,60,997.713333,997.800000,997.700000,0.034280,60,24.068333,24.600000,23.600000,0.364757,60,109.972065,111.376808,108.415565,0.801020,60,409.047733,414.825775,403.097565,3.201850,60,430.698168,436.351227,424.711273,3.265396,60,4.703224,4.764956,4.637847,0.035658,60,1.162405,1.177253,1.145952,0.008467,60,4.372720,4.434487,4.309113,0.034228,60,0.951145,1.393533,0.635434,0.162629,60,-178.932481,-178.790039,-179.034424,0.052069,60,-0.106227,-0.013973,-0.253785,0.047951,60,7.142721,7.272812,7.005239,0.051858,60,179.456974,179.812027,179.120392,0.141245,60,-0.002906,0.462939,-0.379985,0.167565,60,0.000000,48.533333,65.000000,29.000000,9.573032,60,1558.550000,1690.000000,1372.000000,81.394504,60,4.853333,6.500000,2.900000,0.957303,60,155.870009,8.064254,60,60,60,60,60,60,60,60,60,60,60,60,60,60,60,60,60,60,60,60,60,60,60,60,60,60,60,60,60,60,13.2820,13.39,13.21,88.98,91,87,43.60,6870474
2026-10-03 15:46:00,24.039419,24.084841,23.968872,0.025017,60,15.311513,15.390249,15.257496,0.026422,60,19.986343,20.036621,19.922178,0.025856,60,59.815000,60.800000,59.000000,0.542069,60,34.238979,34.255363,34.212631,0.011537,60,34.305253,34.330132,34.271385,0.014100,60,34.300714,34.343483,34.271385,0.015566,60,32.700000,32.700000,32.700000,0.000000,60,33.538887,33.551102,33.523666,0.006073,60,33.539839,33.555130,33.518234,0.007249,60,33.635166,33.654221,33.619003,0.006527,60,997.680000,997.700000,997.600000,0.040338,60,997.680000,997.700000,997.600000,0.040338,60,23.823333,24.100000,23.600000,0.155538,60,111.710648,112.377220,110.357628,0.567397,60,412.233434,414.284271,407.580811,1.842017,60,434.142537,436.353210,429.128937,2.021785,60,4.740836,4.764977,4.686088,0.022078,60,1.180782,1.187827,1.166480,0.005997,60,4.406775,4.428699,4.357038,0.019691,60,0.946209,1.379746,0.499922,0.194558,60,-178.929649,-178.780487,-179.076996,0.064004,60,-0.118707,-0.040017,-0.213368,0.046566,60,7.138070,7.244574,7.011065,0.056210,60,179.452119,179.946671,179.187927,0.164984,60,0.009093,0.500144,-0.340470,0.173867,60,0.000000,54.283333,71.000000,41.000000,7.218366,60,1564.350000,1664.000000,1497.000000,39.973646,60,5.428333,7.100000,4.100000,0.721837,60,156.434741,3.963169,60,60,60,60,60,60,60,60,60,60,60,60,60,60,60,60,60,60,60,60,60,60,60,60,60,60,60,60,60,60,13.2781,13.38,13.20,89.06,91,87,43.49,6870508
2026-10-03 15:47:00,24.020345,24.069582,23.956665,0.025322,60,15.308614,15.358206,15.257496,0.023811,60,19.980875,20.036621,19.922178,0.028469,60,59.301667,60.100000,58.800000,0.297157,60,34.225627,34.255363,34.199280,0.014296,60,34.299201,34.330132,34.255363,0.014955,60,34.289810,34.316780,34.271385,0.012732,60,32.676667,32.700000,32.600000,0.042652,60,33.514984,33.539017,33.474167,0.015321,60,33.526424,33.554001,33.494247,0.012075,60,33.614112,33.634262,33.585007,0.012158,60,997.653333,997.800000,997.500000,0.067565,60,997.653333,997.800000,997.500000,0.067565,60,23.693333,23.900000,23.600000,0.105552,60,112.076757,112.444672,111.757072,0.183894,60,411.769651,412.436798,410.891968,0.420433,60,433.996621,434.765350,433.041351,0.415870,60,4.739243,4.747638,4.728812,0.004541,60,1.184651,1.188540,1.181272,0.001944,60,4.401817,4.408949,4.392435,0.004494,60,0.960022,1.462118,0.648611,0.163856,60,-178.933771,-178.746857,-179.108765,0.062650,60,-0.119731,-0.000225,-0.226828,0.044141,60,7.148486,7.243668,7.006169,0.057675,60,173.433018,179.906097,-179.809418,46.376924,60,-0.009439,0.565814,-0.656587,0.273543,60,0.000000,65.116667,81.000000,54.000000,5.602940,60,1596.716667,1712.000000,1480.000000,54.866276,60,6.511667,8.100000,5.400000,0.560294,60,159.672259,5.438997,60,60,60,60,60,60,60,60,60,60,60,60,60,60,60,60,60,60,60,60,60,60,60,60,60,60,60,60,60,60,13.2749,13.35,13.20,89.12,91,87,43.41,6870541
2026-10-03 15:48:00,24.010478,24.084841,23.956665,0.030302,60,15.296101,15.341420,15.239185,0.026577,60,19.965922,20.051880,19.919127,0.024310,60,59.470000,61.500000,58.300000,1.081164,60,34.199502,34.242004,34.156555,0.017474,60,34.282155,34.316780,34.242004,0.014626,60,34.265465,34.298088,34.228653,0.016631,60,32.600000,32.600000,32.600000,0.000002,60,33.467147,33.491257,33.443130,0.010536,60,33.485399,33.514267,33.462234,0.013287,60,33.572039,33.596817,33.547104,0.012418,60,997.718333,997.800000,997.700000,0.039020,60,997.718333,997.800000,997.700000,0.039020,60,23.705000,24.300000,23.400000,0.330087,60,110.553263,112.164330,108.757408,0.999000,60,405.476081,411.009552,399.515289,3.228068,60,427.331462,433.181244,420.710510,3.487569,60,4.666460,4.730340,4.594159,0.038084,60,1.168548,1.185577,1.149566,0.010559,60,4.334539,4.393692,4.270818,0.034508,60,0.953507,1.588761,0.433283,0.184061,60,-178.927858,-178.797745,-179.113388,0.058834,60,-0.106488,-0.013483,-0.213192,0.044230,60,7.154455,7.339032,7.009122,0.059671,60,179.470970,179.756516,179.213730,0.128325,60,0.008472,0.252679,-0.208713,0.114885,60,0.000000,49.600000,63.000000,36.000000,7.270092,60,1599.250000,1799.000000,1476.000000,73.615268,60,4.960000,6.300000,3.600000,0.727009,60,159.916102,7.293889,60,60,60,60,60,60,60,60,60,60,60,60,60,60,60,60,60,60,60,60,60,60,60,60,60,60,60,60,60,60,13.2770,13.37,13.19,89.15,91,87,43.28,6870575
2026-10-03 15:49:00,24.008901,24.066530,23.965820,0.023616,60,15.298543,15.358206,15.239185,0.027757,60,19.970627,20.050354,19.917601,0.026851,60,60.151667,61.700000,59.100000,0.837367,60,34.173422,34.199280,34.143204,0.013753,60,34.259901,34.284737,34.242004,0.013638,60,34.237377,34.271385,34.215302,0.011871,60,32.648333,32.700000,32.600000,0.050394,60,33.460354,33.479965,33.418198,0.013934,60,33.479269,33.497269,33.456284,0.008002,60,33.559209,33.580673,33.518509,0.013779,60,997.633333,997.700000,997.500000,0.070511,60,997.633333,997.700000,997.500000,0.070511,60,23.901667,24.300000,23.600000,0.238279,60,101.252792,109.132896,86.505379,8.030824,60,379.070198,401.837524,327.721863,23.850875,60,400.221339,423.727112,346.805847,24.808455,60,4.370417,4.627100,3.787120,0.270908,60,1.070242,1.153535,0.914362,0.084886,60,4.052260,4.295643,3.503347,0.254966,60,0.987833,1.286618,0.528912,0.172451,60,-178.950365,-178.742065,-179.116501,0.070222,60,-0.098517,-0.013320,-0.186815,0.042331,60,7.164417,7.296874,7.000367,0.059358,60,179.432169,179.811264,178.943069,0.185095,60,-0.011067,0.474483,-0.590630,0.234572,60,0.000000,64.600000,84.000000,45.000000,9.870689,60,1512.366667,1720.000000,1316.000000,97.765539,60,6.460000,8.400000,4.500000,0.987069,60,151.216631,9.686867,60,60,60,60,60,60,60,60,60,60,60,60,60,60,60,60,60,60,60,60,60,60,60,60,60,60,60,60,60,60,13.2947,13.41,13.21,88.85,91,87,43.18,6870609
2026-10-03 15:50:00,24.001424,24.051270,23.933775,0.027763,60,15.286870,15.339894,15.217822,0.024115,60,19.960886,20.015259,19.899290,0.027907,60,60.106667,60.900000,58.900000,0.651430,60,34.132122,34.185928,34.087128,0.023106,60,34.236265,34.271385,34.199280,0.016484,60,34.199102,34.242004,34.159225,0.019836,60,32.513333,32.600000,32.500000,0.034280,60,33.362389,33.431290,33.297989,0.040050,60,33.418443,33.461777,33.360611,0.029013,60,33.468675,33.538254,33.402084,0.040780,60,997.673333,997.700000,997.600000,0.044595,60,997.673333,997.700000,997.600000,0.044595,60,23.761667,23.900000,23.400000,0.143906,60,53.126240,85.279503,38.213215,14.941993,60,211.762520,321.406738,162.834946,49.641011,60,222.159270,340.408386,169.907974,53.289584,60,2.425979,3.717259,1.855395,0.581922,60,0.561544,0.901404,0.403914,0.157937,60,2.263741,3.435838,1.740706,0.530662,60,0.982276,1.592542,0.392306,0.212188,60,-178.945353,-178.812164,-179.060532,0.053603,60,-0.137388,-0.040772,-0.292168,0.044571,60,7.134196,7.224648,7.019736,0.052081,60,179.411518,179.919647,178.944824,0.178978,60,-0.019565,0.331755,-0.551215,0.198176,60,0.000000,54.850000,70.000000,43.000000,7.089799,60,1473.550000,1622.000000,1312.000000,76.416882,60,5.485000,7.000000,4.300000,0.708980,60,147.353455,7.573517,60,60,60,60,60,60,60,60,60,60,60,60,60,60,60,60,60,60,60,60,60,60,60,60,60,60,60,60,60,60,13.2956,13.41,13.19,89.09,92,87,43.13,6870643
2026-10-03 15:51:00,24.004400,24.048218,23.947510,0.024445,60,15.292516,15.353628,15.236134,0.028099,60,19.957071,20.042725,19.894712,0.031089,60,60.180000,61.200000,59.100000,0.746926,60,34.073420,34.127182,34.028381,0.024907,60,34.190156,34.228653,34.143204,0.020621,60,34.144850,34.185928,34.087128,0.020497,60,32.471667,32.500000,32.400000,0.045442,60,33.270366,33.300888,33.222305,0.025084,60,33.333609,33.372055,33.288254,0.022714,60,33.378477,33.410141,33.334091,0.021927,60,997.680000,997.800000,997.500000,0.083969,60,997.680000,997.800000,997.500000,0.083969,60,23.740000,24.100000,23.400000,0.240902,60,86.339306,105.701965,54.972214,16.615837,60,324.340083,382.432770,219.258347,53.428221,60,340.778157,402.577911,230.137344,56.421445,60,3.721298,4.396151,2.513100,0.616122,60,0.912606,1.117270,0.581056,0.175629,60,3.467195,4.088206,2.343872,0.571148,60,0.971455,1.487970,0.597510,0.178530,60,-178.922780,-178.812729,-179.053162,0.052412,60,-0.122208,-0.040111,-0.266171,0.043133,60,7.131789,7.241673,7.035297,0.052591,60,179.411217,179.906097,178.975296,0.201763,60,-0.013092,0.437768,-0.511544,0.216228,60,0.000000,65.350000,84.000000,52.000000,9.186993,60,1594.066667,1729.000000,1427.000000,71.145796,60,6.535000,8.400000,5.200000,0.918699,60,159.418323,7.049533,60,60,60,60,60,60,60,60,60,60,60,60,60,60,60,60,60,60,60,60,60,60,60,60,60,60,60,60,60,60,13.3080,13.43,13.21,88.95,91,87,43.06,6870677
2026-10-03 15:52:00,23.990997,24.029907,23.915464,0.022195,60,15.286514,15.350576,15.216296,0.029909,60,19.942118,20.006104,19.862669,0.027042,60,60.048333,61.000000,58.600000,0.809581,60,34.008043,34.057755,33.972305,0.021164,60,34.134792,34.172577,34.087128,0.022259,60,34.082855,34.129852,34.047073,0.021176,60,32.400000,32.400000,32.400000,0.000000,60,33.208641,33.227921,33.176010,0.011796,60,33.257909,33.294510,33.229660,0.017735,60,33.319308,33.355728,33.291946,0.014504,60,997.676667,997.700000,997.600000,0.042652,60,997.676667,997.700000,997.600000,0.042652,60,23.695000,23.900000,23.300000,0.231007,60,104.736474,106.252373,102.374634,0.954021,60,379.795801,385.531311,368.586182,3.604132,60,399.791358,405.807861,388.070740,3.835713,60,4.365722,4.431422,4.237732,0.041886,60,1.107064,1.123088,1.082100,0.010084,60,4.060017,4.121330,3.940186,0.038528,60,0.946765,1.292642,0.434454,0.195302,60,-178.923109,-178.772064,-179.031464,0.054454,60,-0.135450,-0.013320,-0.268708,0.053852,60,7.136719,7.283789,7.041146,0.048878,60,173.445193,179.906433,-179.863129,46.385895,60,0.029747,1.245875,-0.892447,0.363598,60,0.000000,67.766667,79.000000,58.000000,5.043427,60,1579.400000,1679.000000,1466.000000,41.975861,60,6.776667,7.900000,5.800000,0.504343,60,157.939905,4.160862,60,60,60,60,60,60,60,60,60,60,60,60,60,60,60,60,60,60,60,60,60,60,60,60,60,60,60,60,60,60,13.2836,13.37,13.20,89.05,91,87,43.04,6870710
2026-10-03 15:53:00,23.994456,24.052795,23.923094,0.024603,60,15.295822,15.399405,15.231556,0.029482,60,19.951527,20.019836,19.891661,0.027120,60,59.600000,61.000000,58.700000,0.597168,60,33.953613,34.001678,33.916229,0.020951,60,34.076001,34.116501,34.017700,0.020432,60,34.024376,34.073776,33.990997,0.021161,60,32.355000,32.400000,32.300000,0.050169,60,33.161170,33.198196,33.137375,0.015437,60,33.206708,33.239731,33.174606,0.017557,60,33.267462,33.302170,33.236465,0.018383,60,997.646667,997.700000,997.600000,0.050310,60,997.646667,997.700000,997.600000,0.050310,60,23.453333,23.800000,23.300000,0.148970,60,105.395576,105.866158,104.651932,0.346625,60,381.502046,383.803467,378.427979,1.486016,60,401.483050,403.901550,398.045807,1.604768,60,4.384195,4.410605,4.346660,0.017524,60,1.114031,1.119005,1.106171,0.003664,60,4.078257,4.102859,4.045395,0.015886,60,1.002330,1.274842,0.635434,0.144515,60,-178.928836,-178.793488,-179.110641,0.062329,60,-0.118929,-0.013564,-0.225003,0.044060,60,7.149570,7.329923,7.006248,0.056316,60,179.434693,179.702560,179.013672,0.153127,60,-0.019144,0.477126,-0.472077,0.193467,60,0.000000,65.450000,78.000000,47.000000,8.357327,60,1505.183333,1597.000000,1432.000000,37.847818,60,6.545000,7.800000,4.700000,0.835733,60,150.518163,3.752142,60,60,60,60,60,60,60,60,60,60,60,60,60,60,60,60,60,60,60,60,60,60,60,60,60,60,60,60,60,60,13.2755,13.37,13.19,89.11,92,87,43.02,6870744
2026-10-03 15:54:00,23.992320,24.051270,23.947510,0.022221,60,15.286742,15.378042,15.230030,0.027583,60,19.948399,20.033569,19.871824,0.028018,60,59.925000,60.900000,58.900000,0.492185,60,33.899540,33.945602,33.860153,0.018128,60,34.019836,34.073776,33.988327,0.018784,60,33.966431,34.017700,33.918900,0.020933,60,32.300000,32.300000,32.300000,0.000002,60,33.117797,33.150803,33.079514,0.015296,60,33.160296,33.186081,33.134537,0.012122,60,33.221866,33.254898,33.188522,0.015252,60,997.653333,997.800000,997.500000,0.065008,60,997.653333,997.800000,997.500000,0.065008,60,23.498333,23.800000,23.300000,0.148999,60,104.574421,105.395325,101.568604,0.997113,60,377.498817,381.448914,367.218384,3.563214,60,397.367370,401.278412,387.069122,3.613724,60,4.339252,4.381960,4.226795,0.039462,60,1.105352,1.114029,1.073580,0.010539,60,4.035462,4.077689,3.925565,0.038091,60,0.955754,1.378902,0.485894,0.178093,60,-178.928228,-178.734131,-179.100357,0.067763,60,-0.116876,-0.040536,-0.226828,0.048365,60,7.170401,7.308910,7.043345,0.055306,60,179.450540,179.973785,178.930511,0.222652,60,0.008519,0.423051,-0.366829,0.208375,60,0.000000,69.283333,83.000000,44.000000,9.390027,60,1581.250000,1690.000000,1478.000000,52.329019,60,6.928333,8.300000,4.400000,0.939003,60,158.124824,5.187644,60,60,60,60,60,60,60,60,60,60,60,60,60,60,60,60,60,60,60,60,60,60,60,60,60,60,60,60,60,60,13.2791,13.37,13.21,89.02,91,87,43.01,6870778
2026-10-03 15:55:00,23.992116,24.032959,23.933775,0.025609,60,15.291854,15.344473,15.243763,0.028928,60,19.946085,19.983215,19.868773,0.027299,60,59.885000,61.400000,58.800000,0.721774,60,33.844755,33.889526,33.801407,0.023554,60,33.965852,34.004349,33.918900,0.018775,60,33.909732,33.948273,33.862823,0.023860,60,32.215000,32.300000,32.200000,0.036008,60,33.043201,33.090256,33.003586,0.023499,60,33.099928,33.144394,33.063278,0.023806,60,33.148617,33.202866,33.100204,0.025883,60,997.668333,997.800000,997.500000,0.062414,60,997.668333,997.800000,997.500000,0.062414,60,23.523333,23.900000,23.300000,0.200310,60,88.542963,101.185341,73.327538,6.824512,60,319.017152,366.404602,261.915375,25.743904,60,335.333777,386.019897,277.720062,27.442445,60,3.661845,4.215337,3.032703,0.299671,60,0.935899,1.069529,0.775072,0.072135,60,3.410293,3.916865,2.799875,0.275202,60,0.974874,1.553881,0.249108,0.256348,60,-178.930850,-178.732025,-179.111694,0.061884,60,-0.120173,-0.013973,-0.214610,0.042912,60,7.156852,7.250570,7.014046,0.052331,60,179.425484,179.838409,179.023102,0.201514,60,0.004919,0.397094,-0.406359,0.210695,60,0.000000,61.916667,83.000000,44.000000,8.912554,60,1501.316667,1639.000000,1323.000000,75.347442,60,6.191667,8.300000,4.400000,0.891255,60,150.139814,7.466180,60,60,60,60,60,60,60,60,60,60,60,60,60,60,60,60,60,60,60,60,60,60,60,60,60,60,60,60,60,60,13.2898,13.39,13.20,88.81,91,87,43.00,6870812
2026-10-03 15:56:00,23.996211,24.043640,23.941406,0.023859,60,15.282699,15.341420,15.225452,0.027950,60,19.939727,20.013733,19.880980,0.031240,60,60.123333,61.500000,59.000000,0.646861,60,33.774614,33.830780,33.731972,0.021584,60,33.906883,33.974976,33.862823,0.022208,60,33.838880,33.892197,33.804077,0.022074,60,32.148333,32.200000,32.100000,0.050394,60,32.953493,33.008163,32.907394,0.030957,60,33.023417,33.066177,32.975266,0.026637,60,33.058658,33.106308,33.011642,0.028001,60,997.613333,997.800000,997.500000,0.067565,60,997.613333,997.800000,997.500000,0.067565,60,23.456667,23.900000,23.100000,0.250671,60,82.715447,100.395523,61.368946,13.514193,60,302.431590,358.427490,233.223740,41.400660,60,316.693321,376.529266,244.306610,43.667085,60,3.458291,4.111700,2.667828,0.476845,60,0.874302,1.061181,0.648670,0.142845,60,3.232994,3.831590,2.493162,0.442573,60,0.962468,1.379747,0.460712,0.160799,60,-178.924800,-178.799438,-179.056305,0.052458,60,-0.133466,-0.039128,-0.268300,0.053181,60,7.152236,7.329047,7.019734,0.061827,60,179.413003,179.905945,179.039795,0.188507,60,0.013070,0.529430,-0.445718,0.199698,60,0.000000,73.000000,84.000000,58.000000,6.114722,60,1545.083333,1674.000000,1443.000000,59.812218,60,7.300000,8.400000,5.800000,0.611472,60,154.508221,5.929939,60,60,60,60,60,60,60,60,60,60,60,60,60,60,60,60,60,60,60,60,60,60,60,60,60,60,60,60,60,60,13.2963,13.43,13.19,88.97,92,87,43.00,6870845
2026-10-03 15:57:00,23.988988,24.037537,23.938354,0.022911,60,15.290303,15.339894,15.239185,0.028196,60,19.938227,20.009155,19.876402,0.025983,60,61.135000,62.200000,60.200000,0.472579,60,33.707806,33.758682,33.673225,0.018087,60,33.844087,33.892197,33.804077,0.022709,60,33.776127,33.804077,33.734642,0.017677,60,32.168333,32.200000,32.100000,0.046910,60,32.912675,32.928177,32.898758,0.007287,60,32.963427,32.984482,32.944229,0.010503,60,33.011414,33.036392,32.994217,0.007831,60,997.683333,997.800000,997.500000,0.045721,60,997.683333,997.800000,997.500000,0.045721,60,23.771667,23.900000,23.400000,0.099305,60,99.837130,104.356720,94.066940,3.555947,60,359.337820,375.404053,335.217651,13.404157,60,377.254117,394.590637,351.401245,14.336920,60,4.119615,4.308929,3.837301,0.156559,60,1.055278,1.103051,0.994288,0.037586,60,3.841321,4.013069,3.583477,0.143290,60,0.976646,1.596337,0.500978,0.178812,60,-178.925219,-178.788605,-179.062958,0.062982,60,-0.131895,-0.000866,-0.228578,0.052006,60,7.156964,7.288827,6.988756,0.052603,60,173.419167,179.906128,-179.903976,46.387616,60,0.015206,0.679671,-0.760780,0.279435,60,0.000000,60.150000,73.000000,47.000000,6.779393,60,1507.900000,1655.000000,1292.000000,92.459006,60,6.015000,7.300000,4.700000,0.677939,60,150.800839,9.165869,60,60,60,60,60,60,60,60,60,60,60,60,60,60,60,60,60,60,60,60,60,60,60,60,60,60,60,60,60,60,13.2998,13.38,13.21,88.86,91,87,43.00,6870881
2026-10-03 15:58:00,23.984512,24.037537,23.933775,0.024075,60,15.292770,15.353628,15.220875,0.030684,60,19.937413,20.024414,19.876402,0.031476,60,60.600000,61.600000,59.800000,0.514205,60,33.663123,33.702599,33.633171,0.015602,60,33.796111,33.849472,33.761353,0.017295,60,33.728990,33.761353,33.705269,0.013366,60,32.200000,32.200000,32.200000,0.000000,60,32.918798,32.932419,32.900101,0.007331,60,32.956916,32.970291,32.938766,0.006366,60,33.011438,33.033188,32.994308,0.008728,60,997.666667,997.800000,997.500000,0.060132,60,997.666667,997.800000,997.500000,0.060132,60,23.701667,23.900000,23.400000,0.161026,60,103.857384,104.059906,103.661118,0.115777,60,373.603769,374.447083,372.465027,0.556499,60,392.556174,393.418762,391.130768,0.628966,60,4.286713,4.296133,4.271148,0.006868,60,1.097773,1.099913,1.095698,0.001224,60,3.993824,4.002839,3.981651,0.005949,60,1.003033,1.209477,0.635434,0.121468,60,-178.931771,-178.845535,-179.105194,0.056345,60,-0.140595,-0.000715,-0.226462,0.048414,60,7.145317,7.273767,6.980085,0.058442,60,179.423374,179.879196,178.992783,0.196448,60,0.010076,0.529430,-0.484710,0.209126,60,0.000000,64.116667,77.000000,46.000000,8.069805,60,1452.416667,1589.000000,1347.000000,42.227909,60,6.411667,7.700000,4.600000,0.806980,60,145.240091,4.184388,60,60,60,60,60,60,60,60,60,60,60,60,60,60,60,60,60,60,60,60,60,60,60,60,60,60,60,60,60,60,13.3066,13.41,13.22,88.84,92,87,43.00,6870915
2026-10-03 15:59:00,23.980494,24.046692,23.932249,0.026621,60,15.289972,15.353628,15.236134,0.025804,60,19.934920,19.990845,19.858091,0.028682,60,61.130000,62.000000,60.200000,0.476321,60,33.642784,33.673225,33.603798,0.013803,60,33.764956,33.790726,33.734642,0.012971,60,33.703088,33.747993,33.665215,0.015897,60,32.200000,32.200000,32.200000,0.000000,60,32.927377,32.943283,32.908005,0.007210,60,32.952778,32.969742,32.937241,0.007316,60,33.010882,33.026169,33.000290,0.005942,60,997.698333,997.800000,997.600000,0.046910,60,997.698333,997.800000,997.600000,0.046910,60,23.863333,24.100000,23.600000,0.128837,60,103.389228,103.667976,103.183891,0.130011,60,371.597668,372.390839,371.353790,0.243960,60,390.431326,391.081116,389.763489,0.314303,60,4.263510,4.270606,4.256217,0.003432,60,1.092824,1.095770,1.090654,0.001374,60,3.972379,3.980858,3.969772,0.002608,60,0.981459,1.380169,0.633486,0.162581,60,-178.938621,-178.793488,-179.130249,0.070586,60,-0.137253,-0.013646,-0.228393,0.049251,60,7.166315,7.314940,7.037245,0.058593,60,179.400042,179.878677,178.651230,0.214558,60,-0.002725,0.678912,-0.485684,0.229645,60,0.000000,61.733333,77.000000,42.000000,8.016649,60,1464.816667,1607.000000,1275.000000,72.131587,60,6.173333,7.700000,4.200000,0.801665,60,146.496075,7.143041,60,60,60,60,60,60,60,60,60,60,60,60,60,60,60,60,60,60,60,60,60,60,60,60,60,60,60,60,60,60,13.3112,13.39,13.22,88.79,92,87,42.98,6870949
2026-10-03 16:00:00,23.968567,24.034485,23.920042,0.025497,60,15.280156,15.350576,15.234608,0.026844,60,19.929783,19.987793,19.873350,0.028472,60,60.585000,61.200000,60.100000,0.311815,60,33.627608,33.659874,33.603798,0.014055,60,33.746794,33.774704,33.718620,0.012799,60,33.687734,33.721291,33.649193,0.013241,60,32.200000,32.200000,32.200000,0.000000,60,32.912554,32.930283,32.890396,0.010821,60,32.945394,32.973007,32.927750,0.009462,60,33.001046,33.035751,32.981766,0.010453,60,997.675000,997.800000,997.600000,0.067961,60,997.675000,997.800000,997.600000,0.067961,60,23.726667,23.900000,23.600000,0.116250,60,103.580217,103.938957,102.723808,0.339786,60,370.860801,372.493286,367.737061,1.532650,60,389.758635,391.287384,386.439056,1.613901,60,4.256164,4.272859,4.219914,0.017624,60,1.094843,1.098635,1.085791,0.003592,60,3.964502,3.981953,3.931109,0.016384,60,0.967014,1.637921,0.591893,0.211457,60,-178.944922,-178.742371,-179.141281,0.072959,60,-0.145839,-0.053344,-0.292490,0.048249,60,7.170342,7.298877,7.056198,0.057730,60,179.449914,179.973816,178.942322,0.220009,60,0.008553,0.437573,-0.511451,0.222667,60,0.000000,68.766667,85.000000,55.000000,6.943761,60,1531.883333,1645.000000,1420.000000,56.187667,60,6.876667,8.500000,5.500000,0.694376,60,153.188257,5.570031,60,60,60,60,60,60,60,60,60,60,60,60,60,60,60,60,60,60,60,60,60,60,60,60,60,60,60,60,60,60,13.3187,13.41,13.23,88.74,92,87,42.98,6870982
2026-10-03 16:01:00,23.957250,24.005493,23.891050,0.022041,60,15.263549,15.303273,15.197986,0.023885,60,19.916126,19.969482,19.855040,0.025818,60,60.171667,61.100000,59.600000,0.356581,60,33.605756,33.633171,33.577095,0.012543,60,33.723338,33.747993,33.691917,0.017273,60,33.667440,33.705269,33.622490,0.015266,60,32.140000,32.200000,32.100000,0.049403,60,32.876304,32.914841,32.848740,0.014285,60,32.912042,32.941055,32.881424,0.015504,60,32.965003,33.003677,32.937485,0.016434,60,997.661667,997.800000,997.600000,0.055515,60,997.661667,997.800000,997.600000,0.055515,60,23.436667,23.900000,23.300000,0.155102,60,102.016887,102.787148,100.771225,0.575250,60,364.008110,367.721680,359.475403,2.517794,60,382.387381,386.435760,377.587311,2.730668,60,4.175670,4.219878,4.123253,0.029819,60,1.078318,1.086460,1.065152,0.006080,60,3.891247,3.930945,3.842792,0.026915,60,0.992292,1.635981,0.350186,0.218674,60,-178.940922,-178.790329,-179.062744,0.064460,60,-0.121399,-0.000338,-0.226920,0.053053,60,7.185794,7.324938,7.048604,0.063880,60,173.437383,179.837143,-179.876938,46.386215,60,0.011072,0.644129,-0.589782,0.246669,60,0.000000,67.083333,86.000000,51.000000,7.748793,60,1449.633333,1556.000000,1371.000000,44.650419,60,6.708333,8.600000,5.100000,0.774879,60,144.962126,4.426498,60,60,60,60,60,60,60,60,60,60,60,60,60,60,60,60,60,60,60,60,60,60,60,60,60,60,60,60,60,60,13.3207,13.41,13.25,88.73,91,87,42.93,6871016
2026-10-03 16:02:00,23.943135,24.014648,23.886473,0.023687,60,15.261209,15.317006,15.197986,0.027207,60,19.906818,19.967957,19.818419,0.031192,60,60.781667,61.700000,59.700000,0.557382,60,33.575448,33.603798,33.534370,0.018376,60,33.691917,33.734642,33.662544,0.015863,60,33.631925,33.678566,33.593117,0.015644,60,32.046667,32.100000,32.000000,0.050310,60,32.829912,32.859299,32.806564,0.015026,60,32.861736,32.896957,32.829086,0.018644,60,32.911267,32.944809,32.882401,0.016783,60,997.691667,997.800000,997.600000,0.049717,60,997.691667,997.800000,997.600000,0.049717,60,23.611667,23.800000,23.300000,0.198376,60,100.112084,100.754532,99.102882,0.476883,60,355.809696,359.160553,352.322266,2.012720,60,373.678524,377.329529,369.897644,2.085831,60,4.080570,4.120439,4.039282,0.022777,60,1.058185,1.064975,1.047517,0.005041,60,3.803606,3.839426,3.766325,0.021516,60,0.983458,1.338839,0.635190,0.160940,60,-178.934206,-178.798035,-179.076340,0.062033,60,-0.139133,-0.040158,-0.253002,0.047119,60,7.163675,7.276811,6.987291,0.060272,60,179.435050,179.729980,179.021729,0.164921,60,0.013359,0.357236,-0.340470,0.184195,60,0.000000,64.000000,80.000000,46.000000,9.144786,60,1400.483333,1531.000000,1274.000000,57.261959,60,6.400000,8.000000,4.600000,0.914479,60,140.050577,5.674797,60,60,60,60,60,60,60,60,60,60,60,60,60,60,60,60,60,60,60,60,60,60,60,60,60,60,60,60,60,60,13.3265,13.43,13.25,88.59,91,87,42.89,6871050
2026-10-03 16:03:00,23.946848,24.011597,23.886473,0.026171,60,15.266855,15.349051,15.194934,0.030788,60,19.904987,19.964905,19.850462,0.025059,60,61.795000,62.600000,61.200000,0.415556,60,33.536373,33.577095,33.504997,0.015560,60,33.658628,33.718620,33.622490,0.015866,60,33.595253,33.622490,33.566414,0.016707,60,32.096667,32.100000,32.000000,0.018102,60,32.811601,32.828934,32.785294,0.007217,60,32.833411,32.847885,32.819382,0.007027,60,32.884344,32.897110,32.864182,0.006956,60,997.746667,997.800000,997.600000,0.053573,60,997.746667,997.800000,997.600000,0.053573,60,23.878333,24.100000,23.800000,0.099305,60,97.898134,99.026718,96.886169,0.654678,60,348.503179,352.186127,345.448914,2.032923,60,366.021075,369.830780,363.019501,2.092834,60,3.996950,4.038552,3.964173,0.022854,60,1.034783,1.046712,1.024087,0.006920,60,3.725499,3.764869,3.692849,0.021732,60,1.007886,1.350118,0.756792,0.142178,60,-178.926352,-178.785416,-179.058762,0.061091,60,-0.119815,-0.000225,-0.293026,0.056141,60,7.176878,7.306901,7.034742,0.065262,60,179.417597,179.797485,178.971161,0.203609,60,0.025076,0.670880,-0.379985,0.214776,60,0.000000,56.233333,74.000000,44.000000,6.255483,60,1411.750000,1510.000000,1277.000000,48.690174,60,5.623333,7.400000,4.400000,0.625548,60,141.177099,4.826055,60,60,60,60,60,60,60,60,60,60,60,60,60,60,60,60,60,60,60,60,60,60,60,60,60,60,60,60,60,60,13.3232,13.41,13.25,88.74,91,87,42.81,6871084
2026-10-03 16:04:00,23.939625,24.010071,23.883421,0.025807,60,15.259200,15.313954,15.194934,0.029449,60,19.901477,19.963379,19.848936,0.026194,60,61.110000,62.400000,60.200000,0.685368,60,33.519550,33.547722,33.491646,0.012266,60,33.635085,33.678566,33.606468,0.013302,60,33.572422,33.593117,33.537041,0.013648,60,32.098333,32.100000,32.000000,0.012910,60,32.805284,32.829941,32.774551,0.014016,60,32.830353,32.847580,32.806229,0.009028,60,32.880570,32.902267,32.857620,0.011623,60,997.645000,997.700000,997.500000,0.069927,60,997.645000,997.700000,997.500000,0.069927,60,23.675000,24.100000,23.400000,0.216775,60,96.376020,96.995712,95.746735,0.338895,60,342.538142,345.431976,339.029114,1.824930,60,359.769065,362.985443,356.008820,1.957997,60,3.928678,3.963801,3.887616,0.021381,60,1.018695,1.025245,1.012043,0.003582,60,3.661733,3.692668,3.624221,0.019508,60,0.990957,1.570990,0.248806,0.265304,60,-178.929784,-178.818359,-179.141083,0.066404,60,-0.157574,-0.040914,-0.319919,0.061425,60,7.135437,7.263772,7.004301,0.066673,60,167.405066,179.987366,-179.985672,65.049853,60,0.007147,0.688064,-0.511607,0.268914,60,0.000000,71.100000,92.000000,52.000000,10.646397,60,1459.916667,1618.000000,1298.000000,70.705714,60,7.110000,9.200000,5.200000,1.064640,60,145.987097,7.004842,60,60,60,60,60,60,60,60,60,60,60,60,60,60,60,60,60,60,60,60,60,60,60,60,60,60,60,60,60,60,13.3176,13.41,13.23,88.74,91,87,42.70,6871118
2026-10-03 16:05:00,23.926579,23.968872,23.865110,0.020168,60,15.252638,15.313954,15.176623,0.027284,60,19.892780,19.978638,19.832151,0.025150,60,60.913333,62.100000,60.200000,0.478510,60,33.490266,33.534370,33.448921,0.018220,60,33.607314,33.635841,33.579765,0.016205,60,33.546164,33.579765,33.510338,0.016062,60,32.001667,32.100000,32.000000,0.012910,60,32.748239,32.779648,32.712448,0.018180,60,32.784461,32.818344,32.746140,0.020731,60,32.821485,32.854416,32.785049,0.021235,60,997.685000,997.800000,997.600000,0.075521,60,997.685000,997.800000,997.600000,0.075521,60,23.521667,23.800000,23.300000,0.146243,60,94.855085,95.780571,94.016411,0.502657,60,334.860229,338.705902,331.928711,2.005771,60,351.353278,355.898590,348.321106,2.225489,60,3.836778,3.886413,3.803667,0.024302,60,1.002618,1.012401,0.993753,0.005313,60,3.579656,3.620766,3.548318,0.021442,60,1.023004,1.533131,0.568313,0.199402,60,-178.931166,-178.783386,-179.103516,0.071520,60,-0.154726,-0.040253,-0.254967,0.056044,60,7.159677,7.372108,6.984879,0.069369,60,179.422063,179.838837,178.995895,0.189093,60,0.029168,0.396172,-0.618262,0.196105,60,0.000000,70.000000,87.000000,53.000000,9.552708,60,1449.350000,1575.000000,1374.000000,46.042657,60,7.000000,8.700000,5.300000,0.955271,60,144.931954,4.563774,60,60,60,60,60,60,60,60,60,60,60,60,60,60,60,60,60,60,60,60,60,60,60,60,60,60,60,60,60,60,13.3333,13.43,13.25,88.60,90,87,42.56,6871151
2026-10-03 16:06:00,23.913405,23.952087,23.854429,0.023505,60,15.241830,15.294118,15.175097,0.026689,60,19.886396,19.928282,19.813841,0.026972,60,61.298333,62.400000,60.600000,0.431195,60,33.451547,33.491646,33.406197,0.018885,60,33.568550,33.593117,33.523689,0.016722,60,33.499256,33.537041,33.454262,0.019866,60,31.918333,32.000000,31.900000,0.039020,60,32.685547,32.719650,32.658493,0.017153,60,32.720595,32.752396,32.693954,0.017448,60,32.758185,32.789597,32.726395,0.016533,60,997.703333,997.800000,997.600000,0.058125,60,997.703333,997.800000,997.600000,0.058125,60,23.568333,23.900000,23.400000,0.142009,60,93.642132,94.082954,93.031998,0.249314,60,330.009911,331.817169,328.328735,0.997626,60,346.240490,348.179260,344.570221,1.081600,60,3.780946,3.802118,3.762707,0.011811,60,0.989797,0.994457,0.983348,0.002635,60,3.527806,3.547126,3.509834,0.010665,60,0.998143,1.527158,0.355801,0.276108,60,-178.935613,-178.774399,-179.142700,0.074520,60,-0.117522,-0.000413,-0.252611,0.053675,60,7.180161,7.319020,7.019210,0.064774,60,173.433456,179.770615,-179.795868,46.375067,60,0.012719,0.426499,-0.695576,0.234227,60,0.000000,64.933333,81.000000,48.000000,7.061153,60,1448.733333,1592.000000,1299.000000,64.787754,60,6.493333,8.100000,4.800000,0.706115,60,144.872680,6.420459,60,60,60,60,60,60,60,60,60,60,60,60,60,60,60,60,60,60,60,60,60,60,60,60,60,60,60,60,60,60,13.3209,13.39,13.25,88.69,91,86,42.40,6871185
2026-10-03 16:07:00,23.915744,23.978027,23.849852,0.024485,60,15.248213,15.344473,15.175097,0.034087,60,19.885964,19.960327,19.827574,0.024031,60,61.481667,62.800000,60.600000,0.627746,60,33.406375,33.448921,33.376823,0.017395,60,33.524891,33.579765,33.480965,0.018213,60,33.456042,33.494316,33.411537,0.018208,60,31.900000,31.900000,31.900000,0.000000,60,32.647838,32.680710,32.618820,0.014773,60,32.685938,32.706528,32.665573,0.009276,60,32.723983,32.753403,32.702377,0.012645,60,997.660000,997.800000,997.600000,0.058802,60,997.660000,997.800000,997.600000,0.058802,60,23.611667,23.900000,23.400000,0.171821,60,92.814778,93.052574,92.626572,0.102843,60,327.171383,328.414001,325.191315,0.977874,60,343.368806,344.642578,341.181183,1.111593,60,3.749587,3.763497,3.725698,0.012139,60,0.981052,0.983566,0.979063,0.001087,60,3.497462,3.510746,3.476295,0.010453,60,1.011081,1.605892,0.178433,0.293293,60,-178.927456,-178.761017,-179.071320,0.061221,60,-0.135458,-0.014014,-0.227195,0.045063,60,7.164520,7.276811,7.035296,0.051163,60,179.419166,179.865234,179.036179,0.192836,60,0.003569,0.503495,-0.551256,0.228814,60,0.000000,67.333333,79.000000,55.000000,5.777416,60,1498.933333,1629.000000,1394.000000,60.891364,60,6.733333,7.900000,5.500000,0.577742,60,149.888097,6.036156,60,60,60,60,60,60,60,60,60,60,60,60,60,60,60,60,60,60,60,60,60,60,60,60,60,60,60,60,60,60,13.3267,13.41,13.25,88.68,91,87,42.30,6871219
2026-10-03 16:08:00,23.916228,23.973450,23.859007,0.026845,60,15.245238,15.307851,15.172046,0.026560,60,19.887337,19.940491,19.826048,0.024427,60,61.508333,62.100000,60.800000,0.429146,60,33.364318,33.419548,33.334099,0.018147,60,33.486973,33.523689,33.451591,0.016214,60,33.415409,33.454262,33.379494,0.017378,60,31.900000,31.900000,31.900000,0.000000,60,32.616137,32.636368,32.598923,0.008799,60,32.655324,32.683121,32.630905,0.010363,60,32.690979,32.707230,32.670914,0.009141,60,997.741667,997.800000,997.600000,0.059065,60,997.741667,997.800000,997.600000,0.059065,60,23.643333,23.800000,23.400000,0.160894,60,92.115487,92.742050,91.486435,0.292844,60,323.332025,325.220490,321.812744,0.901085,60,339.140092,341.144196,337.532043,0.968035,60,3.703410,3.725295,3.685850,0.010571,60,0.973661,0.980283,0.967012,0.003095,60,3.456419,3.476607,3.440178,0.009633,60,0.993430,1.395664,0.594226,0.183683,60,-178.941121,-178.787949,-179.067123,0.064372,60,-0.140072,-0.013891,-0.265969,0.039304,60,7.176568,7.272812,7.058920,0.049140,60,179.428597,179.906647,179.048401,0.213466,60,0.041864,0.375604,-0.340842,0.184918,60,0.000000,59.400000,72.000000,44.000000,6.948235,60,1500.750000,1636.000000,1382.000000,68.954818,60,5.940000,7.200000,4.400000,0.694823,60,150.072073,6.835866,60,60,60,60,60,60,60,60,60,60,60,60,60,60,60,60,60,60,60,60,60,60,60,60,60,60,60,60,60,60,13.3228,13.41,13.23,88.74,92,87,42.15,6871253
2026-10-03 16:09:00,23.913456,23.961243,23.859007,0.024320,60,15.248824,15.323110,15.185779,0.027046,60,19.884057,19.955750,19.826048,0.023920,60,61.866667,63.000000,61.200000,0.586188,60,33.337170,33.376823,33.304726,0.015639,60,33.462495,33.507668,33.438240,0.016137,60,33.380873,33.411537,33.366142,0.013823,60,31.930000,32.000000,31.900000,0.046212,60,32.609093,32.623398,32.593887,0.007981,60,32.652854,32.669632,32.638809,0.007075,60,32.685900,32.704666,32.665817,0.007857,60,997.746667,997.800000,997.600000,0.053573,60,997.746667,997.800000,997.600000,0.053573,60,23.721667,24.100000,23.600000,0.146243,60,89.986576,91.475235,85.229660,1.664108,60,316.605849,321.674347,302.083466,5.112317,60,332.130280,337.405273,317.093689,5.155651,60,3.626863,3.684466,3.462663,0.056300,60,0.951158,0.966893,0.900877,0.017590,60,3.384516,3.438699,3.229272,0.054651,60,1.028497,1.422423,0.742012,0.151625,60,-178.938041,-178.818924,-179.073074,0.060231,60,-0.134766,-0.040253,-0.253197,0.044431,60,7.166963,7.305916,7.034742,0.063982,60,179.425407,179.811844,178.830704,0.177415,60,0.019331,0.545469,-0.511482,0.210016,60,0.000000,58.500000,74.000000,44.000000,8.271864,60,1545.183333,1699.000000,1411.000000,56.293568,60,5.850000,7.400000,4.400000,0.827186,60,154.514540,5.577298,60,60,60,60,60,60,60,60,60,60,60,60,60,60,60,60,60,60,60,60,60,60,60,60,60,60,60,60,60,60,13.3178,13.41,13.21,88.61,91,87,42.09,6871287
2026-10-03 16:10:00,23.919992,23.987183,23.855955,0.024838,60,15.245823,15.289540,15.185779,0.026444,60,19.877495,19.935911,19.822996,0.027071,60,61.665000,62.700000,60.900000,0.574847,60,33.316475,33.347450,33.291374,0.013916,60,33.443803,33.467613,33.424889,0.010964,60,33.365074,33.398186,33.323418,0.013421,60,31.993333,32.000000,31.900000,0.025155,60,32.606732,32.624527,32.589218,0.009470,60,32.663434,32.676712,32.649826,0.006467,60,32.681718,32.698746,32.655045,0.010305,60,997.803333,997.900000,997.700000,0.066298,60,997.803333,997.900000,997.700000,0.066298,60,23.670000,23.900000,23.400000,0.162918,60,74.054371,84.888939,69.075249,4.951653,60,265.659896,300.806458,248.387222,16.844544,60,278.415510,315.903961,259.664917,18.190122,60,3.040297,3.449671,2.835541,0.198636,60,0.782755,0.897276,0.730125,0.052339,60,2.839904,3.215621,2.655259,0.180068,60,1.020883,1.532671,0.461924,0.204861,60,-178.954247,-178.793198,-179.100143,0.060139,60,-0.115862,-0.014137,-0.265969,0.046484,60,7.173933,7.329923,7.016898,0.062500,60,179.441291,179.704514,179.012741,0.135071,60,0.018466,0.319574,-0.419453,0.139327,60,0.000000,56.050000,75.000000,44.000000,6.562412,60,1470.616667,1652.000000,1292.000000,85.919965,60,5.605000,7.500000,4.400000,0.656241,60,147.061899,8.511834,60,60,60,60,60,60,60,60,60,60,60,60,60,60,60,60,60,60,60,60,60,60,60,60,60,60,60,60,60,60,13.3160,13.38,13.23,88.92,91,87,42.05,6871320
2026-10-03 16:11:00,23.901045,23.956665,23.842222,0.024852,60,15.238575,15.304799,15.170520,0.029104,60,19.874240,19.954224,19.822996,0.025395,60,62.485000,63.000000,61.500000,0.419372,60,33.303301,33.334099,33.262001,0.014638,60,33.437884,33.467613,33.411537,0.011482,60,33.350655,33.398186,33.323418,0.015176,60,31.991667,32.000000,31.900000,0.027872,60,32.595569,32.605728,32.575272,0.006906,60,32.656598,32.676559,32.631607,0.007908,60,32.671559,32.688889,32.654343,0.007229,60,997.836667,997.900000,997.800000,0.048596,60,997.836667,997.900000,997.800000,0.048596,60,23.890000,24.100000,23.600000,0.127159,60,81.528665,86.992218,72.367142,4.591340,60,285.357679,300.721405,257.554291,13.873034,60,298.065316,314.390900,268.806335,14.666796,60,3.254873,3.433149,2.935365,0.160161,60,0.861758,0.919508,0.764921,0.048530,60,3.050473,3.214712,2.753255,0.148303,60,1.017371,1.349703,0.743362,0.150585,60,-178.932590,-178.785965,-179.104782,0.059644,60,-0.127211,-0.013973,-0.213368,0.044923,60,7.179777,7.349129,7.025564,0.065948,60,179.398722,179.838654,178.967255,0.182832,60,0.027748,0.357761,-0.511544,0.184175,60,0.000000,50.000000,63.000000,41.000000,4.808185,60,1511.183333,1674.000000,1338.000000,65.442041,60,5.000000,6.300000,4.100000,0.480819,60,151.116372,6.483292,60,60,60,60,60,60,60,60,60,60,60,60,60,60,60,60,60,60,60,60,60,60,60,60,60,60,60,60,60,60,13.3445,13.43,13.26,88.50,91,87,42.03,6871354
2026-10-03 16:12:00,23.896315,23.968872,23.842222,0.026494,60,15.228377,15.289540,15.170520,0.024483,60,19.869281,19.903868,19.821470,0.022555,60,62.038333,63.000000,61.300000,0.449516,60,33.300231,33.318077,33.262001,0.012825,60,33.433167,33.467613,33.411537,0.011939,60,33.347450,33.379494,33.323418,0.012486,60,32.000000,32.000000,32.000000,0.000000,60,32.604526,32.620499,32.585312,0.007765,60,32.664309,32.681473,32.642105,0.008096,60,32.681908,32.694992,32.658615,0.006869,60,997.853333,997.900000,997.800000,0.050310,60,997.853333,997.900000,997.800000,0.050310,60,23.848333,24.300000,23.600000,0.162075,60,85.720523,87.412506,82.154312,1.468279,60,293.691280,301.000061,279.255493,6.301454,60,306.800648,314.591187,291.710266,6.623975,60,3.350263,3.435336,3.185476,0.072334,60,0.906066,0.923950,0.868371,0.015520,60,3.139560,3.217691,2.985241,0.067363,60,1.024298,1.598716,0.780856,0.145896,60,-178.930945,-178.775269,-179.071106,0.059995,60,-0.145288,-0.040158,-0.265969,0.047720,60,7.160002,7.283788,7.064776,0.055082,60,179.435605,179.731323,179.074524,0.153363,60,0.028240,0.436601,-0.261861,0.144461,60,0.000000,48.516667,62.000000,37.000000,5.829474,60,1447.883333,1589.000000,1282.000000,71.796580,60,4.851667,6.200000,3.700000,0.582947,60,144.791494,7.114096,60,60,60,60,60,60,60,60,60,60,60,60,60,60,60,60,60,60,60,60,60,60,60,60,60,60,60,60,60,60,13.3246,13.42,13.25,88.76,91,87,42.02,6871388
2026-10-03 16:13:00,23.888329,23.941406,23.854429,0.019720,60,15.220849,15.339894,15.170520,0.028853,60,19.857049,19.903868,19.789425,0.027352,60,61.488333,62.400000,60.200000,0.595204,60,33.288659,33.318077,33.262001,0.013415,60,33.430986,33.467613,33.411537,0.013793,60,33.339706,33.366142,33.310066,0.012930,60,31.953333,32.000000,31.900000,0.050310,60,32.575130,32.608170,32.529434,0.022908,60,32.655824,32.677383,32.614975,0.014039,60,32.654896,32.686661,32.595688,0.022907,60,997.845000,997.900000,997.800000,0.050169,60,997.845000,997.900000,997.800000,0.050169,60,23.636667,23.900000,23.300000,0.185917,60,61.286196,81.879227,34.114361,15.526493,60,213.169587,278.426483,131.640549,48.134031,60,222.024598,290.845428,135.279770,51.241246,60,2.424509,3.176032,1.477255,0.559554,60,0.647795,0.865463,0.360589,0.164115,60,2.278783,2.976379,1.407237,0.514553,60,0.993139,1.418532,0.246100,0.221127,60,-178.929510,-178.750427,-179.096329,0.061209,60,-0.152730,-0.053093,-0.292383,0.050200,60,7.171522,7.292840,7.016898,0.063006,60,179.431282,179.865524,179.044312,0.168632,60,0.008550,0.436213,-0.445796,0.174305,60,0.000000,53.433333,73.000000,41.000000,7.596535,60,1451.450000,1621.000000,1306.000000,64.382181,60,5.343333,7.300000,4.100000,0.759654,60,145.147272,6.379274,60,60,60,60,60,60,60,60,60,60,60,60,60,60,60,60,60,60,60,60,60,60,60,60,60,60,60,60,60,60,13.3246,13.50,13.20,88.68,91,86,42.00,6871422
2026-10-03 16:14:00,23.884286,23.936827,23.822386,0.024836,60,15.212660,15.272755,15.152208,0.025732,60,19.849267,19.917601,19.786373,0.025775,60,61.903333,62.600000,61.000000,0.488847,60,33.250291,33.278023,33.205917,0.017056,60,33.404283,33.438240,33.352791,0.018071,60,33.300676,33.339439,33.253990,0.020699,60,31.848333,31.900000,31.800000,0.050394,60,32.478920,32.544662,32.402206,0.039201,60,32.587138,32.634262,32.540512,0.025439,60,32.565677,32.628464,32.504654,0.033546,60,997.891667,998.000000,997.800000,0.038142,60,997.891667,998.000000,997.800000,0.038142,60,23.646667,23.900000,23.400000,0.151228,60,31.505104,58.535992,21.367783,10.147739,60,123.971933,205.409225,88.610298,32.866091,60,128.992667,213.786926,91.075485,35.293578,60,1.408600,2.334553,0.994544,0.385406,60,0.333009,0.618725,0.225857,0.107262,60,1.325260,2.195824,0.947244,0.351338,60,1.031851,1.462118,0.743362,0.139735,60,-178.928597,-178.815002,-179.182220,0.064101,60,-0.131085,-0.052993,-0.212927,0.038490,60,7.181637,7.341049,7.058328,0.054702,60,179.417787,179.690201,179.152664,0.107535,60,0.015383,0.332093,-0.156493,0.108589,60,0.000000,54.000000,66.000000,44.000000,5.262596,60,1582.850000,1650.000000,1356.000000,50.035860,60,5.400000,6.600000,4.400000,0.526260,60,158.296237,4.950253,60,60,60,60,60,60,60,60,60,60,60,60,60,60,60,60,60,60,60,60,60,60,60,60,60,60,60,60,60,60,13.1962,13.39,12.99,89.64,93,87,42.00,6871456
2026-10-03 16:15:00,23.884871,23.947510,23.833067,0.024269,60,15.203326,15.271229,15.133898,0.031011,60,19.849445,19.928282,19.800106,0.025855,60,62.851667,63.600000,62.300000,0.346651,60,33.181262,33.248642,33.123138,0.025619,60,33.350699,33.395515,33.310066,0.022573,60,33.231555,33.283363,33.168533,0.025327,60,31.753333,31.800000,31.700000,0.050310,60,32.362166,32.421371,32.305923,0.033141,60,32.490641,32.543350,32.431076,0.029209,60,32.452338,32.506760,32.386429,0.033065,60,997.938333,998.000000,997.900000,0.049030,60,997.938333,998.000000,997.900000,0.049030,60,23.828333,23.900000,23.600000,0.055515,60,19.045424,21.256418,17.356964,1.116839,60,79.947674,88.173073,73.529816,4.230150,60,82.003409,90.579323,75.281868,4.401231,60,0.895477,0.989126,0.822078,0.048061,60,0.201310,0.224680,0.183463,0.011805,60,0.854641,0.942570,0.786034,0.045220,60,1.022295,1.501338,0.528475,0.220559,60,-178.921163,-178.820602,-179.060532,0.060164,60,-0.140056,-0.040158,-0.252221,0.047514,60,7.170733,7.298877,7.040584,0.049809,60,179.410726,179.703705,179.109161,0.147837,60,0.011368,0.475701,-0.235372,0.141436,60,0.000000,52.400000,65.000000,41.000000,6.381116,60,1617.016667,1723.000000,1445.000000,69.813673,60,5.240000,6.500000,4.100000,0.638112,60,161.715295,6.917683,60,60,60,60,60,60,60,60,60,60,60,60,60,60,60,60,60,60,60,60,60,60,60,60,60,60,60,60,60,60,12.9453,13.06,12.84,91.43,94,89,42.00,6871489
2026-10-03 16:16:00,23.890872,23.947510,23.804073,0.027008,60,15.211719,15.281911,15.162890,0.028968,60,19.861067,19.908445,19.795528,0.023885,60,62.923333,63.900000,61.900000,0.723074,60,33.095234,33.163193,33.037689,0.031447,60,33.280692,33.323418,33.211258,0.026440,60,33.147527,33.197906,33.085754,0.031123,60,31.675000,31.700000,31.600000,0.043667,60,32.244436,32.308060,32.167404,0.042043,60,32.381272,32.438217,32.309219,0.036884,60,32.336443,32.397141,32.252670,0.040254,60,997.910000,998.000000,997.800000,0.085767,60,997.910000,998.000000,997.800000,0.085767,60,23.775000,24.100000,23.400000,0.265295,60,16.386832,17.311230,15.782133,0.398847,60,69.418809,73.227859,66.173126,1.982192,60,70.999109,75.106590,67.444580,2.134635,60,0.775310,0.820164,0.736495,0.023310,60,0.173209,0.182980,0.166817,0.004216,60,0.742087,0.782806,0.707391,0.021190,60,1.025833,1.570990,0.542350,0.200423,60,-178.895862,-178.779037,-179.010239,0.059149,60,-0.154492,-0.013117,-0.253197,0.043815,60,7.180955,7.370771,7.001358,0.074114,60,179.392319,179.770004,179.002029,0.186121,60,0.011934,0.750747,-0.472296,0.198432,60,0.000000,63.783333,83.000000,40.000000,12.578016,60,1622.500000,1807.000000,1503.000000,74.153185,60,6.378333,8.300000,4.000000,1.257802,60,162.230128,7.343861,60,60,60,60,60,60,60,60,60,60,60,60,60,60,60,60,60,60,60,60,60,60,60,60,60,60,60,60,60,60,12.8710,12.94,12.79,91.88,95,90,42.00,6871523
2026-10-03 16:17:00,23.894153,23.950562,23.851377,0.022547,60,15.213245,15.263599,15.161365,0.025744,60,19.856158,19.903868,19.789425,0.028810,60,62.680000,63.400000,61.900000,0.432885,60,33.001106,33.064392,32.922867,0.035793,60,33.183131,33.240631,33.112457,0.033728,60,33.045878,33.112457,32.973602,0.037134,60,31.516667,31.600000,31.500000,0.037582,60,32.094560,32.169540,32.025742,0.039061,60,32.238956,32.318466,32.153702,0.043726,60,32.182835,32.262619,32.107925,0.044577,60,997.911667,998.000000,997.800000,0.045442,60,997.911667,998.000000,997.800000,0.045442,60,23.563333,23.800000,23.400000,0.166689,60,15.062256,15.752408,14.497254,0.356084,60,63.632659,66.088074,61.625206,1.243581,60,64.745937,67.316666,62.756683,1.301117,60,0.707026,0.735098,0.685303,0.014208,60,0.159208,0.166503,0.153236,0.003764,60,0.680233,0.706482,0.658773,0.013294,60,1.042213,1.449181,0.635434,0.175729,60,-178.915254,-178.743866,-179.032150,0.061392,60,-0.174746,-0.053646,-0.255263,0.047820,60,7.151261,7.308909,7.031401,0.062247,60,179.397401,179.879501,178.946060,0.192175,60,-0.016379,0.432546,-0.419453,0.207190,60,0.000000,56.866667,76.000000,43.000000,7.138976,60,1540.166667,1675.000000,1350.000000,90.258042,60,5.686667,7.600000,4.300000,0.713898,60,154.021559,8.947843,60,60,60,60,60,60,60,60,60,60,60,60,60,60,60,60,60,60,60,60,60,60,60,60,60,60,60,60,60,60,12.8444,12.92,12.78,92.07,94,90,42.00,6871557
2026-10-03 16:18:00,23.906436,23.974976,23.849852,0.023997,60,15.208311,15.275806,15.156787,0.024576,60,19.858117,19.917601,19.803158,0.024808,60,63.160000,63.700000,62.300000,0.476641,60,32.878139,32.938889,32.781342,0.038378,60,33.071157,33.141830,33.000305,0.036469,60,32.923000,33.000305,32.842758,0.038881,60,31.395000,31.500000,31.300000,0.028671,60,31.952820,32.030136,31.876083,0.044415,60,32.091632,32.167953,32.010696,0.045318,60,32.036485,32.108353,31.960648,0.046371,60,997.936667,998.000000,997.900000,0.048596,60,997.936667,998.000000,997.900000,0.048596,60,23.550000,23.800000,23.300000,0.162084,60,14.136864,14.508230,13.871393,0.144978,60,60.432857,61.669537,59.113190,0.730738,60,61.311503,62.669048,59.845863,0.824062,60,0.669522,0.684346,0.653517,0.008999,60,0.149427,0.153352,0.146621,0.001532,60,0.646027,0.659247,0.631920,0.007812,60,1.058038,1.974532,0.421599,0.300082,60,-178.905010,-178.709366,-179.054062,0.070718,60,-0.159742,-0.040630,-0.255263,0.045648,60,7.179225,7.348044,7.001806,0.068522,60,155.398359,179.879883,-179.972168,90.355505,60,0.026332,0.941632,-1.042474,0.371995,60,0.000000,71.183333,85.000000,57.000000,6.909810,60,1704.350000,1824.000000,1513.000000,66.656169,60,7.118333,8.500000,5.700000,0.690981,60,170.439543,6.605189,60,60,60,60,60,60,60,60,60,60,60,60,60,60,60,60,60,60,60,60,60,60,60,60,60,60,60,60,60,60,12.8338,12.90,12.77,92.22,95,90,42.00,6871591
2026-10-03 16:19:00,23.912616,23.961243,23.865110,0.024237,60,15.214542,15.286489,15.133898,0.030037,60,19.860075,19.922178,19.780270,0.028307,60,63.158333,64.200000,62.600000,0.519873,60,32.749161,32.824066,32.669182,0.040202,60,32.942182,33.013657,32.872131,0.043385,60,32.787971,32.872131,32.717247,0.043475,60,31.281667,31.300000,31.200000,0.039020,60,31.805714,31.875168,31.744003,0.037578,60,31.935390,32.012161,31.867630,0.042574,60,31.881258,31.954636,31.813095,0.040233,60,997.978333,998.000000,997.900000,0.041545,60,997.978333,998.000000,997.900000,0.041545,60,23.416667,23.800000,23.300000,0.126446,60,13.433088,13.860189,12.968160,0.248903,60,57.918020,59.137157,57.001293,0.671054,60,58.440817,59.800941,57.438072,0.708710,60,0.638174,0.653026,0.627224,0.007739,60,0.141988,0.146502,0.137073,0.002631,60,0.619144,0.632176,0.609344,0.007174,60,1.068508,1.530370,0.676976,0.198891,60,-178.923271,-178.738327,-179.035110,0.059254,60,-0.173007,-0.106149,-0.254277,0.037908,60,7.203215,7.312928,7.079802,0.050067,60,179.351968,179.865753,178.713791,0.217976,60,-0.005493,0.581454,-0.472538,0.231063,60,0.000000,60.183333,77.000000,43.000000,9.432169,60,1765.833333,1883.000000,1644.000000,49.547500,60,6.018333,7.700000,4.300000,0.943217,60,176.584179,4.910669,60,60,60,60,60,60,60,60,60,60,60,60,60,60,60,60,60,60,60,60,60,60,60,60,60,60,60,60,60,60,12.8203,12.90,12.74,92.20,95,90,41.98,6871624
2026-10-03 16:20:00,23.922586,23.982605,23.883421,0.024430,60,15.216373,15.263599,15.162890,0.024371,60,19.866179,19.917601,19.818419,0.023814,60,63.686667,64.400000,63.400000,0.309437,60,32.624454,32.682533,32.554359,0.039358,60,32.806486,32.885483,32.717247,0.039809,60,32.654940,32.717247,32.578392,0.038277,60,31.200000,31.200000,31.200000,0.000000,60,31.689160,31.748886,31.639084,0.032220,60,31.808942,31.876663,31.754135,0.034411,60,31.756165,31.821945,31.695969,0.034432,60,998.005000,998.100000,997.900000,0.053441,60,998.005000,998.100000,997.900000,0.053441,60,23.503333,23.800000,23.400000,0.140177,60,12.808115,13.018466,12.398549,0.186513,60,56.389418,57.150349,55.582203,0.569864,60,56.916290,57.558907,56.094311,0.530282,60,0.621526,0.628543,0.612550,0.005791,60,0.135382,0.137605,0.131053,0.001971,60,0.602803,0.610937,0.594174,0.006092,60,1.091785,1.744999,0.783650,0.183427,60,-178.893185,-178.664459,-178.993118,0.056708,60,-0.168963,-0.080432,-0.266676,0.041788,60,7.191234,7.275769,7.070640,0.049847,60,179.376852,179.797501,178.900040,0.200286,60,0.000751,0.420958,-0.550931,0.205757,60,0.000000,51.816667,73.000000,34.000000,9.478775,60,1753.000000,2030.000000,1472.000000,147.699076,60,5.181667,7.300000,3.400000,0.947877,60,175.297454,14.649814,60,60,60,60,60,60,60,60,60,60,60,60,60,60,60,60,60,60,60,60,60,60,60,60,60,60,60,60,60,60,12.8170,12.88,12.76,92.40,96,90,41.96,6871658
2026-10-03 16:21:00,23.934768,23.988708,23.859007,0.025454,60,15.226571,15.294118,15.179675,0.026586,60,19.874240,19.945068,19.795528,0.031792,60,64.446667,65.100000,63.700000,0.409409,60,32.508386,32.570381,32.439537,0.034108,60,32.689966,32.759979,32.618446,0.033813,60,32.537181,32.605095,32.460899,0.038007,60,31.193333,31.200000,31.100000,0.025155,60,31.604385,31.649887,31.560287,0.025416,60,31.716006,31.758102,31.665237,0.025302,60,31.662395,31.704147,31.612198,0.025138,60,997.950000,998.000000,997.800000,0.070109,60,997.950000,998.000000,997.800000,0.070109,60,23.776667,23.900000,23.600000,0.106352,60,12.312651,12.456173,12.165081,0.063112,60,55.280747,55.634457,54.970146,0.150084,60,56.063042,56.274895,55.884064,0.109760,60,0.612208,0.614522,0.610254,0.001199,60,0.130145,0.131662,0.128585,0.000667,60,0.590951,0.594732,0.587631,0.001604,60,1.115051,1.385256,0.784210,0.125090,60,-178.903284,-178.753387,-179.008362,0.058064,60,-0.168545,-0.054302,-0.333088,0.052547,60,7.221713,7.331932,7.098096,0.052611,60,179.367598,179.756363,178.801331,0.170586,60,-0.007189,0.252228,-0.340460,0.148875,60,0.000000,57.933333,79.000000,39.000000,11.297017,60,1546.566667,1698.000000,1440.000000,62.246194,60,5.793333,7.900000,3.900000,1.129702,60,154.654277,6.170035,60,60,60,60,60,60,60,60,60,60,60,60,60,60,60,60,60,60,60,60,60,60,60,60,60,60,60,60,60,60,12.8117,12.89,12.74,92.24,94,90,41.88,6871692
2026-10-03 16:22:00,23.923934,24.000916,23.855955,0.024162,60,15.223697,15.289540,15.121691,0.031223,60,19.872485,19.922178,19.790951,0.024838,60,63.463333,64.100000,62.900000,0.280415,60,32.407627,32.468910,32.340736,0.032424,60,32.582798,32.661171,32.519646,0.034739,60,32.425518,32.492943,32.364769,0.031089,60,31.081667,31.100000,31.000000,0.039020,60,31.508345,31.563065,31.448532,0.031938,60,31.620967,31.678085,31.567978,0.032593,60,31.565842,31.633652,31.508682,0.033559,60,997.926667,998.000000,997.800000,0.048246,60,997.926667,998.000000,997.800000,0.048246,60,23.321667,23.400000,23.100000,0.069115,60,12.543959,12.648940,12.362422,0.062971,60,55.205280,55.313271,55.038452,0.060586,60,56.244888,56.371166,56.135693,0.062892,60,0.614194,0.615573,0.613002,0.000687,60,0.132590,0.133699,0.130671,0.000666,60,0.590144,0.591299,0.588361,0.000648,60,1.108763,1.632110,0.701772,0.183447,60,-178.879731,-178.739243,-178.990967,0.060937,60,-0.178098,-0.106463,-0.253982,0.039893,60,7.206685,7.339032,7.056380,0.052026,60,179.358634,179.769806,178.824402,0.177713,60,-0.005338,0.530730,-0.471772,0.190921,60,0.000000,65.466667,78.000000,51.000000,7.751362,60,1487.333333,1570.000000,1417.000000,42.037379,60,6.546667,7.800000,5.100000,0.775136,60,148.733266,4.167984,60,60,60,60,60,60,60,60,60,60,60,60,60,60,60,60,60,60,60,60,60,60,60,60,60,60,60,60,60,60,12.8112,12.90,12.74,92.24,94,91,41.85,6871726
2026-10-03 16:23:00,23.925485,23.993286,23.865110,0.027622,60,15.223316,15.281911,15.167468,0.028191,60,19.874444,19.951172,19.804684,0.028671,60,63.918333,64.700000,63.400000,0.418428,60,32.307313,32.370110,32.241928,0.030412,60,32.476877,32.549019,32.404823,0.034679,60,32.324270,32.378120,32.265968,0.029658,60,30.995000,31.000000,30.900000,0.021978,60,31.413569,31.462997,31.352005,0.030200,60,31.516374,31.575058,31.462448,0.028175,60,31.465957,31.522842,31.410355,0.029814,60,997.931667,998.000000,997.800000,0.074769,60,997.931667,998.000000,997.800000,0.074769,60,23.390000,23.600000,23.100000,0.191072,60,12.472092,12.592001,12.303194,0.072560,60,55.173689,55.358284,54.898449,0.163575,60,56.396024,56.687408,56.011761,0.241676,60,0.615845,0.619026,0.611648,0.002639,60,0.131830,0.133097,0.130045,0.000767,60,0.589807,0.591780,0.586864,0.001749,60,1.125453,1.528075,0.706733,0.169724,60,-178.880253,-178.667953,-179.065811,0.078248,60,-0.206432,-0.106967,-0.373948,0.051910,60,7.188662,7.285795,7.030547,0.065334,60,179.364456,179.770752,178.891464,0.170577,60,0.019803,0.460343,-0.472472,0.169350,60,0.000000,68.416667,83.000000,47.000000,9.814019,60,1515.933333,1589.000000,1426.000000,37.083902,60,6.841667,8.300000,4.700000,0.981402,60,151.594030,3.676595,60,60,60,60,60,60,60,60,60,60,60,60,60,60,60,60,60,60,60,60,60,60,60,60,60,60,60,60,60,60,12.8117,12.89,12.74,92.34,95,91,41.66,6871760
2026-10-03 16:24:00,23.925205,23.974976,23.859007,0.025568,60,15.219526,15.280384,15.162890,0.028998,60,19.866763,19.942017,19.795528,0.027201,60,64.996667,65.600000,63.300000,0.452476,60,32.211310,32.284660,32.156479,0.033189,60,32.374159,32.431526,32.306023,0.030000,60,32.223950,32.279320,32.153809,0.031201,60,30.900000,30.900000,30.900000,0.000000,60,31.324430,31.371323,31.297318,0.019893,60,31.418532,31.468460,31.372910,0.025661,60,31.371839,31.415573,31.333603,0.023205,60,998.011667,998.100000,997.900000,0.049030,60,998.011667,998.100000,997.900000,0.049030,60,23.563333,23.800000,23.100000,0.149538,60,12.314937,12.557930,12.012331,0.182207,60,55.095410,55.327068,54.760925,0.173715,60,56.403457,56.654877,56.180397,0.142745,60,0.615926,0.618671,0.613490,0.001559,60,0.130169,0.132737,0.126970,0.001926,60,0.588970,0.591446,0.585394,0.001857,60,1.103829,1.570521,0.569453,0.215288,60,-178.883406,-178.709671,-179.032593,0.068805,60,-0.173981,-0.080489,-0.266979,0.047245,60,7.222135,7.396452,7.098096,0.063429,60,179.380396,179.770386,179.053787,0.122062,60,0.009700,0.437184,-0.314205,0.141834,60,0.000000,58.000000,71.000000,45.000000,6.136857,60,1585.566667,1795.000000,1456.000000,78.990531,60,5.800000,7.100000,4.500000,0.613686,60,158.545249,7.825294,60,60,60,60,60,60,60,60,60,60,60,60,60,60,60,60,60,60,60,60,60,60,60,60,60,60,60,60,60,60,12.8125,12.87,12.76,92.31,95,90,41.47,6871793
2026-10-03 16:25:00,23.922484,23.979553,23.854429,0.027378,60,15.220213,15.294118,15.143053,0.029349,60,19.866128,19.923704,19.807735,0.027068,60,65.926667,66.700000,64.800000,0.549843,60,32.122700,32.172501,32.087051,0.022647,60,32.280876,32.348747,32.236588,0.028671,60,32.136185,32.180511,32.081711,0.025031,60,30.921667,31.000000,30.900000,0.041545,60,31.276896,31.300552,31.254898,0.008408,60,31.359906,31.387466,31.336288,0.012072,60,31.315354,31.347855,31.291519,0.013471,60,998.096667,998.100000,998.000000,0.018102,60,998.096667,998.100000,998.000000,0.018102,60,23.788333,23.900000,23.400000,0.135411,60,11.679788,12.042744,11.391043,0.178792,60,54.194391,54.735367,53.768196,0.276383,60,55.621484,56.151623,55.198910,0.249430,60,0.607387,0.613176,0.602772,0.002724,60,0.123455,0.127292,0.120403,0.001890,60,0.579338,0.585121,0.574782,0.002955,60,1.143929,1.390981,0.889245,0.125568,60,-178.921685,-178.791763,-179.031906,0.060238,60,-0.187451,-0.080035,-0.266979,0.044460,60,7.208860,7.318967,7.066730,0.051417,60,179.350116,179.689255,178.587799,0.152193,60,0.002961,0.581683,-0.301198,0.168835,60,0.000000,47.150000,58.000000,35.000000,6.114237,60,1635.566667,1894.000000,1511.000000,72.992074,60,4.715000,5.800000,3.500000,0.611424,60,163.529745,7.219241,60,60,60,60,60,60,60,60,60,60,60,60,60,60,60,60,60,60,60,60,60,60,60,60,60,60,60,60,60,60,12.8089,12.89,12.73,92.34,95,90,41.25,6871827
2026-10-03 16:26:00,23.919330,23.950562,23.878843,0.016469,60,15.217746,15.275806,15.121691,0.027871,60,19.865594,19.954224,19.807735,0.032058,60,65.328333,66.100000,64.700000,0.393201,60,32.061595,32.116425,32.017624,0.021912,60,32.211398,32.263298,32.164490,0.023861,60,32.068181,32.124435,32.025635,0.023792,60,30.951667,31.000000,30.900000,0.050394,60,31.246755,31.273575,31.214066,0.013994,60,31.326435,31.345749,31.302353,0.010926,60,31.282433,31.306381,31.254135,0.013274,60,998.086667,998.200000,998.000000,0.043048,60,998.086667,998.200000,998.000000,0.043048,60,23.633333,23.800000,23.400000,0.133616,60,11.452112,11.521840,11.318785,0.039457,60,53.474488,53.847359,53.083076,0.225915,60,54.987321,55.358471,54.644547,0.221409,60,0.600462,0.604515,0.596718,0.002418,60,0.121049,0.121786,0.119640,0.000417,60,0.571642,0.575628,0.567458,0.002415,60,1.127237,1.463890,0.956608,0.094700,60,-178.916284,-178.813858,-179.055191,0.060355,60,-0.174735,-0.080035,-0.265969,0.043881,60,7.216277,7.394418,7.109870,0.060372,60,179.361707,179.798004,179.033646,0.165967,60,0.009278,0.398760,-0.379985,0.176828,60,0.000000,51.066667,65.000000,39.000000,6.918084,60,1596.483333,1712.000000,1492.000000,52.741612,60,5.106667,6.500000,3.900000,0.691808,60,159.648847,5.228133,60,60,60,60,60,60,60,60,60,60,60,60,60,60,60,60,60,60,60,60,60,60,60,60,60,60,60,60,60,60,12.8067,12.88,12.73,92.30,95,90,41.11,6871863
2026-10-03 16:27:00,23.902342,23.988708,23.859007,0.025979,60,15.217568,15.271229,15.153734,0.025764,60,19.849928,19.917601,19.768063,0.030436,60,65.625000,66.400000,64.900000,0.431641,60,32.007076,32.044327,31.958878,0.019334,60,32.153097,32.207214,32.108414,0.022896,60,32.010103,32.041656,31.966888,0.021011,60,30.900000,30.900000,30.900000,0.000000,60,31.207235,31.234512,31.180008,0.012453,60,31.284720,31.317368,31.251480,0.016296,60,31.237311,31.264511,31.213272,0.014740,60,998.106667,998.200000,998.000000,0.057833,60,998.106667,998.200000,998.000000,0.057833,60,23.736667,23.900000,23.600000,0.117843,60,11.259262,11.464445,10.575159,0.206648,60,52.609738,53.079010,52.040585,0.289429,60,54.066590,54.616215,53.614365,0.284958,60,0.590407,0.596409,0.585469,0.003112,60,0.119010,0.121179,0.111779,0.002184,60,0.562398,0.567415,0.556314,0.003094,60,1.132588,2.029522,0.487556,0.236676,60,-178.889191,-178.732620,-179.007889,0.065363,60,-0.191459,-0.106463,-0.320489,0.042835,60,7.206488,7.329047,7.056198,0.057276,60,179.373854,179.730087,179.040939,0.140627,60,0.017123,0.372365,-0.274787,0.150636,60,0.000000,53.233333,65.000000,43.000000,5.257333,60,1682.133333,1967.000000,1471.000000,112.352723,60,5.323333,6.500000,4.300000,0.525733,60,168.183058,11.125041,60,60,60,60,60,60,60,60,60,60,60,60,60,60,60,60,60,60,60,60,60,60,60,60,60,60,60,60,60,60,12.8047,12.88,12.73,92.28,94,90,41.04,6871897
2026-10-03 16:28:00,23.897434,23.942932,23.855955,0.020923,60,15.207879,15.268177,15.152208,0.024406,60,19.846800,19.913023,19.798580,0.026251,60,65.265000,65.800000,64.800000,0.306331,60,31.958254,31.998932,31.886780,0.022022,60,32.098356,32.151138,32.052338,0.019402,60,31.949754,31.996262,31.910812,0.017454,60,30.900000,30.900000,30.900000,0.000000,60,31.159487,31.191940,31.125259,0.017501,60,31.231925,31.271194,31.189194,0.019157,60,31.187258,31.221634,31.157822,0.017215,60,998.116667,998.200000,998.000000,0.041850,60,998.116667,998.200000,998.000000,0.041850,60,23.653333,23.800000,23.400000,0.126848,60,11.182011,11.310324,10.360212,0.169593,60,51.902961,52.236008,51.442780,0.262084,60,53.371704,53.696255,52.881184,0.279665,60,0.582819,0.586363,0.577463,0.003054,60,0.118194,0.119550,0.109507,0.001793,60,0.554843,0.558403,0.549923,0.002802,60,1.139120,1.703342,0.568313,0.241451,60,-178.886670,-178.746262,-179.031464,0.063540,60,-0.191864,-0.053646,-0.320147,0.049147,60,7.213994,7.380206,7.077844,0.054025,60,179.323539,179.770752,178.694183,0.214020,60,0.009752,0.690100,-0.590380,0.244501,60,0.000000,63.483333,83.000000,47.000000,7.866452,60,1779.983333,1939.000000,1703.000000,50.126109,60,6.348333,8.300000,4.700000,0.786645,60,177.994435,4.967802,60,60,60,60,60,60,60,60,60,60,60,60,60,60,60,60,60,60,60,60,60,60,60,60,60,60,60,60,60,60,12.8039,12.87,12.74,92.40,94,90,41.03,6871930
2026-10-03 16:29:00,23.882912,23.941406,23.826963,0.021681,60,15.205132,15.249866,15.149157,0.025413,60,19.834135,19.894712,19.781796,0.024057,60,65.900000,66.800000,65.100000,0.518799,60,31.907964,31.942856,31.860077,0.018945,60,32.040188,32.081711,31.993591,0.019107,60,31.899864,31.940186,31.854736,0.019478,60,30.841667,30.900000,30.800000,0.049717,60,31.110917,31.137924,31.083908,0.013499,60,31.177168,31.201889,31.153305,0.013590,60,31.131110,31.163132,31.102188,0.015464,60,998.110000,998.200000,998.000000,0.035415,60,998.110000,998.200000,998.000000,0.035415,60,23.785000,24.100000,23.600000,0.124635,60,10.929940,11.154601,10.707100,0.116663,60,51.116912,51.526699,50.706318,0.230771,60,52.521202,52.893581,52.125656,0.227709,60,0.573532,0.577598,0.569212,0.002487,60,0.115529,0.117904,0.113174,0.001233,60,0.546440,0.550820,0.542051,0.002467,60,1.123653,1.790374,0.673426,0.228663,60,-178.907399,-178.791183,-179.071747,0.060710,60,-0.183227,-0.053948,-0.294967,0.046433,60,7.218755,7.357970,7.088309,0.058808,60,179.354309,179.621521,179.000854,0.146320,60,0.012440,0.370221,-0.340470,0.140267,60,0.000000,53.566667,64.000000,39.000000,5.907096,60,1633.883333,1822.000000,1465.000000,76.709024,60,5.356667,6.400000,3.900000,0.590710,60,163.381564,7.598596,60,60,60,60,60,60,60,60,60,60,60,60,60,60,60,60,60,60,60,60,60,60,60,60,60,60,60,60,60,60,12.8030,12.93,12.74,92.32,94,89,41.01,6871964
2026-10-03 16:30:00,23.884006,23.924620,23.837645,0.018794,60,15.193255,15.266651,15.112535,0.029861,60,19.826378,19.891661,19.777218,0.025470,60,66.966667,67.500000,66.100000,0.429295,60,31.861946,31.900131,31.817352,0.018489,60,31.991099,32.025635,31.950867,0.017213,60,31.851755,31.884109,31.814682,0.017890,60,30.871667,30.900000,30.800000,0.045442,60,31.080027,31.097122,31.064835,0.008862,60,31.139353,31.163467,31.121872,0.009555,60,31.095909,31.118332,31.072525,0.010748,60,998.096667,998.200000,998.000000,0.025820,60,998.096667,998.200000,998.000000,0.025820,60,24.045000,24.300000,23.800000,0.115605,60,10.559774,10.729053,10.434072,0.070310,60,50.614396,50.778698,50.474930,0.078439,60,51.969503,52.146236,51.802326,0.093248,60,0.567507,0.569437,0.565681,0.001018,60,0.111617,0.113406,0.110288,0.000743,60,0.541068,0.542824,0.539577,0.000839,60,1.138425,1.426767,0.821046,0.137227,60,-178.915234,-178.792618,-179.033279,0.057993,60,-0.172865,-0.080489,-0.253785,0.040212,60,7.231273,7.352083,7.126175,0.050253,60,179.354769,179.623169,179.056000,0.109245,60,0.008820,0.424006,-0.261581,0.115127,60,0.000000,47.616667,61.000000,36.000000,6.216685,60,1618.666667,1767.000000,1475.000000,51.763041,60,4.761667,6.100000,3.600000,0.621669,60,161.864168,5.127921,60,60,60,60,60,60,60,60,60,60,60,60,60,60,60,60,60,60,60,60,60,60,60,60,60,60,60,60,60,60,12.9246,13.06,12.68,54.42,110,23,41.00,6871998
2026-10-03 16:31:00,23.866891,23.906309,23.808651,0.022244,60,15.189721,15.245289,15.126268,0.027295,60,19.820096,19.873350,19.758907,0.025322,60,67.066667,67.600000,66.600000,0.235542,60,31.824073,31.860077,31.787979,0.013242,60,31.946550,31.980240,31.910812,0.016180,60,31.810632,31.870758,31.785309,0.017013,60,30.863333,30.900000,30.800000,0.048596,60,31.055772,31.076523,31.031998,0.010571,60,31.113530,31.130936,31.098190,0.008746,60,31.071931,31.090530,31.049789,0.009590,60,998.063333,998.100000,997.900000,0.060971,60,998.063333,998.100000,997.900000,0.060971,60,24.073333,24.300000,23.900000,0.077824,60,10.449480,10.573788,10.327742,0.052124,60,50.376652,50.501392,50.247841,0.062912,60,51.641755,51.816936,51.449791,0.069738,60,0.563928,0.565841,0.561832,0.000762,60,0.110451,0.111765,0.109164,0.000551,60,0.538526,0.539860,0.537149,0.000673,60,1.126345,1.556206,0.704638,0.177199,60,-178.904824,-178.715164,-179.033951,0.065736,60,-0.179515,-0.053746,-0.265868,0.044478,60,7.219356,7.339032,7.069909,0.051472,60,173.352357,179.772095,-179.837448,46.369787,60,0.032610,0.852110,-0.485233,0.223487,60,0.000000,53.966667,75.000000,38.000000,10.923411,60,1551.650000,1741.000000,1380.000000,82.274000,60,5.396667,7.500000,3.800000,1.092341,60,155.158384,8.151154,60,60,60,60,60,60,60,60,60,60,60,60,60,60,60,60,60,60,60,60,60,60,60,60,60,60,60,60,60,60,13.0232,13.09,12.96,24.39,26,23,40.99,6872032
2026-10-03 16:32:00,23.854099,23.904783,23.817808,0.024511,60,15.180489,15.262074,15.107958,0.029573,60,19.813001,19.887083,19.725338,0.031933,60,66.416667,67.300000,65.400000,0.595226,60,31.783973,31.817352,31.745247,0.015030,60,31.908276,31.937515,31.881439,0.016899,60,31.773426,31.798660,31.742577,0.014244,60,30.800000,30.800000,30.800000,0.000001,60,31.013582,31.045547,30.979935,0.017066,60,31.074823,31.104172,31.042557,0.015578,60,31.030539,31.066635,30.999008,0.018531,60,998.005000,998.100000,997.900000,0.053441,60,998.005000,998.100000,997.900000,0.053441,60,23.845000,24.100000,23.400000,0.236087,60,10.543100,10.624780,10.394284,0.049689,60,50.246916,50.402771,50.037720,0.084274,60,51.450061,51.614223,51.149471,0.121233,60,0.561835,0.563627,0.558552,0.001324,60,0.111441,0.112304,0.109868,0.000525,60,0.537140,0.538806,0.534903,0.000901,60,1.155800,1.566774,0.738518,0.180382,60,-178.899092,-178.755142,-179.032593,0.056690,60,-0.177409,-0.080432,-0.253197,0.041728,60,7.237199,7.364022,7.141936,0.048951,60,179.356782,179.771866,179.107269,0.156112,60,0.022532,0.292697,-0.235338,0.134429,60,0.000000,62.500000,79.000000,49.000000,7.698778,60,1550.316667,1625.000000,1463.000000,38.992173,60,6.250000,7.900000,4.900000,0.769878,60,155.031512,3.865871,60,60,60,60,60,60,60,60,60,60,60,60,60,60,60,60,60,60,60,60,60,60,60,60,60,60,60,60,60,60,13.0374,13.10,12.99,24.33,26,23,40.71,6872066
2026-10-03 16:33:00,23.849470,23.901731,23.787289,0.025025,60,15.168155,15.226978,15.107958,0.026561,60,19.800412,19.853514,19.736019,0.025001,60,66.801667,67.600000,66.200000,0.348114,60,31.748365,31.787979,31.702522,0.017974,60,31.864972,31.894791,31.812012,0.018258,60,31.727312,31.755936,31.699852,0.016352,60,30.745000,30.800000,30.700000,0.050169,60,30.967754,30.996353,30.936630,0.014076,60,31.029133,31.055527,31.001938,0.012731,60,30.984702,31.008987,30.959702,0.014467,60,998.040000,998.100000,997.900000,0.055845,60,998.040000,998.100000,997.900000,0.055845,60,23.855000,24.100000,23.800000,0.074618,60,10.371181,10.489637,10.217525,0.065379,60,49.877713,50.013741,49.753174,0.056972,60,51.071597,51.234901,50.915562,0.084513,60,0.557702,0.559485,0.555998,0.000923,60,0.109623,0.110875,0.107999,0.000691,60,0.533193,0.534647,0.531861,0.000609,60,1.188115,1.704345,0.783090,0.201791,60,-178.902866,-178.748627,-179.071747,0.058698,60,-0.172462,-0.080262,-0.252904,0.041386,60,7.241884,7.354102,7.123793,0.052415,60,179.363983,179.692169,178.944321,0.136751,60,0.031681,0.332093,-0.275086,0.139054,60,0.000000,61.900000,82.000000,45.000000,10.827930,60,1596.966667,1677.000000,1524.000000,39.325658,60,6.190000,8.200000,4.500000,1.082793,60,159.696165,3.898944,60,60,60,60,60,60,60,60,60,60,60,60,60,60,60,60,60,60,60,60,60,60,60,60,60,60,60,60,60,60,13.0433,13.11,12.99,24.32,26,23,40.15,6872099
2026-10-03 16:34:00,23.838204,23.886473,23.782711,0.020530,60,15.169019,15.225452,15.121691,0.026814,60,19.791943,19.867247,19.736019,0.028773,60,66.661667,67.200000,66.300000,0.298636,60,31.704302,31.745247,31.662468,0.019583,60,31.823405,31.881439,31.782639,0.018023,60,31.688592,31.729225,31.643776,0.018205,60,30.700000,30.700000,30.700000,0.000000,60,30.919696,30.956985,30.880844,0.019923,60,30.980142,31.014023,30.951797,0.017309,60,30.934912,30.973160,30.894211,0.019291,60,997.961667,998.100000,997.800000,0.069115,60,997.961667,998.100000,997.800000,0.069115,60,23.838333,23.900000,23.800000,0.049030,60,10.487713,10.630726,10.330714,0.080347,60,49.806083,49.915119,49.644154,0.074093,60,51.052524,51.216751,50.855141,0.094724,60,0.557494,0.559287,0.555338,0.001034,60,0.110855,0.112367,0.109196,0.000849,60,0.532427,0.533593,0.530696,0.000792,60,1.139472,1.887294,0.672164,0.237457,60,-178.912055,-178.709366,-179.095245,0.081274,60,-0.188805,-0.079979,-0.319010,0.050137,60,7.208457,7.325011,7.088977,0.055805,60,179.337419,179.799301,178.763855,0.241784,60,0.014858,0.543267,-0.630244,0.238278,60,0.000000,69.066667,90.000000,53.000000,8.764077,60,1536.133333,1695.000000,1361.000000,72.340641,60,6.906667,9.000000,5.300000,0.876408,60,153.614770,7.169449,60,60,60,60,60,60,60,60,60,60,60,60,60,60,60,60,60,60,60,60,60,60,60,60,60,60,60,60,60,60,13.0490,13.11,13.00,24.33,26,23,40.00,6872133
2026-10-03 16:35:00,23.827522,23.883421,23.782711,0.019995,60,15.161313,15.207141,15.088120,0.031172,60,19.778515,19.845884,19.699398,0.028047,60,66.505000,67.000000,65.800000,0.257383,60,31.656593,31.702522,31.603722,0.021157,60,31.776452,31.825363,31.742577,0.019725,60,31.636789,31.673149,31.603722,0.018071,60,30.601667,30.700000,30.600000,0.012910,60,30.853430,30.892868,30.812668,0.022449,60,30.915884,30.957077,30.880600,0.021502,60,30.867293,30.906906,30.828049,0.021680,60,997.916667,998.000000,997.700000,0.066808,60,997.916667,998.000000,997.700000,0.066808,60,23.678333,23.900000,23.600000,0.110610,60,10.710412,10.792393,10.558696,0.059842,60,50.178189,50.483757,49.916256,0.153083,60,51.396482,51.656048,51.162315,0.120070,60,0.561250,0.564084,0.558693,0.001311,60,0.113209,0.114076,0.111605,0.000633,60,0.536405,0.539671,0.533605,0.001636,60,1.148519,1.704345,0.811081,0.194744,60,-178.874776,-178.758087,-179.034882,0.056833,60,-0.193964,-0.079246,-0.333088,0.051213,60,7.246023,7.361462,7.139963,0.046974,60,179.361784,179.771118,178.944824,0.179737,60,0.015034,0.424006,-0.340545,0.179682,60,0.000000,74.066667,84.000000,63.000000,5.414565,60,1559.100000,1691.000000,1421.000000,60.716820,60,7.406667,8.400000,6.300000,0.541456,60,155.912801,6.017492,60,60,60,60,60,60,60,60,60,60,60,60,60,60,60,60,60,60,60,60,60,60,60,60,60,60,60,60,60,60,13.0491,13.11,13.00,24.18,26,23,39.98,6872167
2026-10-03 16:36:00,23.823657,23.877317,23.776608,0.023556,60,15.151420,15.217822,15.066758,0.028152,60,19.784619,19.845884,19.697872,0.029319,60,66.320000,67.000000,65.900000,0.300169,60,31.599360,31.633095,31.544975,0.021954,60,31.720147,31.769287,31.670479,0.023250,60,31.578754,31.617073,31.544975,0.020619,60,30.545000,30.600000,30.500000,0.050169,60,30.786609,30.826920,30.751816,0.018375,60,30.851133,30.888046,30.816452,0.017436,60,30.802496,30.840469,30.754868,0.020697,60,998.006667,998.100000,997.900000,0.060693,60,998.006667,998.100000,997.900000,0.060693,60,23.560000,23.800000,23.400000,0.126491,60,10.829460,10.912671,10.676916,0.048607,60,50.871030,51.163216,50.483303,0.221294,60,51.981328,52.250469,51.647411,0.177193,60,0.567636,0.570575,0.563990,0.001935,60,0.114467,0.115347,0.112855,0.000514,60,0.543811,0.546935,0.539666,0.002366,60,1.170088,1.504962,0.850794,0.169657,60,-178.902486,-178.809326,-179.075897,0.057426,60,-0.196350,-0.106841,-0.293026,0.046606,60,7.226189,7.358147,7.089598,0.055106,60,179.344356,179.919785,178.892242,0.232441,60,0.077186,0.569414,-0.314127,0.227443,60,0.000000,71.266667,84.000000,58.000000,5.671417,60,1647.800000,1721.000000,1585.000000,32.211589,60,7.126667,8.400000,5.800000,0.567142,60,164.779518,3.193605,60,60,60,60,60,60,60,60,60,60,60,60,60,60,60,60,60,60,60,60,60,60,60,60,60,60,60,60,60,60,13.0508,13.10,13.00,24.19,26,23,39.88,6872201
2026-10-03 16:37:00,23.821978,23.877317,23.762875,0.024426,60,15.153353,15.202563,15.083543,0.026527,60,19.772844,19.822996,19.708553,0.023691,60,66.755000,67.500000,66.400000,0.303887,60,31.546088,31.590370,31.504921,0.020727,60,31.665227,31.699852,31.614403,0.021492,60,31.520097,31.560997,31.472878,0.022746,60,30.500000,30.500000,30.500000,0.000000,60,30.736028,30.773209,30.705429,0.015379,60,30.796827,30.830154,30.771194,0.014096,60,30.746604,30.778091,30.711899,0.015851,60,998.040000,998.100000,998.000000,0.049403,60,998.040000,998.100000,998.000000,0.049403,60,23.668333,23.900000,23.600000,0.098276,60,10.851343,10.912443,10.750547,0.035735,60,51.447841,51.734558,51.139008,0.181634,60,52.529913,52.873219,52.215504,0.175779,60,0.573627,0.577376,0.570193,0.001919,60,0.114699,0.115345,0.113633,0.000378,60,0.549977,0.553042,0.546676,0.001942,60,1.171300,1.787236,0.760634,0.186230,60,-178.891339,-178.746857,-179.011627,0.063083,60,-0.193259,-0.080319,-0.293671,0.045831,60,7.247535,7.410717,7.126175,0.059507,60,179.341326,179.757706,178.936813,0.158939,60,0.030915,0.436213,-0.406315,0.190541,60,0.000000,66.466667,78.000000,54.000000,6.317763,60,1617.133333,1704.000000,1529.000000,37.396395,60,6.646667,7.800000,5.400000,0.631776,60,161.712734,3.707252,60,60,60,60,60,60,60,60,60,60,60,60,60,60,60,60,60,60,60,60,60,60,60,60,60,60,60,60,60,60,13.0534,13.11,13.00,24.20,27,22,39.53,6872235
2026-10-03 16:38:00,23.818825,23.869688,23.759823,0.024904,60,15.142697,15.184253,15.080491,0.024462,60,19.771140,19.809261,19.725338,0.025135,60,67.410000,67.900000,67.000000,0.320328,60,31.489433,31.518272,31.446175,0.016386,60,31.610709,31.657127,31.571678,0.019580,60,31.466202,31.528954,31.416801,0.018595,60,30.500000,30.500000,30.500000,0.000000,60,30.700999,30.718521,30.683426,0.008842,60,30.760796,30.782883,30.742081,0.009738,60,30.712138,30.736130,30.693771,0.009985,60,998.103333,998.200000,998.000000,0.031712,60,998.103333,998.200000,998.000000,0.031712,60,23.841667,23.900000,23.800000,0.049717,60,10.834106,10.891863,10.702984,0.039382,60,52.056402,52.418095,51.736370,0.195764,60,53.202735,53.607956,52.783142,0.218950,60,0.580974,0.585399,0.576392,0.002391,60,0.114516,0.115127,0.113131,0.000416,60,0.556483,0.560349,0.553062,0.002093,60,1.150994,1.424593,0.823358,0.120971,60,-178.907240,-178.794907,-179.061630,0.057427,60,-0.190641,-0.106275,-0.268097,0.036621,60,7.229132,7.358147,7.103978,0.056967,60,179.350868,179.649918,179.082138,0.123274,60,0.034617,0.317746,-0.209160,0.128469,60,0.000000,50.416667,60.000000,40.000000,4.655202,60,1588.883333,1657.000000,1498.000000,35.637579,60,5.041667,6.000000,4.000000,0.465520,60,158.888566,3.533181,60,60,60,60,60,60,60,60,60,60,60,60,60,60,60,60,60,60,60,60,60,60,60,60,60,60,60,60,60,60,13.0561,13.10,13.00,24.25,26,23,39.20,6872268
2026-10-03 16:39:00,23.813967,23.855955,23.758297,0.023607,60,15.145291,15.231556,15.065232,0.033403,60,19.767147,19.818419,19.722286,0.023278,60,67.075000,67.800000,66.500000,0.406567,60,31.452405,31.488899,31.419472,0.016281,60,31.566916,31.601051,31.528954,0.016709,60,31.426682,31.459526,31.390099,0.016783,60,30.500000,30.500000,30.500000,0.000000,60,30.675638,30.697037,30.649673,0.010899,60,30.738940,30.755051,30.715958,0.009995,60,30.684276,30.705917,30.660599,0.011191,60,998.066667,998.100000,998.000000,0.047538,60,998.066667,998.100000,998.000000,0.047538,60,23.766667,23.900000,23.600000,0.112997,60,11.059849,11.288372,10.778215,0.133655,60,52.946360,53.508537,52.398411,0.345109,60,54.208797,54.875584,53.586269,0.393056,60,0.591960,0.599241,0.585162,0.004292,60,0.116903,0.119318,0.113926,0.001413,60,0.565997,0.572006,0.560139,0.003689,60,1.162762,1.703342,0.713084,0.174492,60,-178.912895,-178.782791,-179.099503,0.060100,60,-0.178729,-0.080716,-0.293886,0.043922,60,7.255374,7.371425,7.099419,0.060738,60,179.335191,179.624161,179.080399,0.121254,60,0.040886,0.287140,-0.234648,0.106143,60,0.000000,53.883333,67.000000,41.000000,5.891941,60,1520.716667,1596.000000,1428.000000,41.811559,60,5.388333,6.700000,4.100000,0.589194,60,152.071971,4.145535,60,60,60,60,60,60,60,60,60,60,60,60,60,60,60,60,60,60,60,60,60,60,60,60,60,60,60,60,60,60,13.0596,13.12,13.00,24.14,26,22,39.02,6872302
2026-10-03 16:40:00,23.799674,23.851377,23.736935,0.026282,60,15.143969,15.194934,15.078965,0.026800,60,19.756568,19.803158,19.670404,0.028368,60,67.536667,68.300000,67.000000,0.351253,60,31.415778,31.462196,31.376747,0.017897,60,31.537543,31.571678,31.499580,0.013411,60,31.389431,31.430153,31.347374,0.017247,60,30.471667,30.500000,30.400000,0.045442,60,30.643963,30.671829,30.625107,0.010497,60,30.707830,30.729691,30.689468,0.009504,60,30.652285,30.674271,30.628769,0.010263,60,998.123333,998.200000,998.000000,0.053256,60,998.123333,998.200000,998.000000,0.053256,60,23.875000,24.100000,23.800000,0.070410,60,11.373032,11.508348,11.187301,0.070162,60,54.103691,54.737396,53.538841,0.380659,60,55.501219,56.286396,54.799683,0.435434,60,0.606073,0.614647,0.598413,0.004755,60,0.120213,0.121643,0.118250,0.000742,60,0.578368,0.585143,0.572330,0.004069,60,1.169920,1.508600,0.931363,0.110790,60,-178.924636,-178.757217,-179.037354,0.050768,60,-0.173439,-0.054150,-0.266676,0.042215,60,7.242435,7.384263,7.126175,0.057937,60,179.347542,179.690063,179.044983,0.120891,60,0.047074,0.396172,-0.379985,0.141972,60,0.000000,46.300000,58.000000,37.000000,4.655232,60,1577.033333,1664.000000,1447.000000,51.205788,60,4.630000,5.800000,3.700000,0.465523,60,157.706467,5.075808,60,60,60,60,60,60,60,60,60,60,60,60,60,60,60,60,60,60,60,60,60,60,60,60,60,60,60,60,60,60,13.0582,13.11,13.02,24.18,27,22,39.00,6872336
2026-10-03 16:41:00,23.791943,23.865110,23.750668,0.021224,60,15.133593,15.211719,15.043870,0.029032,60,19.756644,19.832151,19.720760,0.023341,60,67.673333,68.100000,67.200000,0.223126,60,31.380708,31.419472,31.334023,0.014949,60,31.502429,31.542305,31.472878,0.014649,60,31.357833,31.374077,31.334023,0.011019,60,30.476667,30.500000,30.400000,0.042652,60,30.623882,30.643295,30.605728,0.009325,60,30.687944,30.711624,30.669174,0.008905,60,30.632439,30.651474,30.613205,0.010046,60,998.131667,998.200000,998.000000,0.053652,60,998.131667,998.200000,998.000000,0.053652,60,23.888333,23.900000,23.800000,0.032373,60,11.730129,12.064695,11.442721,0.167574,60,55.581853,56.378155,54.810909,0.477868,60,57.255250,58.175674,56.301449,0.569555,60,0.625227,0.635278,0.614812,0.006220,60,0.123987,0.127524,0.120950,0.001771,60,0.594170,0.602682,0.585929,0.005108,60,1.163948,1.421990,0.823937,0.132958,60,-178.896540,-178.774979,-179.033279,0.056337,60,-0.182512,-0.078797,-0.319578,0.050960,60,7.262992,7.391227,7.174836,0.047327,60,179.353393,179.758102,178.725937,0.182565,60,0.017758,0.678912,-0.590380,0.198134,60,0.000000,51.716667,74.000000,37.000000,7.458567,60,1547.783333,1689.000000,1381.000000,93.483633,60,5.171667,7.400000,3.700000,0.745857,60,154.787094,9.268632,60,60,60,60,60,60,60,60,60,60,60,60,60,60,60,60,60,60,60,60,60,60,60,60,60,60,60,60,60,60,13.0622,13.11,13.02,24.16,26,23,38.97,6872370
2026-10-03 16:42:00,23.786450,23.833067,23.732357,0.021884,60,15.126497,15.193408,15.057603,0.031091,60,19.744132,19.784847,19.652094,0.025257,60,67.321667,68.300000,66.400000,0.683979,60,31.354628,31.390099,31.320671,0.017173,60,31.476171,31.512932,31.443504,0.014479,60,31.332999,31.360725,31.304649,0.015210,60,30.405000,30.500000,30.400000,0.021978,60,30.596622,30.619949,30.567520,0.011049,60,30.663606,30.683273,30.641647,0.009626,60,30.606510,30.643173,30.583023,0.012506,60,998.101667,998.200000,998.000000,0.062414,60,998.101667,998.200000,998.000000,0.062414,60,23.701667,24.100000,23.400000,0.258740,60,12.266868,12.514712,11.991752,0.154738,60,56.972884,57.377213,56.353500,0.298663,60,58.855840,59.319820,58.123230,0.349071,60,0.642706,0.647772,0.634706,0.003812,60,0.129661,0.132280,0.126753,0.001636,60,0.609040,0.613362,0.602419,0.003193,60,1.149318,1.601579,0.742012,0.185322,60,-178.897375,-178.747147,-178.997849,0.060501,60,-0.182824,-0.119244,-0.267791,0.035409,60,7.242526,7.390352,7.121677,0.058398,60,179.360513,179.621597,178.909897,0.151684,60,0.023458,0.372186,-0.314080,0.157705,60,0.000000,61.583333,78.000000,41.000000,7.323729,60,1539.733333,1635.000000,1333.000000,60.946730,60,6.158333,7.800000,4.100000,0.732373,60,153.985054,6.034835,60,60,60,60,60,60,60,60,60,60,60,60,60,60,60,60,60,60,60,60,60,60,60,60,60,60,60,60,60,60,13.0657,13.12,13.02,24.23,27,22,38.82,6872404
2026-10-03 16:43:00,23.775539,23.817808,23.718624,0.023225,60,15.117342,15.176623,15.056077,0.028458,60,19.729737,19.780270,19.665827,0.024643,60,67.136667,67.700000,66.400000,0.343445,60,31.318980,31.363396,31.277946,0.017403,60,31.447599,31.472878,31.416801,0.015077,60,31.299665,31.334023,31.261925,0.015759,60,30.400000,30.400000,30.400000,0.000000,60,30.560589,30.584396,30.538895,0.011281,60,30.625874,30.656082,30.601852,0.013450,60,30.567507,30.589432,30.545303,0.011551,60,998.113333,998.200000,998.000000,0.070028,60,998.113333,998.200000,998.000000,0.070028,60,23.633333,23.800000,23.400000,0.111487,60,12.490188,12.586058,12.395576,0.039455,60,57.190101,57.315689,57.056030,0.072033,60,59.200307,59.295700,59.078823,0.040427,60,0.646467,0.647509,0.645141,0.000441,60,0.132021,0.133035,0.131021,0.000417,60,0.611362,0.612705,0.609929,0.000770,60,1.180815,1.641814,0.742552,0.218425,60,-178.879269,-178.720001,-179.058533,0.070913,60,-0.201756,-0.080773,-0.320718,0.048817,60,7.254358,7.358147,7.123506,0.051087,60,179.333740,179.811737,178.819916,0.209232,60,0.050033,0.849759,-0.366804,0.231335,60,0.000000,58.966667,72.000000,42.000000,7.532903,60,1550.816667,1693.000000,1377.000000,84.221357,60,5.896667,7.200000,4.200000,0.753290,60,155.088513,8.348329,60,60,60,60,60,60,60,60,60,60,60,60,60,60,60,60,60,60,60,60,60,60,60,60,60,60,60,60,60,60,13.0687,13.12,13.03,24.16,26,22,38.53,6872437
2026-10-03 16:44:00,23.769004,23.814756,23.730831,0.023070,60,15.111874,15.190356,15.056077,0.028229,60,19.725134,19.780270,19.667353,0.028472,60,67.106667,67.700000,66.400000,0.333887,60,31.285913,31.320671,31.248566,0.015190,60,31.414710,31.443504,31.374077,0.015702,60,31.264816,31.304649,31.221863,0.015760,60,30.385000,30.400000,30.300000,0.036008,60,30.527790,30.546890,30.513229,0.009201,60,30.596003,30.619766,30.575027,0.009384,60,30.537679,30.559250,30.516953,0.008869,60,998.135000,998.200000,998.000000,0.051503,60,998.135000,998.200000,998.000000,0.051503,60,23.596667,23.800000,23.400000,0.113446,60,12.271056,12.467607,11.985577,0.134809,60,56.490908,57.046982,55.784634,0.398844,60,58.658241,59.139679,58.003727,0.369593,60,0.640548,0.645805,0.633401,0.004036,60,0.129705,0.131783,0.126688,0.001425,60,0.603888,0.609832,0.596338,0.004264,60,1.173821,1.676592,0.529786,0.191681,60,-178.917037,-178.751022,-179.067337,0.062285,60,-0.183945,-0.106652,-0.320718,0.046709,60,7.267881,7.394418,7.135494,0.059609,60,179.342205,179.663406,178.974091,0.151964,60,0.030978,0.398019,-0.406278,0.164315,60,0.000000,56.216667,68.000000,44.000000,5.769856,60,1535.083333,1652.000000,1442.000000,51.611749,60,5.621667,6.800000,4.400000,0.576986,60,153.506080,5.116209,60,60,60,60,60,60,60,60,60,60,60,60,60,60,60,60,60,60,60,60,60,60,60,60,60,60,60,60,60,60,13.0681,13.12,13.03,24.10,26,23,38.29,6872471
2026-10-03 16:45:00,23.753007,23.813231,23.686579,0.023408,60,15.107856,15.175097,15.071336,0.023310,60,19.714555,19.763485,19.647516,0.025101,60,66.456667,67.200000,65.900000,0.294795,60,31.256848,31.277946,31.235214,0.013599,60,31.380708,31.400780,31.344704,0.015237,60,31.233969,31.277946,31.205841,0.014448,60,30.300000,30.300000,30.300000,0.000001,60,30.494523,30.530380,30.473190,0.013030,60,30.566207,30.592331,30.539139,0.011149,60,30.504974,30.535202,30.476425,0.013266,60,998.096667,998.200000,998.000000,0.048596,60,998.096667,998.200000,998.000000,0.048596,60,23.398333,23.600000,23.300000,0.072467,60,12.122190,12.217445,11.987177,0.055005,60,55.891501,56.084560,55.728096,0.095838,60,58.053050,58.154213,57.898827,0.056518,60,0.633939,0.635044,0.632255,0.000617,60,0.128132,0.129138,0.126704,0.000581,60,0.597480,0.599544,0.595733,0.001025,60,1.189472,1.463891,0.918873,0.113982,60,-178.909561,-178.787155,-179.060989,0.058547,60,-0.197174,-0.119376,-0.266272,0.039281,60,7.241840,7.384262,7.133327,0.059940,60,179.338433,179.648834,178.966034,0.142078,60,0.043024,0.398574,-0.301049,0.139258,60,0.000000,58.416667,75.000000,41.000000,9.323365,60,1509.283333,1604.000000,1378.000000,55.029758,60,5.841667,7.500000,4.100000,0.932337,60,150.931515,5.454962,60,60,60,60,60,60,60,60,60,60,60,60,60,60,60,60,60,60,60,60,60,60,60,60,60,60,60,60,60,60,13.0695,13.12,13.02,24.22,26,22,38.06,6872505
2026-10-03 16:46:00,23.752193,23.840696,23.698788,0.023992,60,15.101829,15.156787,15.037766,0.024465,60,19.715343,19.775692,19.661249,0.028091,60,67.180000,68.200000,66.400000,0.546421,60,31.223242,31.248566,31.192490,0.014091,60,31.353071,31.387428,31.331352,0.012721,60,31.205886,31.235214,31.179138,0.015197,60,30.300000,30.300000,30.300000,0.000001,60,30.465379,30.483139,30.446609,0.009749,60,30.534538,30.552231,30.511826,0.009166,60,30.473171,30.490555,30.455612,0.008218,60,998.158333,998.200000,998.100000,0.049717,60,998.158333,998.200000,998.100000,0.049717,60,23.608333,23.900000,23.400000,0.162910,60,12.154059,12.299537,11.995638,0.063707,60,56.533827,57.055351,56.054028,0.294520,60,58.539271,59.051380,58.037800,0.288394,60,0.639249,0.644841,0.633773,0.003149,60,0.128468,0.130006,0.126794,0.000673,60,0.604347,0.609922,0.599218,0.003148,60,1.182838,1.386958,0.930731,0.107443,60,-178.891105,-178.733521,-179.076553,0.062820,60,-0.207057,-0.106024,-0.319237,0.044580,60,7.241469,7.368968,7.069909,0.066010,60,179.342179,179.690201,178.780060,0.168557,60,0.029112,0.635573,-0.419481,0.156482,60,0.000000,55.133333,66.000000,36.000000,8.642557,60,1539.333333,1625.000000,1414.000000,47.719401,60,5.513333,6.600000,3.600000,0.864256,60,153.937423,4.729151,60,60,60,60,60,60,60,60,60,60,60,60,60,60,60,60,60,60,60,60,60,60,60,60,60,60,60,60,60,60,13.0697,13.12,13.02,24.11,26,23,38.01,6872539
2026-10-03 16:47:00,23.749167,23.796444,23.712521,0.021653,60,15.100074,15.156787,15.034715,0.030054,60,19.707358,19.775692,19.642939,0.024441,60,66.666667,67.700000,65.900000,0.526474,60,31.193335,31.221863,31.165787,0.012834,60,31.325433,31.358055,31.301979,0.013679,60,31.173175,31.205841,31.136414,0.014227,60,30.300000,30.300000,30.300000,0.000001,60,30.436777,30.465988,30.416977,0.010103,60,30.510170,30.530411,30.487228,0.009351,60,30.448845,30.477005,30.427048,0.011672,60,998.166667,998.200000,998.000000,0.057244,60,998.166667,998.200000,998.000000,0.057244,60,23.470000,23.800000,23.100000,0.178791,60,12.352641,12.422560,12.231850,0.039438,60,57.430375,57.744312,57.068016,0.175286,60,59.376537,59.623238,59.026596,0.148647,60,0.648392,0.651086,0.644570,0.001623,60,0.130567,0.131306,0.129291,0.000417,60,0.613931,0.617287,0.610057,0.001874,60,1.200829,1.641327,0.675705,0.169521,60,-178.906958,-178.757492,-179.062302,0.060060,60,-0.196336,-0.106652,-0.266171,0.044427,60,7.255067,7.374130,7.124209,0.058990,60,179.347121,179.595398,179.040939,0.127714,60,0.032362,0.333451,-0.314252,0.129976,60,0.000000,48.966667,69.000000,32.000000,10.025335,60,1527.516667,1647.000000,1379.000000,53.331547,60,4.896667,6.900000,3.200000,1.002534,60,152.752061,5.285676,60,60,60,60,60,60,60,60,60,60,60,60,60,60,60,60,60,60,60,60,60,60,60,60,60,60,60,60,60,60,13.0735,13.12,13.03,24.12,26,22,38.00,6872572
2026-10-03 16:48:00,23.741589,23.823912,23.694210,0.026260,60,15.092978,15.138475,15.019455,0.026655,60,19.703212,19.821470,19.626154,0.033227,60,66.951667,67.800000,65.600000,0.717220,60,31.166766,31.192490,31.136414,0.014790,60,31.300733,31.331352,31.275276,0.014867,60,31.149275,31.179138,31.107040,0.014117,60,30.300000,30.300000,30.300000,0.000001,60,30.421091,30.436508,30.401321,0.009525,60,30.489949,30.508560,30.469559,0.008703,60,30.429872,30.450851,30.402390,0.010104,60,998.143333,998.300000,998.000000,0.076727,60,998.143333,998.300000,998.000000,0.076727,60,23.531667,23.800000,23.100000,0.252104,60,12.416065,12.578510,12.239169,0.094397,60,58.041830,58.351170,57.712643,0.198609,60,59.938282,60.235584,59.591583,0.205915,60,0.654526,0.657773,0.650740,0.002249,60,0.131238,0.132955,0.129368,0.000998,60,0.620467,0.623774,0.616948,0.002123,60,1.165490,1.679069,0.596804,0.213861,60,-178.894508,-178.792618,-179.006500,0.056283,60,-0.191933,-0.081058,-0.293563,0.051524,60,7.239554,7.394710,7.129567,0.057774,60,179.319155,179.581696,178.884598,0.152894,60,0.045246,0.370934,-0.314080,0.167775,60,0.000000,62.466667,84.000000,44.000000,11.053746,60,1546.150000,1647.000000,1409.000000,59.431152,60,6.246667,8.400000,4.400000,1.105375,60,154.620261,5.890982,60,60,60,60,60,60,60,60,60,60,60,60,60,60,60,60,60,60,60,60,60,60,60,60,60,60,60,60,60,60,13.0732,13.12,13.03,24.13,26,22,38.00,6872606
2026-10-03 16:49:00,23.727550,23.791866,23.649958,0.028719,60,15.084866,15.170520,15.016403,0.026914,60,19.691997,19.771114,19.639887,0.028579,60,66.021667,66.700000,65.600000,0.269395,60,31.140597,31.179138,31.109711,0.015689,60,31.272605,31.301979,31.232544,0.014250,60,31.124175,31.165787,31.080338,0.017230,60,30.226667,30.300000,30.200000,0.044595,60,30.389367,30.411758,30.360428,0.011979,60,30.461887,30.484756,30.438187,0.011931,60,30.398636,30.421982,30.369339,0.013362,60,998.095000,998.200000,998.000000,0.050169,60,998.095000,998.200000,998.000000,0.050169,60,23.163333,23.300000,23.100000,0.093820,60,12.560042,12.640250,12.419586,0.038943,60,58.155990,58.323124,57.764439,0.146660,60,60.030463,60.214561,59.651115,0.154278,60,0.655533,0.657543,0.651390,0.001685,60,0.132760,0.133607,0.131275,0.000412,60,0.621688,0.623474,0.617502,0.001568,60,1.190182,1.715205,0.719943,0.178626,60,-178.902612,-178.734436,-179.035110,0.056363,60,-0.192706,-0.054759,-0.268402,0.051514,60,7.243227,7.409526,7.072490,0.072638,60,179.326348,179.906052,178.721115,0.248250,60,0.053669,0.683509,-0.695876,0.266362,60,0.000000,70.466667,83.000000,59.000000,5.685148,60,1478.150000,1592.000000,1396.000000,43.962551,60,7.046667,8.300000,5.900000,0.568515,60,147.814456,4.358102,60,60,60,60,60,60,60,60,60,60,60,60,60,60,60,60,60,60,60,60,60,60,60,60,60,60,60,60,60,60,13.0766,13.14,13.03,24.10,26,22,37.98,6872640
2026-10-03 16:50:00,23.716157,23.764400,23.649958,0.025247,60,15.078304,15.167468,15.016403,0.028775,60,19.678442,19.739071,19.589533,0.027862,60,66.453333,67.100000,65.500000,0.497610,60,31.115630,31.149765,31.080338,0.014088,60,31.243850,31.275276,31.219193,0.014540,60,31.093288,31.123062,31.066986,0.012866,60,30.200000,30.200000,30.200000,0.000000,60,30.359724,30.380081,30.334946,0.009929,60,30.427003,30.448807,30.397263,0.010995,60,30.367436,30.390762,30.345749,0.011196,60,998.148333,998.300000,998.100000,0.053652,60,998.148333,998.300000,998.100000,0.053652,60,23.280000,23.400000,23.100000,0.121850,60,12.185885,12.458003,11.908286,0.146490,60,57.036250,57.795658,56.266640,0.453634,60,58.809314,59.601326,57.974289,0.462926,60,0.642198,0.650846,0.633079,0.005055,60,0.128805,0.131681,0.125871,0.001548,60,0.609717,0.617836,0.601490,0.004849,60,1.184736,1.500435,0.648611,0.177475,60,-178.908472,-178.790329,-179.033051,0.063229,60,-0.180756,-0.080262,-0.293671,0.050272,60,7.254448,7.384521,7.079802,0.056738,60,179.340404,179.798538,178.718994,0.262453,60,0.038913,0.584434,-0.550486,0.225986,60,0.000000,62.716667,79.000000,51.000000,6.636038,60,1501.166667,1654.000000,1338.000000,78.439260,60,6.271667,7.900000,5.100000,0.663604,60,150.117529,7.774094,60,60,60,60,60,60,60,60,60,60,60,60,60,60,60,60,60,60,60,60,60,60,60,60,60,60,60,60,60,60,13.0736,13.12,13.03,24.01,26,22,37.93,6872674
2026-10-03 16:51:00,23.712241,23.776608,23.648432,0.026213,60,15.074311,15.149157,14.998093,0.028421,60,19.682485,19.736019,19.638361,0.024014,60,66.103333,66.300000,65.900000,0.117843,60,31.087814,31.109711,31.066986,0.012279,60,31.215810,31.245895,31.176468,0.013861,60,31.064182,31.093689,31.034943,0.017845,60,30.200000,30.200000,30.200000,0.000000,60,30.332441,30.358414,30.306931,0.010416,60,30.400201,30.425278,30.380692,0.009892,60,30.339125,30.363052,30.317551,0.010465,60,998.188333,998.300000,998.100000,0.041545,60,998.188333,998.300000,998.100000,0.041545,60,23.180000,23.300000,23.100000,0.098806,60,11.606295,11.948763,11.191874,0.225517,60,55.081059,56.243118,53.622761,0.786615,60,56.780600,57.951054,55.353600,0.779770,60,0.620044,0.632825,0.604461,0.008515,60,0.122679,0.126298,0.118298,0.002384,60,0.588816,0.601239,0.573227,0.008409,60,1.171720,1.450061,0.824517,0.124221,60,-178.903776,-178.757217,-179.075256,0.059510,60,-0.195488,-0.079246,-0.293026,0.047287,60,7.249527,7.364219,7.079802,0.056152,60,179.367216,179.580872,179.013199,0.147472,60,0.028403,0.356711,-0.340666,0.160883,60,0.000000,57.400000,70.000000,44.000000,6.509966,60,1480.483333,1567.000000,1382.000000,44.556379,60,5.740000,7.000000,4.400000,0.650997,60,148.049411,4.417109,60,60,60,60,60,60,60,60,60,60,60,60,60,60,60,60,60,60,60,60,60,60,60,60,60,60,60,60,60,60,13.0737,13.14,13.02,24.12,26,22,37.78,6872708
2026-10-03 16:52:00,23.707129,23.758297,23.659113,0.021553,60,15.067063,15.133898,15.030136,0.024967,60,19.674805,19.720760,19.620050,0.028894,60,66.776667,67.600000,65.900000,0.501985,60,31.058486,31.093689,31.021591,0.015866,60,31.185146,31.219193,31.149765,0.015435,60,31.034008,31.066986,31.008240,0.012071,60,30.176667,30.200000,30.100000,0.042652,60,30.307067,30.322464,30.286118,0.008436,60,30.373769,30.395828,30.355301,0.008702,60,30.315828,30.342209,30.298203,0.009430,60,998.208333,998.300000,998.200000,0.027872,60,998.208333,998.300000,998.200000,0.027872,60,23.341667,23.600000,23.100000,0.140570,60,10.782541,11.177696,10.396799,0.221344,60,52.194227,53.569378,51.056225,0.762034,60,53.922996,55.295620,52.808819,0.748608,60,0.588839,0.603828,0.576672,0.008175,60,0.113971,0.118148,0.109894,0.002340,60,0.557956,0.572657,0.545791,0.008146,60,1.168123,1.658803,0.807364,0.153336,60,-178.891707,-178.709671,-179.007660,0.063153,60,-0.205132,-0.120433,-0.361136,0.042759,60,7.239605,7.364219,7.090246,0.068723,60,179.351973,179.662231,178.930786,0.179694,60,0.076784,0.472865,-0.340498,0.195768,60,0.000000,53.550000,70.000000,40.000000,7.209751,60,1489.616667,1589.000000,1392.000000,56.552988,60,5.355000,7.000000,4.000000,0.720975,60,148.960548,5.607107,60,60,60,60,60,60,60,60,60,60,60,60,60,60,60,60,60,60,60,60,60,60,60,60,60,60,60,60,60,60,13.0698,13.12,13.03,24.12,26,22,37.65,6872741
2026-10-03 16:53:00,23.706416,23.758297,23.657587,0.025671,60,15.063503,15.130846,14.979782,0.028105,60,19.664708,19.717709,19.616999,0.022517,60,66.720000,67.200000,66.100000,0.274201,60,31.032139,31.066986,31.008240,0.014695,60,31.162760,31.205841,31.133743,0.014497,60,31.007216,31.034943,30.978867,0.013705,60,30.128333,30.200000,30.100000,0.045442,60,30.286202,30.310867,30.267380,0.008657,60,30.352143,30.382126,30.328293,0.009377,60,30.293684,30.311996,30.271805,0.008255,60,998.248333,998.300000,998.200000,0.050394,60,998.248333,998.300000,998.200000,0.050394,60,23.345000,23.400000,23.100000,0.067460,60,10.182340,10.454881,9.967134,0.146776,60,50.048227,51.007145,49.144733,0.508351,60,51.838192,52.791336,50.682522,0.500978,60,0.566073,0.576481,0.553453,0.005471,60,0.107627,0.110508,0.105353,0.001551,60,0.535016,0.545266,0.525357,0.005434,60,1.204059,1.525785,0.715186,0.128386,60,-178.916385,-178.816681,-178.995499,0.043438,60,-0.187148,-0.106778,-0.293671,0.039107,60,7.258990,7.419725,7.153042,0.054339,60,179.350887,179.621338,178.934814,0.126247,60,0.038093,0.477126,-0.340498,0.127349,60,0.000000,51.016667,68.000000,37.000000,7.847037,60,1501.716667,1622.000000,1436.000000,42.960799,60,5.101667,6.800000,3.700000,0.784704,60,150.168925,4.258442,60,60,60,60,60,60,60,60,60,60,60,60,60,60,60,60,60,60,60,60,60,60,60,60,60,60,60,60,60,60,13.0677,13.12,13.02,24.07,27,22,37.28,6872775
2026-10-03 16:54:00,23.698024,23.758297,23.627069,0.024996,60,15.064571,15.130846,14.964522,0.033423,60,19.667378,19.734493,19.616999,0.024124,60,67.101667,67.500000,66.800000,0.197004,60,31.008640,31.034943,30.952164,0.015546,60,31.139173,31.163116,31.107040,0.015562,60,30.983540,31.008240,30.965515,0.011898,60,30.100000,30.100000,30.100000,0.000001,60,30.268726,30.285599,30.244095,0.008730,60,30.336711,30.354080,30.318283,0.007754,60,30.277221,30.304581,30.259567,0.009751,60,998.265000,998.300000,998.200000,0.048099,60,998.265000,998.300000,998.200000,0.048099,60,23.410000,23.600000,23.400000,0.043957,60,9.877329,10.019957,9.700279,0.073396,60,48.931005,49.412083,48.461647,0.278169,60,50.792757,51.214096,50.397923,0.254006,60,0.554657,0.559258,0.550345,0.002774,60,0.104403,0.105911,0.102532,0.000776,60,0.523072,0.528215,0.518055,0.002974,60,1.198301,1.562278,0.969694,0.135849,60,-178.900223,-178.738937,-179.007202,0.051906,60,-0.195694,-0.080773,-0.319919,0.047942,60,7.259483,7.374130,7.113801,0.051627,60,179.350873,179.621597,179.107269,0.111590,60,0.029481,0.356711,-0.208713,0.110875,60,0.000000,50.700000,59.000000,38.000000,4.830342,60,1511.883333,1625.000000,1367.000000,51.137267,60,5.070000,5.900000,3.800000,0.483034,60,151.188886,5.068121,60,60,60,60,60,60,60,60,60,60,60,60,60,60,60,60,60,60,60,60,60,60,60,60,60,60,60,60,60,60,13.0643,13.12,13.02,24.10,26,22,37.14,6872809
2026-10-03 16:55:00,23.691640,23.744564,23.625544,0.025909,60,15.062002,15.112535,15.010300,0.028395,60,19.652501,19.716183,19.566645,0.030298,60,66.736667,67.000000,66.500000,0.137738,60,30.988569,31.034943,30.965515,0.015256,60,31.117633,31.149765,31.091019,0.013482,60,30.962800,30.992218,30.922791,0.014539,60,30.100000,30.100000,30.100000,0.000001,60,30.250826,30.272293,30.231094,0.009352,60,30.319260,30.340652,30.303574,0.008547,60,30.255876,30.275375,30.234879,0.008356,60,998.258333,998.300000,998.100000,0.053016,60,998.258333,998.300000,998.100000,0.053016,60,23.341667,23.400000,23.300000,0.049717,60,9.669109,9.801808,9.474586,0.081553,60,47.992718,48.484268,47.431602,0.307545,60,49.876607,50.371819,49.298046,0.312810,60,0.544653,0.550060,0.538335,0.003416,60,0.102202,0.103605,0.100146,0.000862,60,0.513042,0.518297,0.507044,0.003288,60,1.184294,1.463447,0.933260,0.125846,60,-178.894822,-178.783661,-179.062744,0.058307,60,-0.199817,-0.080603,-0.319010,0.044174,60,7.270638,7.443855,7.105324,0.060249,60,179.366856,179.879318,178.836807,0.200839,60,0.064320,0.648026,-0.366829,0.204746,60,0.000000,56.833333,69.000000,45.000000,6.238662,60,1543.600000,1620.000000,1423.000000,46.637877,60,5.683333,6.900000,4.500000,0.623866,60,154.362726,4.622950,60,60,60,60,60,60,60,60,60,60,60,60,60,60,60,60,60,60,60,60,60,60,60,60,60,60,60,60,60,60,13.0622,13.12,13.02,24.02,26,22,37.05,6872843
2026-10-03 16:56:00,23.683324,23.739986,23.640802,0.020326,60,15.059154,15.129320,14.993515,0.028995,60,19.654815,19.731441,19.598688,0.029241,60,67.310000,68.100000,66.500000,0.458701,60,30.969031,30.992218,30.936142,0.012374,60,31.096448,31.120392,31.064316,0.014052,60,30.945265,30.978867,30.909439,0.014686,60,30.100000,30.100000,30.100000,0.000001,60,30.233363,30.256577,30.217209,0.008651,60,30.301265,30.319473,30.286118,0.008107,60,30.237069,30.251999,30.218826,0.008306,60,998.320000,998.400000,998.300000,0.040338,60,998.320000,998.400000,998.300000,0.040338,60,23.473333,23.600000,23.300000,0.107146,60,9.192570,9.534496,8.747654,0.232098,60,46.663346,47.425495,46.013191,0.405554,60,48.545272,49.299816,47.858902,0.405633,60,0.530114,0.538354,0.522619,0.004430,60,0.097165,0.100780,0.092463,0.002453,60,0.498831,0.506979,0.491881,0.004335,60,1.190379,1.452266,0.849314,0.121000,60,-178.905148,-178.751022,-179.006744,0.057191,60,-0.178548,-0.080262,-0.292811,0.046844,60,7.247836,7.433629,7.121677,0.058416,60,179.352601,179.582443,179.189636,0.092847,60,0.045621,0.213423,-0.103580,0.068191,60,0.000000,44.633333,53.000000,34.000000,5.088927,60,1472.966667,1582.000000,1396.000000,47.726611,60,4.463333,5.300000,3.400000,0.508893,60,147.294953,4.731689,60,60,60,60,60,60,60,60,60,60,60,60,60,60,60,60,60,60,60,60,60,60,60,60,60,60,60,60,60,60,13.0571,13.12,13.02,24.05,26,22,37.01,6872878
2026-10-03 16:57:00,23.678391,23.739986,23.608759,0.027000,60,15.055543,15.161365,14.993515,0.035960,60,19.648788,19.697872,19.583429,0.027051,60,66.796667,67.400000,66.300000,0.262947,60,30.953677,30.992218,30.936142,0.012176,60,31.075308,31.107040,31.032272,0.012439,60,30.924437,30.952164,30.896088,0.015249,60,30.100000,30.100000,30.100000,0.000001,60,30.214544,30.230240,30.194778,0.008735,60,30.284016,30.298935,30.266006,0.008799,60,30.218028,30.231400,30.195480,0.008065,60,998.326667,998.400000,998.300000,0.044595,60,998.326667,998.400000,998.300000,0.044595,60,23.360000,23.400000,23.300000,0.049403,60,8.894808,8.996214,8.694374,0.068040,60,45.255418,45.995094,44.566277,0.422158,60,47.133536,47.866196,46.413559,0.423453,60,0.514698,0.522699,0.506836,0.004624,60,0.094018,0.095090,0.091900,0.000719,60,0.483780,0.491688,0.476413,0.004513,60,1.217929,1.667156,0.850202,0.163519,60,-178.891936,-178.686539,-179.008362,0.070267,60,-0.201031,-0.040536,-0.330992,0.060702,60,7.276380,7.446246,7.121677,0.065314,60,179.345409,179.625137,179.080200,0.112795,60,0.047496,0.360402,-0.261299,0.119039,60,0.000000,46.066667,59.000000,31.000000,6.883699,60,1466.233333,1553.000000,1383.000000,44.308000,60,4.606667,5.900000,3.100000,0.688370,60,146.622274,4.392613,60,60,60,60,60,60,60,60,60,60,60,60,60,60,60,60,60,60,60,60,60,60,60,60,60,60,60,60,60,60,13.0585,13.11,13.02,24.20,26,23,37.00,6872912
2026-10-03 16:58:00,23.664606,23.707943,23.590448,0.023816,60,15.045116,15.092698,14.975204,0.027185,60,19.637242,19.713131,19.580378,0.029411,60,66.816667,67.400000,66.600000,0.244372,60,30.929333,30.965515,30.893417,0.013637,60,31.058619,31.107040,31.032272,0.015698,60,30.900939,30.936142,30.866714,0.014679,60,30.100000,30.100000,30.100000,0.000001,60,30.195109,30.212296,30.176224,0.009092,60,30.265696,30.286453,30.247269,0.008423,60,30.199018,30.221664,30.179550,0.008520,60,998.326667,998.400000,998.300000,0.044595,60,998.326667,998.400000,998.300000,0.044595,60,23.201667,23.400000,23.100000,0.129525,60,8.539746,8.722042,8.344285,0.086418,60,43.847163,44.514938,43.179764,0.396063,60,45.708596,46.370846,45.042355,0.393319,60,0.499138,0.506370,0.491863,0.004295,60,0.090265,0.092192,0.088199,0.000913,60,0.468726,0.475865,0.461592,0.004234,60,1.179651,1.535439,0.892611,0.144446,60,-178.891856,-178.773529,-179.035553,0.060141,60,-0.186456,-0.080035,-0.294210,0.045674,60,7.261292,7.378180,7.139963,0.059876,60,179.355933,179.865891,178.945572,0.160503,60,0.055403,0.436213,-0.274486,0.149517,60,0.000000,52.533333,62.000000,42.000000,4.883270,60,1523.333333,1624.000000,1386.000000,53.665210,60,5.253333,6.200000,4.200000,0.488327,60,152.336139,5.318610,60,60,60,60,60,60,60,60,60,60,60,60,60,60,60,60,60,60,60,60,60,60,60,60,60,60,60,60,60,60,13.0544,13.11,13.00,24.00,26,22,37.00,6872946
2026-10-03 16:59:00,23.667429,23.735409,23.620966,0.022195,60,15.038936,15.111010,14.991989,0.026589,60,19.640116,19.694820,19.594110,0.023108,60,66.820000,67.000000,66.400000,0.144738,60,30.909973,30.936142,30.880066,0.011663,60,31.038637,31.064316,31.018921,0.014326,60,30.886030,30.922791,30.853363,0.016471,60,30.091667,30.100000,30.000000,0.027872,60,30.174025,30.196091,30.154526,0.009133,60,30.244473,30.260849,30.223801,0.009432,60,30.175596,30.202194,30.150162,0.009594,60,998.341667,998.400000,998.300000,0.049717,60,998.341667,998.400000,998.300000,0.049717,60,23.256667,23.300000,23.100000,0.083090,60,8.395003,8.543225,8.237268,0.071681,60,42.572155,43.175694,41.998619,0.350868,60,44.412060,45.006283,43.813892,0.357166,60,0.484980,0.491469,0.478448,0.003900,60,0.088735,0.090302,0.087068,0.000758,60,0.455096,0.461548,0.448965,0.003751,60,1.192563,1.491568,0.918560,0.111191,60,-178.907215,-178.714554,-179.032150,0.060954,60,-0.188479,-0.106463,-0.267893,0.043340,60,7.250668,7.388322,7.089598,0.065168,60,179.366044,179.663773,179.052444,0.120280,60,0.041632,0.252378,-0.261186,0.113445,60,0.000000,51.633333,65.000000,37.000000,6.139526,60,1488.616667,1651.000000,1383.000000,48.918851,60,5.163333,6.500000,3.700000,0.613953,60,148.859145,4.847257,60,60,60,60,60,60,60,60,60,60,60,60,60,60,60,60,60,60,60,60,60,60,60,60,60,60,60,60,60,60,13.0500,13.10,13.00,24.12,26,22,37.00,6872980
2026-10-03 17:00:00,23.659698,23.721676,23.607233,0.025572,60,15.031586,15.111010,14.956893,0.031065,60,19.629562,19.662775,19.562065,0.024329,60,67.116667,67.900000,66.500000,0.308175,60,30.891548,30.922791,30.866714,0.013001,60,31.018832,31.048294,30.992218,0.013410,60,30.865379,30.896088,30.823990,0.012472,60,30.018333,30.100000,30.000000,0.039020,60,30.153577,30.173782,30.131699,0.010650,60,30.224816,30.251633,30.202774,0.011100,60,30.156869,30.178665,30.136032,0.009422,60,998.388333,998.500000,998.300000,0.045442,60,998.388333,998.500000,998.300000,0.045442,60,23.300000,23.400000,23.100000,0.063779,60,8.142730,8.322561,7.931998,0.099687,60,41.266766,41.940037,40.547188,0.414298,60,43.084314,43.780476,42.357929,0.421977,60,0.470481,0.478083,0.462549,0.004608,60,0.086069,0.087969,0.083841,0.001054,60,0.441142,0.448339,0.433449,0.004429,60,1.200531,1.504962,0.915439,0.122578,60,-178.904195,-178.738937,-179.029388,0.063942,60,-0.208169,-0.146189,-0.334025,0.045839,60,7.257869,7.429545,7.027509,0.069620,60,179.349958,179.663559,178.974060,0.148665,60,0.055527,0.423432,-0.274184,0.147937,60,0.000000,46.866667,58.000000,33.000000,7.160311,60,1488.333333,1599.000000,1403.000000,53.301721,60,4.686667,5.800000,3.300000,0.716031,60,148.832363,5.284399,60,60,60,60,60,60,60,60,60,60,60,60,60,60,60,60,60,60,60,60,60,60,60,60,60,60,60,60,60,60,13.0483,13.10,12.99,24.12,26,23,36.99,6873014
2026-10-03 17:01:00,23.642964,23.718624,23.588923,0.027131,60,15.028916,15.089646,14.956893,0.028200,60,19.623051,19.711605,19.562065,0.028193,60,67.531667,68.100000,67.000000,0.404002,60,30.872011,30.909439,30.837341,0.013178,60,30.997470,31.032272,30.962845,0.015430,60,30.842014,30.866714,30.810638,0.014754,60,30.000000,30.000000,30.000000,0.000000,60,30.131662,30.151718,30.115311,0.008222,60,30.202106,30.219925,30.183640,0.009466,60,30.134583,30.150253,30.117508,0.009699,60,998.421667,998.500000,998.400000,0.041545,60,998.421667,998.500000,998.400000,0.041545,60,23.350000,23.400000,23.300000,0.050422,60,7.833317,7.950063,7.656455,0.082209,60,39.824488,40.557362,39.057301,0.432780,60,41.604369,42.340446,40.832474,0.436360,60,0.454320,0.462358,0.445891,0.004765,60,0.082798,0.084032,0.080929,0.000869,60,0.425724,0.433558,0.417523,0.004626,60,1.204473,1.403383,0.891998,0.109758,60,-178.913289,-178.793488,-179.037598,0.057342,60,-0.194668,-0.080489,-0.319351,0.045750,60,7.277359,7.434027,7.169298,0.055413,60,179.352148,179.583084,178.692932,0.148997,60,0.028928,0.425922,-0.209160,0.130338,60,0.000000,46.600000,59.000000,34.000000,6.649073,60,1571.550000,1681.000000,1418.000000,63.476253,60,4.660000,5.900000,3.400000,0.664907,60,157.162222,6.290022,60,60,60,60,60,60,60,60,60,60,60,60,60,60,60,60,60,60,60,60,60,60,60,60,60,60,60,60,60,60,13.0450,13.09,12.99,24.20,26,23,36.94,6873047
2026-10-03 17:02:00,23.645304,23.691158,23.585871,0.022805,60,15.030416,15.089646,14.938582,0.029224,60,19.609089,19.674982,19.543755,0.025878,60,67.678333,68.400000,67.100000,0.408009,60,30.850648,30.880066,30.823990,0.013460,60,30.974105,31.005569,30.936142,0.014734,60,30.825281,30.853363,30.797287,0.013531,60,30.000000,30.000000,30.000000,0.000000,60,30.117750,30.131302,30.096024,0.008113,60,30.187629,30.201981,30.161087,0.007411,60,30.119269,30.138351,30.102097,0.008839,60,998.453333,998.500000,998.400000,0.050310,60,998.453333,998.500000,998.400000,0.050310,60,23.396667,23.600000,23.300000,0.107304,60,7.517890,7.677035,7.391430,0.067182,60,38.356170,39.053230,37.688198,0.390911,60,40.129381,40.810787,39.455074,0.386105,60,0.438213,0.445654,0.430849,0.004216,60,0.079464,0.081146,0.078127,0.000710,60,0.410027,0.417479,0.402887,0.004179,60,1.195226,1.467001,0.932943,0.107038,60,-178.911673,-178.774979,-179.066910,0.071623,60,-0.196142,-0.106337,-0.294102,0.043284,60,7.275181,7.393256,7.147862,0.050790,60,179.337570,179.622437,179.102432,0.119579,60,0.040888,0.355837,-0.340545,0.133867,60,0.000000,44.150000,60.000000,32.000000,6.237734,60,1515.100000,1667.000000,1387.000000,65.421372,60,4.415000,6.000000,3.200000,0.623773,60,151.504194,6.484504,60,60,60,60,60,60,60,60,60,60,60,60,60,60,60,60,60,60,60,60,60,60,60,60,60,60,60,60,60,60,13.0383,13.09,12.99,24.04,26,22,36.84,6873081
2026-10-03 17:03:00,23.642227,23.675898,23.585871,0.024572,60,15.019710,15.071336,14.956893,0.025557,60,19.605834,19.658197,19.525444,0.026793,60,67.936667,68.200000,67.400000,0.226219,60,30.833247,30.866714,30.810638,0.011825,60,30.959596,30.992218,30.936142,0.011933,60,30.804764,30.840012,30.781265,0.011231,60,30.000000,30.000000,30.000000,0.000000,60,30.103005,30.121536,30.082687,0.007999,60,30.175077,30.187271,30.162338,0.005908,60,30.102736,30.122818,30.087021,0.007695,60,998.516667,998.600000,998.500000,0.037582,60,998.516667,998.600000,998.500000,0.037582,60,23.425000,23.600000,23.300000,0.077295,60,7.215547,7.418869,6.975027,0.114072,60,36.954885,37.633686,36.231339,0.415526,60,38.700708,39.423431,38.065506,0.395638,60,0.422612,0.430504,0.415675,0.004320,60,0.076268,0.078417,0.073726,0.001206,60,0.395048,0.402304,0.387313,0.004442,60,1.195755,1.398658,0.997503,0.103223,60,-178.906731,-178.745667,-179.007889,0.054121,60,-0.197199,-0.106778,-0.319806,0.050360,60,7.266606,7.380206,7.147862,0.054509,60,179.343932,179.650284,179.123077,0.113310,60,0.021716,0.251928,-0.209160,0.099776,60,0.000000,43.066667,50.000000,32.000000,3.969659,60,1645.066667,1818.000000,1485.000000,76.462657,60,4.306667,5.000000,3.200000,0.396966,60,164.502765,7.575768,60,60,60,60,60,60,60,60,60,60,60,60,60,60,60,60,60,60,60,60,60,60,60,60,60,60,60,60,60,60,13.0369,13.09,12.99,24.13,27,22,36.65,6873115
2026-10-03 17:04:00,23.631952,23.675898,23.584345,0.023866,60,15.019430,15.088120,14.955367,0.030384,60,19.615117,19.674982,19.557487,0.028611,60,68.135000,69.100000,67.400000,0.561120,60,30.821631,30.853363,30.794617,0.013239,60,30.945978,30.976196,30.920120,0.012068,60,30.791679,30.823990,30.767914,0.012589,60,30.001667,30.100000,30.000000,0.012910,60,30.093699,30.109604,30.074509,0.007148,60,30.168369,30.185196,30.149429,0.008064,60,30.092924,30.108810,30.074203,0.007231,60,998.513333,998.600000,998.500000,0.034280,60,998.513333,998.600000,998.500000,0.034280,60,23.516667,23.800000,23.300000,0.157487,60,6.966250,7.046371,6.863667,0.036076,60,35.708345,36.224098,35.241322,0.278679,60,37.499706,38.006416,37.062996,0.274616,60,0.409497,0.415030,0.404728,0.002999,60,0.073633,0.074480,0.072549,0.000381,60,0.381722,0.387236,0.376730,0.002979,60,1.207671,1.702841,0.650592,0.178564,60,-178.921288,-178.815277,-179.062958,0.055962,60,-0.190167,-0.106463,-0.318670,0.038972,60,7.269348,7.403418,7.164917,0.052444,60,179.342188,179.690063,179.081284,0.097796,60,0.037115,0.331247,-0.129666,0.089254,60,0.000000,42.533333,56.000000,25.000000,7.587828,60,1520.116667,1643.000000,1366.000000,57.607995,60,4.253333,5.600000,2.500000,0.758783,60,152.016405,5.708261,60,60,60,60,60,60,60,60,60,60,60,60,60,60,60,60,60,60,60,60,60,60,60,60,60,60,60,60,60,60,13.0335,13.09,12.99,23.99,26,23,36.42,6873149
2026-10-03 17:05:00,23.624043,23.672846,23.553825,0.027077,60,15.018438,15.071336,14.955367,0.026665,60,19.592915,19.656672,19.523918,0.029654,60,67.616667,68.100000,67.100000,0.312544,60,30.807390,30.837341,30.781265,0.013438,60,30.934718,30.962845,30.893417,0.013840,60,30.775257,30.810638,30.741203,0.013868,60,30.000000,30.000000,30.000000,0.000000,60,30.076489,30.093613,30.054825,0.009091,60,30.150798,30.167313,30.134232,0.008337,60,30.076394,30.091660,30.052353,0.009398,60,998.568333,998.600000,998.500000,0.046910,60,998.568333,998.600000,998.500000,0.046910,60,23.373333,23.400000,23.300000,0.044595,60,6.845285,6.951474,6.653522,0.063759,60,34.717712,35.242901,34.140926,0.332445,60,36.487182,37.005234,35.889862,0.330784,60,0.398440,0.404097,0.391917,0.003612,60,0.072355,0.073477,0.070328,0.000674,60,0.371132,0.376747,0.364966,0.003554,60,1.201538,1.559471,0.853169,0.148727,60,-178.916458,-178.792328,-179.035553,0.059921,60,-0.197722,-0.106652,-0.266171,0.040204,60,7.266191,7.388322,7.136018,0.062043,60,179.345850,179.730820,179.083221,0.127551,60,0.057836,0.292217,-0.195582,0.106796,60,0.000000,43.450000,52.000000,34.000000,4.931480,60,1589.433333,1696.000000,1487.000000,45.753343,60,4.345000,5.200000,3.400000,0.493148,60,158.944234,4.535217,60,60,60,60,60,60,60,60,60,60,60,60,60,60,60,60,60,60,60,60,60,60,60,60,60,60,60,60,60,60,13.0305,13.09,12.98,24.17,26,22,36.28,6873183
2026-10-03 17:06:00,23.620661,23.671320,23.552299,0.027100,60,15.012614,15.069810,14.937057,0.029266,60,19.589736,19.671930,19.539177,0.026779,60,67.698333,68.300000,67.200000,0.392079,60,30.789543,30.810638,30.767914,0.010990,60,30.920565,30.962845,30.893417,0.013092,60,30.760792,30.781265,30.741203,0.011653,60,30.000000,30.000000,30.000000,0.000000,60,30.057904,30.080063,30.032913,0.008970,60,30.136379,30.156876,30.116348,0.009428,60,30.059177,30.073563,30.042160,0.007941,60,998.583333,998.600000,998.500000,0.037582,60,998.583333,998.600000,998.500000,0.037582,60,23.395000,23.600000,23.300000,0.098161,60,6.518509,6.734698,6.289713,0.105700,60,33.235826,34.149067,32.358807,0.520276,60,34.998355,35.875252,34.036213,0.523128,60,0.382182,0.391758,0.371675,0.005713,60,0.068901,0.071186,0.066482,0.001117,60,0.355291,0.365054,0.345916,0.005562,60,1.184907,1.469677,0.849314,0.127418,60,-178.887121,-178.775269,-178.993118,0.053505,60,-0.210487,-0.106841,-0.320489,0.052663,60,7.262874,7.361275,7.147862,0.053327,60,179.363232,179.593964,179.079102,0.112357,60,0.047878,0.396725,-0.261525,0.127452,60,0.000000,43.483333,52.000000,29.000000,4.813440,60,1560.250000,1694.000000,1366.000000,77.581586,60,4.348333,5.200000,2.900000,0.481344,60,156.038291,7.685383,60,60,60,60,60,60,60,60,60,60,60,60,60,60,60,60,60,60,60,60,60,60,60,60,60,60,60,60,60,60,13.0297,13.09,12.98,24.11,26,22,36.13,6873216
2026-10-03 17:07:00,23.608276,23.657587,23.549248,0.025252,60,15.000178,15.085069,14.937057,0.025516,60,19.590321,19.639887,19.523918,0.026791,60,67.411667,68.000000,66.900000,0.296357,60,30.774278,30.810638,30.738533,0.014453,60,30.904722,30.936142,30.864044,0.014107,60,30.742051,30.781265,30.711830,0.014813,60,29.948333,30.000000,29.900000,0.050394,60,30.037786,30.063400,30.011398,0.010551,60,30.115395,30.132767,30.087021,0.010130,60,30.037171,30.067276,30.017044,0.010221,60,998.558333,998.600000,998.500000,0.049717,60,998.558333,998.600000,998.500000,0.049717,60,23.341667,23.400000,23.300000,0.049717,60,6.122820,6.320811,5.843583,0.136774,60,31.222856,32.319225,30.095819,0.671953,60,32.911032,34.039532,31.702333,0.702640,60,0.359388,0.371712,0.346189,0.007673,60,0.064718,0.066811,0.061767,0.001446,60,0.333772,0.345493,0.321724,0.007183,60,1.204897,1.580901,0.811368,0.135819,60,-178.903778,-178.790909,-179.008606,0.057328,60,-0.191104,-0.079078,-0.292704,0.045272,60,7.250346,7.365332,7.090246,0.065084,60,179.326510,179.595215,179.081284,0.099517,60,0.054497,0.458158,-0.235200,0.134828,60,0.000000,49.283333,64.000000,30.000000,8.588703,60,1521.483333,1674.000000,1414.000000,69.768987,60,4.928333,6.400000,3.000000,0.858870,60,152.142575,6.916275,60,60,60,60,60,60,60,60,60,60,60,60,60,60,60,60,60,60,60,60,60,60,60,60,60,60,60,60,60,60,13.0233,13.08,12.96,24.07,26,23,36.04,6873250
2026-10-03 17:08:00,23.604817,23.671320,23.535515,0.030059,60,14.999034,15.066758,14.937057,0.027215,60,19.577071,19.638361,19.488823,0.027829,60,68.246667,68.800000,67.700000,0.270258,60,30.755718,30.781265,30.725182,0.012836,60,30.885273,30.906769,30.837341,0.013030,60,30.724336,30.754562,30.698479,0.014015,60,29.900000,29.900000,29.900000,0.000000,60,30.017043,30.035690,29.994766,0.008817,60,30.095163,30.114120,30.076828,0.010547,60,30.017640,30.031967,30.003860,0.007597,60,998.648333,998.700000,998.600000,0.050394,60,998.648333,998.700000,998.600000,0.050394,60,23.493333,23.600000,23.300000,0.127381,60,5.636015,5.880856,5.438385,0.109711,60,29.230970,30.046059,28.569519,0.430996,60,30.808996,31.668915,30.143906,0.446323,60,0.336434,0.345825,0.329171,0.004874,60,0.059573,0.062161,0.057484,0.001160,60,0.312479,0.321192,0.305408,0.004607,60,1.194657,1.347543,1.041519,0.078034,60,-178.905809,-178.749237,-179.062744,0.058513,60,-0.197651,-0.119903,-0.266777,0.036635,60,7.261040,7.374358,7.167678,0.056360,60,179.336441,179.475327,179.163971,0.070442,60,0.039725,0.185436,-0.103053,0.073546,60,0.000000,40.833333,48.000000,32.000000,3.168525,60,1534.550000,1647.000000,1409.000000,48.754113,60,4.083333,4.800000,3.200000,0.316852,60,153.457219,4.832072,60,60,60,60,60,60,60,60,60,60,60,60,60,60,60,60,60,60,60,60,60,60,60,60,60,60,60,60,60,60,13.0240,13.08,12.98,24.14,26,22,36.02,6873284
2026-10-03 17:09:00,23.603749,23.668268,23.535515,0.025615,60,15.001068,15.083543,14.934005,0.029593,60,19.569467,19.620050,19.487297,0.029396,60,67.811667,68.400000,67.500000,0.248447,60,30.734707,30.767914,30.711830,0.014918,60,30.861018,30.893417,30.821320,0.014194,60,30.706445,30.741203,30.669106,0.014908,60,29.900000,29.900000,29.900000,0.000000,60,29.996888,30.019119,29.965530,0.009669,60,30.071945,30.098099,30.047195,0.008901,60,29.994897,30.015976,29.970963,0.009547,60,998.623333,998.700000,998.600000,0.042652,60,998.623333,998.700000,998.600000,0.042652,60,23.311667,23.400000,23.300000,0.032373,60,5.512615,5.585647,5.416433,0.033902,60,28.234961,28.579924,27.875582,0.201909,60,29.750492,30.143684,29.379295,0.224543,60,0.324875,0.329169,0.320822,0.002452,60,0.058268,0.059040,0.057252,0.000358,60,0.301832,0.305519,0.297990,0.002158,60,1.204104,1.642790,0.824517,0.147928,60,-178.917426,-178.740433,-179.062958,0.059000,60,-0.200706,-0.106526,-0.293563,0.046110,60,7.280789,7.397319,7.145145,0.053443,60,179.346528,179.622925,179.080200,0.106279,60,0.049784,0.463541,-0.208876,0.112529,60,0.000000,45.000000,61.000000,35.000000,5.118925,60,1465.316667,1593.000000,1313.000000,63.011834,60,4.500000,6.100000,3.500000,0.511892,60,146.530774,6.243864,60,60,60,60,60,60,60,60,60,60,60,60,60,60,60,60,60,60,60,60,60,60,60,60,60,60,60,60,60,60,13.0127,13.06,12.96,24.04,26,22,36.00,6873318
2026-10-03 17:10:00,23.592686,23.654535,23.533989,0.028980,60,14.989141,15.033189,14.934005,0.022981,60,19.569187,19.620050,19.519341,0.028766,60,67.600000,68.400000,67.300000,0.218624,60,30.710272,30.738533,30.682457,0.014603,60,30.842237,30.864044,30.821320,0.012813,60,30.679965,30.711830,30.655754,0.014214,60,29.885000,29.900000,29.800000,0.036008,60,29.969705,29.990372,29.942917,0.010456,60,30.043769,30.070419,30.019485,0.010766,60,29.969081,29.991562,29.939133,0.011080,60,998.633333,998.700000,998.500000,0.054202,60,998.633333,998.700000,998.500000,0.054202,60,23.258333,23.400000,23.100000,0.090744,60,5.495442,5.560493,5.401341,0.030095,60,27.657814,27.937782,27.392902,0.151947,60,29.113485,29.438606,28.826258,0.165879,60,0.317919,0.321470,0.314783,0.001811,60,0.058087,0.058774,0.057092,0.000318,60,0.295662,0.298655,0.292830,0.001624,60,1.199965,1.557604,0.848428,0.132779,60,-178.902895,-178.750122,-179.008362,0.050779,60,-0.215863,-0.119573,-0.333791,0.041611,60,7.241727,7.361275,7.092213,0.061587,60,179.314488,179.689667,179.040253,0.148661,60,0.064652,0.425155,-0.261299,0.141962,60,0.000000,50.300000,59.000000,37.000000,4.927612,60,1501.966667,1611.000000,1383.000000,51.161415,60,5.030000,5.900000,3.700000,0.492761,60,150.196391,5.071743,60,60,60,60,60,60,60,60,60,60,60,60,60,60,60,60,60,60,60,60,60,60,60,60,60,60,60,60,60,60,13.0145,13.06,12.96,24.16,26,23,36.00,6873352
2026-10-03 17:11:00,23.589787,23.653009,23.533989,0.027099,60,14.991557,15.034715,14.947738,0.023984,60,19.573256,19.633783,19.516289,0.031150,60,67.888333,68.300000,67.100000,0.330429,60,30.685706,30.711830,30.655754,0.011656,60,30.819361,30.850693,30.781265,0.016830,60,30.659626,30.698479,30.629051,0.014253,60,29.803333,29.900000,29.800000,0.018102,60,29.944028,29.962692,29.927872,0.008881,60,30.018479,30.038773,29.990585,0.009818,60,29.943189,29.964005,29.921219,0.009531,60,998.686667,998.700000,998.600000,0.034280,60,998.686667,998.700000,998.600000,0.034280,60,23.301667,23.400000,23.100000,0.085354,60,5.444784,5.524593,5.354465,0.037694,60,27.212990,27.448090,27.001146,0.119971,60,28.616859,28.866756,28.386526,0.123137,60,0.312496,0.315225,0.309981,0.001345,60,0.057551,0.058395,0.056597,0.000398,60,0.290907,0.293420,0.288642,0.001282,60,1.201808,1.360966,0.915439,0.096945,60,-178.886367,-178.742966,-178.997849,0.050356,60,-0.207470,-0.105836,-0.320832,0.050670,60,7.248412,7.413253,7.047006,0.067704,60,179.339380,179.649536,179.083221,0.108558,60,0.051068,0.333622,-0.196151,0.109281,60,0.000000,46.083333,58.000000,36.000000,5.397085,60,1542.116667,1604.000000,1450.000000,36.412464,60,4.608333,5.800000,3.600000,0.539709,60,154.212906,3.609968,60,60,60,60,60,60,60,60,60,60,60,60,60,60,60,60,60,60,60,60,60,60,60,60,60,60,60,60,60,60,13.0093,13.06,12.95,24.14,26,23,36.00,6873385
2026-10-03 17:12:00,23.582895,23.649958,23.530937,0.024876,60,14.991582,15.048448,14.932479,0.024820,60,19.565652,19.616999,19.501030,0.028199,60,68.256667,68.500000,67.800000,0.221984,60,30.666613,30.695808,30.639732,0.014433,60,30.796352,30.837341,30.751892,0.013720,60,30.634970,30.669106,30.599678,0.013474,60,29.800000,29.800000,29.800000,0.000002,60,29.925386,29.945572,29.907120,0.007904,60,29.995294,30.014175,29.975998,0.008533,60,29.921319,29.939713,29.905869,0.008142,60,998.701667,998.800000,998.700000,0.012910,60,998.701667,998.800000,998.700000,0.012910,60,23.375000,23.400000,23.300000,0.043667,60,5.381527,5.446617,5.284721,0.031193,60,26.849999,27.046612,26.626135,0.121334,60,28.218282,28.418613,28.021372,0.118432,60,0.308144,0.310331,0.305993,0.001293,60,0.056883,0.057571,0.055860,0.000330,60,0.287026,0.289128,0.284633,0.001297,60,1.208589,1.504962,0.931363,0.136023,60,-178.888156,-178.733231,-179.009537,0.060903,60,-0.202280,-0.106526,-0.267284,0.045756,60,7.253106,7.364219,7.098115,0.054599,60,179.362202,179.650665,179.108536,0.107456,60,0.063899,0.251928,-0.209281,0.106552,60,0.000000,51.600000,60.000000,44.000000,4.113640,60,1584.383333,1653.000000,1529.000000,29.777190,60,5.160000,6.000000,4.400000,0.411364,60,158.438081,2.952454,60,60,60,60,60,60,60,60,60,60,60,60,60,60,60,60,60,60,60,60,60,60,60,60,60,60,60,60,60,60,13.0103,13.06,12.96,24.11,27,23,35.99,6873419
2026-10-03 17:13:00,23.576104,23.649958,23.512627,0.028864,60,14.987640,15.046922,14.914168,0.026760,60,19.562422,19.615473,19.482719,0.032083,60,67.833333,68.300000,67.500000,0.226743,60,30.645963,30.682457,30.613029,0.013162,60,30.773343,30.807968,30.738533,0.015586,60,30.610181,30.642403,30.572975,0.013454,60,29.800000,29.800000,29.800000,0.000002,60,29.903444,29.929947,29.883408,0.010317,60,29.971608,29.988846,29.950272,0.009775,60,29.897780,29.923477,29.873764,0.010668,60,998.691667,998.700000,998.600000,0.027872,60,998.691667,998.700000,998.600000,0.027872,60,23.310000,23.400000,23.300000,0.030253,60,5.360696,5.424437,5.250193,0.041440,60,26.385447,26.657799,26.027418,0.195647,60,27.744531,28.053020,27.415442,0.197557,60,0.302970,0.306339,0.299377,0.002157,60,0.056663,0.057336,0.055495,0.000438,60,0.282060,0.284972,0.278233,0.002091,60,1.216436,1.664692,0.967425,0.132546,60,-178.892002,-178.790039,-178.995956,0.052554,60,-0.187348,-0.106652,-0.265667,0.038073,60,7.263683,7.403418,7.135494,0.059320,60,179.337607,179.731003,179.056000,0.126673,60,0.057356,0.331416,-0.261581,0.125293,60,0.000000,56.766667,71.000000,48.000000,5.484544,60,1607.050000,1694.000000,1511.000000,40.963160,60,5.676667,7.100000,4.800000,0.548454,60,160.705445,4.061096,60,60,60,60,60,60,60,60,60,60,60,60,60,60,60,60,60,60,60,60,60,60,60,60,60,60,60,60,60,60,13.0066,13.08,12.96,24.12,26,23,35.98,6873453
2026-10-03 17:14:00,23.570611,23.634699,23.511101,0.027894,60,14.983444,15.062181,14.914168,0.028329,60,19.557819,19.647516,19.514763,0.024814,60,68.260000,69.500000,67.300000,0.643665,60,30.623399,30.655754,30.599678,0.015106,60,30.750555,30.765244,30.725182,0.010914,60,30.585882,30.613029,30.572975,0.010420,60,29.800000,29.800000,29.800000,0.000002,60,29.882219,29.896622,29.860367,0.008746,60,29.945676,29.965988,29.926285,0.009765,60,29.875967,29.896347,29.857773,0.009285,60,998.755000,998.800000,998.700000,0.050169,60,998.755000,998.800000,998.700000,0.050169,60,23.388333,23.600000,23.100000,0.131602,60,5.200198,5.329998,4.998888,0.084370,60,25.611926,26.050266,25.164972,0.268446,60,26.961895,27.383350,26.533983,0.264230,60,0.294424,0.299026,0.289751,0.002885,60,0.054966,0.056338,0.052838,0.000892,60,0.273791,0.278477,0.269014,0.002870,60,1.222631,1.530370,0.958862,0.107264,60,-178.880898,-178.753387,-179.008362,0.055090,60,-0.209390,-0.079809,-0.320147,0.053168,60,7.282453,7.394418,7.145886,0.059118,60,179.358688,179.663559,179.151657,0.099678,60,0.057526,0.318243,-0.156015,0.094999,60,0.000000,44.100000,58.000000,30.000000,7.466763,60,1521.833333,1588.000000,1318.000000,53.420991,60,4.410000,5.800000,3.000000,0.746676,60,152.193118,5.290375,60,60,60,60,60,60,60,60,60,60,60,60,60,60,60,60,60,60,60,60,60,60,60,60,60,60,60,60,60,60,13.0070,13.06,12.95,24.11,26,22,35.95,6873487
2026-10-03 17:15:00,23.563973,23.617914,23.511101,0.025065,60,14.975280,15.046922,14.914168,0.030542,60,19.540525,19.612421,19.496452,0.026292,60,68.368333,69.000000,67.900000,0.360081,60,30.600257,30.639732,30.556953,0.015446,60,30.726072,30.751892,30.682457,0.016901,60,30.568436,30.599678,30.530251,0.013592,60,29.776667,29.800000,29.700000,0.042652,60,29.858144,29.875870,29.841202,0.009228,60,29.923967,29.947739,29.906235,0.009397,60,29.851758,29.883347,29.836990,0.009036,60,998.731667,998.800000,998.600000,0.050394,60,998.731667,998.800000,998.600000,0.050394,60,23.360000,23.600000,23.100000,0.116735,60,5.060022,5.123511,4.932117,0.044083,60,24.776521,25.168139,24.284431,0.272699,60,26.117485,26.504992,25.620659,0.280784,60,0.285203,0.289435,0.279778,0.003066,60,0.053484,0.054156,0.052132,0.000466,60,0.264861,0.269047,0.259601,0.002915,60,1.214689,1.599669,0.931994,0.129027,60,-178.911729,-178.753983,-179.036240,0.059524,60,-0.203063,-0.146406,-0.336266,0.041366,60,7.270871,7.419725,7.097468,0.072646,60,179.332546,179.623734,178.998978,0.140931,60,0.064654,0.292217,-0.234509,0.109959,60,0.000000,53.033333,61.000000,38.000000,4.779783,60,1465.633333,1620.000000,1321.000000,64.682528,60,5.303333,6.100000,3.800000,0.477978,60,146.562919,6.408621,60,60,60,60,60,60,60,60,60,60,60,60,60,60,60,60,60,60,60,60,60,60,60,60,60,60,60,60,60,60,13.0054,13.06,12.95,24.12,26,23,35.83,6873520
2026-10-03 17:16:00,23.562447,23.613337,23.508049,0.025906,60,14.978663,15.043870,14.911117,0.026532,60,19.544035,19.594110,19.461357,0.027057,60,68.581667,69.300000,68.100000,0.335722,60,30.577782,30.599678,30.540932,0.014042,60,30.700036,30.738533,30.669106,0.013751,60,30.541466,30.586327,30.516899,0.013300,60,29.700000,29.700000,29.700000,0.000000,60,29.832012,29.854599,29.813278,0.009696,60,29.894208,29.922592,29.872116,0.009323,60,29.826045,29.848984,29.808548,0.009398,60,998.778333,998.800000,998.700000,0.041545,60,998.778333,998.800000,998.700000,0.041545,60,23.296667,23.400000,23.100000,0.075838,60,4.837171,4.998430,4.655430,0.092428,60,23.637521,24.292799,22.984541,0.399325,60,24.938082,25.608932,24.272913,0.395499,60,0.272324,0.279650,0.265060,0.004319,60,0.051129,0.052833,0.049208,0.000977,60,0.252685,0.259690,0.245705,0.004269,60,1.218542,1.425897,0.958862,0.106240,60,-178.894441,-178.711807,-179.034882,0.071852,60,-0.209915,-0.106841,-0.320489,0.045042,60,7.275037,7.394418,7.103353,0.055486,60,179.340721,179.557037,178.976486,0.118383,60,0.063347,0.475498,-0.235097,0.162621,60,0.000000,50.516667,69.000000,37.000000,7.801546,60,1539.350000,1685.000000,1358.000000,74.715920,60,5.051667,6.900000,3.700000,0.780155,60,153.950003,7.401767,60,60,60,60,60,60,60,60,60,60,60,60,60,60,60,60,60,60,60,60,60,60,60,60,60,60,60,60,60,60,13.0032,13.05,12.95,24.14,26,23,35.74,6873554
2026-10-03 17:17:00,23.562982,23.616388,23.479057,0.028648,60,14.975179,15.025558,14.927901,0.021714,60,19.545840,19.610895,19.493401,0.029333,60,69.003333,69.700000,68.600000,0.340969,60,30.554239,30.599678,30.514229,0.015859,60,30.674179,30.709160,30.639732,0.014706,60,30.520727,30.556953,30.484856,0.016941,60,29.700000,29.700000,29.700000,0.000000,60,29.808492,29.823959,29.787643,0.009140,60,29.871524,29.891281,29.841599,0.012211,60,29.802494,29.823196,29.782974,0.009501,60,998.763333,998.800000,998.700000,0.048596,60,998.763333,998.800000,998.700000,0.048596,60,23.368333,23.600000,23.300000,0.096536,60,4.559706,4.687215,4.370282,0.084168,60,22.290170,22.944733,21.522251,0.416045,60,23.581326,24.244587,22.846827,0.419297,60,0.257508,0.264751,0.249487,0.004579,60,0.048196,0.049544,0.046194,0.000890,60,0.238282,0.245279,0.230073,0.004448,60,1.203002,1.811915,0.756792,0.207333,60,-178.895852,-178.749542,-179.033279,0.067571,60,-0.186939,-0.079527,-0.292811,0.043142,60,7.280925,7.446246,7.136018,0.066280,60,179.320459,179.623169,178.863068,0.149472,60,0.068554,0.474078,-0.301011,0.142243,60,0.000000,57.050000,78.000000,38.000000,9.276223,60,1505.833333,1604.000000,1346.000000,57.236698,60,5.705000,7.800000,3.800000,0.927622,60,150.586499,5.673329,60,60,60,60,60,60,60,60,60,60,60,60,60,60,60,60,60,60,60,60,60,60,60,60,60,60,60,60,60,60,12.9992,13.05,12.94,24.05,26,23,35.53,6873588
2026-10-03 17:18:00,23.558175,23.613337,23.506523,0.026690,60,14.968058,15.042344,14.911117,0.027798,60,19.539940,19.607843,19.475090,0.031740,60,68.750000,69.400000,68.400000,0.280133,60,30.528737,30.556953,30.498207,0.013734,60,30.650458,30.682457,30.610359,0.016190,60,30.491887,30.530251,30.458153,0.015430,60,29.700000,29.700000,29.700000,0.000000,60,29.784168,29.801132,29.766891,0.008097,60,29.844162,29.862411,29.822952,0.009996,60,29.779453,29.802017,29.760056,0.009336,60,998.791667,998.800000,998.700000,0.027872,60,998.791667,998.800000,998.700000,0.027872,60,23.328333,23.400000,23.300000,0.045442,60,4.248327,4.424019,4.074616,0.085977,60,20.856074,21.514111,20.251766,0.372461,60,22.116629,22.823811,21.508598,0.383145,60,0.241514,0.249236,0.234874,0.004184,60,0.044905,0.046762,0.043069,0.000909,60,0.222951,0.229986,0.216491,0.003982,60,1.222962,1.635981,0.925702,0.127824,60,-178.901541,-178.793488,-179.002731,0.053082,60,-0.194423,-0.119178,-0.292490,0.036241,60,7.271071,7.472836,7.129567,0.073171,60,179.338101,179.649307,179.088135,0.113797,60,0.061055,0.420389,-0.235817,0.130409,60,0.000000,53.816667,59.000000,42.000000,3.275444,60,1550.333333,1661.000000,1414.000000,55.592545,60,5.381667,5.900000,4.200000,0.327544,60,155.037193,5.509760,60,60,60,60,60,60,60,60,60,60,60,60,60,60,60,60,60,60,60,60,60,60,60,60,60,60,60,60,60,60,12.9951,13.05,12.95,24.15,27,22,35.39,6873622
2026-10-03 17:19:00,23.550520,23.611811,23.489738,0.025166,60,14.968795,15.025558,14.909591,0.028007,60,19.526741,19.592585,19.459831,0.031424,60,68.961667,69.700000,68.700000,0.206744,60,30.504082,30.527580,30.468834,0.014723,60,30.625580,30.669106,30.597008,0.016249,60,30.467098,30.498207,30.428780,0.013034,60,29.695000,29.700000,29.600000,0.021978,60,29.766687,29.784103,29.747879,0.008881,60,29.822163,29.845444,29.797806,0.010479,60,29.755265,29.777298,29.737259,0.008937,60,998.800000,998.900000,998.700000,0.045099,60,998.800000,998.900000,998.700000,0.045099,60,23.370000,23.600000,23.300000,0.056148,60,4.023391,4.140929,3.868816,0.065383,60,19.754297,20.261944,19.268990,0.288430,60,21.010069,21.490231,20.556103,0.289245,60,0.229430,0.234673,0.224473,0.003159,60,0.042527,0.043770,0.040893,0.000691,60,0.211173,0.216600,0.205985,0.003083,60,1.230234,1.508600,1.021975,0.117761,60,-178.906512,-178.785416,-179.034882,0.052517,60,-0.194114,-0.107789,-0.294534,0.038934,60,7.273333,7.384262,7.119130,0.059623,60,179.331049,179.621841,179.016449,0.121825,60,0.057030,0.252228,-0.208957,0.110465,60,0.000000,49.150000,60.000000,39.000000,4.707819,60,1521.400000,1626.000000,1417.000000,43.240439,60,4.915000,6.000000,3.900000,0.470782,60,152.141365,4.286584,60,60,60,60,60,60,60,60,60,60,60,60,60,60,60,60,60,60,60,60,60,60,60,60,60,60,60,60,60,60,12.9945,13.04,12.95,24.16,26,23,35.23,6873656
2026-10-03 17:20:00,23.542458,23.595026,23.501945,0.023871,60,14.955800,15.024033,14.906539,0.023519,60,19.522698,19.574274,19.473564,0.028389,60,69.108333,69.400000,68.800000,0.199399,60,30.478803,30.514229,30.455482,0.013817,60,30.598254,30.626381,30.570305,0.013123,60,30.444757,30.471504,30.399406,0.014720,60,29.618333,29.700000,29.600000,0.039020,60,29.746128,29.771927,29.725571,0.010465,60,29.801767,29.825729,29.769821,0.010532,60,29.736660,29.753952,29.719254,0.008907,60,998.803333,998.900000,998.700000,0.031712,60,998.803333,998.900000,998.700000,0.031712,60,23.395000,23.400000,23.300000,0.021978,60,3.858042,3.952965,3.722240,0.054162,60,18.804701,19.282106,18.269926,0.298789,60,20.060071,20.537737,19.505571,0.298836,60,0.219056,0.224272,0.213001,0.003263,60,0.040779,0.041783,0.039344,0.000572,60,0.201022,0.206126,0.195305,0.003194,60,1.204640,1.465667,0.916998,0.123853,60,-178.893260,-178.753983,-178.995010,0.058549,60,-0.195332,-0.039642,-0.293886,0.051518,60,7.270968,7.364219,7.139232,0.045177,60,179.339697,179.556946,179.122040,0.120508,60,0.073007,0.294463,-0.169340,0.105073,60,0.000000,49.450000,59.000000,36.000000,5.238142,60,1483.350000,1572.000000,1370.000000,45.771290,60,4.945000,5.900000,3.600000,0.523814,60,148.337353,4.536673,60,60,60,60,60,60,60,60,60,60,60,60,60,60,60,60,60,60,60,60,60,60,60,60,60,60,60,60,60,60,12.9924,13.04,12.94,24.19,26,22,35.11,6873689
2026-10-03 17:21:00,23.543018,23.608759,23.489738,0.023780,60,14.958928,15.005722,14.906539,0.022420,60,19.529259,19.589533,19.456779,0.025934,60,69.480000,69.700000,69.000000,0.178316,60,30.461090,30.498207,30.439461,0.013693,60,30.578850,30.597008,30.540932,0.014723,60,30.426643,30.458153,30.399406,0.011486,60,29.600000,29.600000,29.600000,0.000002,60,29.725583,29.757431,29.701431,0.011034,60,29.776837,29.796280,29.758347,0.008318,60,29.712626,29.733658,29.694290,0.009127,60,998.878333,998.900000,998.800000,0.041545,60,998.878333,998.900000,998.800000,0.041545,60,23.483333,23.600000,23.400000,0.099433,60,3.619969,3.781236,3.414912,0.095054,60,17.586529,18.228762,16.864183,0.406642,60,18.805336,19.479675,18.074612,0.422476,60,0.205354,0.212718,0.197375,0.004613,60,0.038263,0.039968,0.036096,0.001005,60,0.188000,0.194865,0.180278,0.004347,60,1.208176,1.638893,0.933260,0.122808,60,-178.885186,-178.753387,-179.010925,0.053808,60,-0.209964,-0.120234,-0.334025,0.047472,60,7.270679,7.427505,7.116353,0.064394,60,179.321961,179.541138,179.109161,0.082490,60,0.059042,0.252980,-0.235097,0.092972,60,0.000000,42.783333,55.000000,29.000000,5.272544,60,1481.333333,1661.000000,1305.000000,92.299929,60,4.278333,5.500000,2.900000,0.527254,60,148.133411,9.148346,60,60,60,60,60,60,60,60,60,60,60,60,60,60,60,60,60,60,60,60,60,60,60,60,60,60,60,60,60,60,12.9905,13.06,12.93,24.10,26,22,35.05,6873723
2026-10-03 17:22:00,23.529411,23.576715,23.469902,0.022494,60,14.958445,15.039292,14.906539,0.023481,60,19.522774,19.588007,19.470512,0.029106,60,69.916667,70.200000,69.400000,0.194994,60,30.437102,30.468834,30.412758,0.013599,60,30.556864,30.597008,30.527580,0.015632,60,30.404970,30.428780,30.372704,0.012314,60,29.600000,29.600000,29.600000,0.000002,60,29.705603,29.722214,29.686966,0.008544,60,29.757626,29.779404,29.734085,0.008574,60,29.693500,29.714249,29.675644,0.008529,60,998.900000,998.900000,998.900000,0.000000,60,998.900000,998.900000,998.900000,0.000000,60,23.590000,23.600000,23.400000,0.043957,60,3.286390,3.472765,3.062307,0.096164,60,16.125648,16.852194,15.434011,0.424242,60,17.273078,18.021944,16.559341,0.443484,60,0.188622,0.196800,0.180828,0.004843,60,0.034737,0.036707,0.032369,0.001016,60,0.172383,0.180150,0.164990,0.004535,60,1.212844,1.561342,1.028747,0.098271,60,-178.895543,-178.791763,-179.006012,0.054408,60,-0.206293,-0.120101,-0.266979,0.039136,60,7.269580,7.394418,7.089598,0.066269,60,179.336525,179.487289,179.163971,0.074108,60,0.057149,0.332093,-0.195363,0.090737,60,0.000000,40.283333,49.000000,30.000000,5.278969,60,1465.933333,1633.000000,1342.000000,66.127731,60,4.028333,4.900000,3.000000,0.527897,60,146.583597,6.553002,60,60,60,60,60,60,60,60,60,60,60,60,60,60,60,60,60,60,60,60,60,60,60,60,60,60,60,60,60,60,12.9881,13.05,12.94,24.12,26,22,35.02,6873757
2026-10-03 17:23:00,23.525419,23.576715,23.469902,0.027286,60,14.953384,15.037766,14.905012,0.031585,60,19.518501,19.584955,19.438469,0.027239,60,70.006667,70.600000,69.500000,0.297371,60,30.418187,30.439461,30.383385,0.013862,60,30.537149,30.554283,30.514229,0.012066,60,30.384898,30.415428,30.343330,0.015643,60,29.600000,29.600000,29.600000,0.000002,60,29.688312,29.700912,29.671341,0.007204,60,29.737494,29.752823,29.717697,0.007904,60,29.675732,29.701218,29.656967,0.010070,60,998.966667,999.000000,998.900000,0.047538,60,998.966667,999.000000,998.900000,0.047538,60,23.606667,23.800000,23.400000,0.089947,60,2.924722,3.127020,2.699413,0.120780,60,14.722377,15.415462,14.048622,0.406422,60,15.775358,16.511539,15.096297,0.428218,60,0.172267,0.180306,0.164852,0.004676,60,0.030914,0.033053,0.028533,0.001277,60,0.157382,0.164791,0.150180,0.004345,60,1.212510,1.387810,1.065632,0.072104,60,-178.896040,-178.817520,-179.033737,0.050562,60,-0.216455,-0.119705,-0.332854,0.046801,60,7.269373,7.400523,7.109869,0.069388,60,179.343884,179.487061,179.189438,0.063916,60,0.053598,0.224738,-0.156758,0.068886,60,0.000000,33.250000,46.000000,26.000000,4.478290,60,1569.483333,1665.000000,1482.000000,42.341025,60,3.325000,4.600000,2.600000,0.447829,60,156.947885,4.197203,60,60,60,60,60,60,60,60,60,60,60,60,60,60,60,60,60,60,60,60,60,60,60,60,60,60,60,60,60,60,12.9859,13.04,12.92,24.13,26,23,35.00,6873791
2026-10-03 17:24:00,23.524961,23.575190,23.466850,0.025166,60,14.948730,15.005722,14.872969,0.027177,60,19.510541,19.588007,19.452202,0.027538,60,70.270000,70.700000,69.900000,0.253317,60,30.402210,30.439461,30.356682,0.015276,60,30.515119,30.540932,30.482185,0.014221,60,30.365716,30.386055,30.329979,0.013266,60,29.600000,29.600000,29.600000,0.000002,60,29.678269,29.697372,29.662674,0.007760,60,29.725162,29.744980,29.714096,0.006742,60,29.665133,29.681656,29.649612,0.008038,60,998.993333,999.000000,998.900000,0.025155,60,998.993333,999.000000,998.900000,0.025155,60,23.696667,23.800000,23.600000,0.100788,60,2.596444,2.763211,2.448108,0.079337,60,13.414476,14.061741,12.790125,0.362948,60,14.403937,15.049822,13.739036,0.384612,60,0.157291,0.164344,0.150030,0.004200,60,0.027444,0.029207,0.025877,0.000839,60,0.143401,0.150320,0.136726,0.003880,60,1.222760,1.397802,0.958218,0.092636,60,-178.915488,-178.819473,-179.010468,0.047727,60,-0.196079,-0.106463,-0.292704,0.035225,60,7.275357,7.427505,7.160954,0.062774,60,179.346221,179.541336,179.189072,0.068311,60,0.053745,0.224738,-0.103580,0.068387,60,0.000000,32.016667,40.000000,24.000000,3.524691,60,1573.766667,1932.000000,1435.000000,107.854636,60,3.201667,4.000000,2.400000,0.352469,60,157.297251,10.652427,60,60,60,60,60,60,60,60,60,60,60,60,60,60,60,60,60,60,60,60,60,60,60,60,60,60,60,60,60,60,12.9828,13.04,12.93,24.24,27,22,35.00,6873825
2026-10-03 17:25:00,23.523893,23.576715,23.466850,0.028361,60,14.944940,14.987411,14.888227,0.021890,60,19.510847,19.584955,19.452202,0.028040,60,70.646667,71.500000,69.900000,0.371651,60,30.383696,30.412758,30.356682,0.012802,60,30.500744,30.527580,30.468834,0.016457,60,30.348849,30.372704,30.316628,0.013090,60,29.600000,29.600000,29.600000,0.000002,60,29.670317,29.688095,29.654282,0.006892,60,29.718019,29.731857,29.697739,0.007588,60,29.657172,29.671036,29.644730,0.006582,60,999.000000,999.000000,999.000000,0.000000,60,999.000000,999.000000,999.000000,0.000000,60,23.798333,23.900000,23.600000,0.099986,60,2.297805,2.473719,2.139865,0.080286,60,12.197235,12.777459,11.674577,0.315300,60,13.080779,13.710708,12.539564,0.334445,60,0.142842,0.149721,0.136932,0.003652,60,0.024288,0.026147,0.022618,0.000849,60,0.130388,0.136591,0.124801,0.003371,60,1.225424,1.487072,1.038096,0.098900,60,-178.891514,-178.780487,-179.007889,0.049491,60,-0.196012,-0.080716,-0.331921,0.047599,60,7.275716,7.511331,7.147862,0.069525,60,179.353325,179.513763,179.216660,0.070656,60,0.063598,0.251778,-0.090761,0.068643,60,0.000000,33.516667,45.000000,25.000000,4.014768,60,1609.500000,1756.000000,1483.000000,64.439829,60,3.351667,4.500000,2.500000,0.401477,60,160.948177,6.385095,60,60,60,60,60,60,60,60,60,60,60,60,60,60,60,60,60,60,60,60,60,60,60,60,60,60,60,60,60,60,12.9794,13.03,12.93,24.15,26,23,35.00,6873860
2026-10-03 17:26:00,23.514254,23.588923,23.437859,0.028560,60,14.941507,15.002670,14.869917,0.028825,60,19.505582,19.584955,19.436941,0.029252,60,70.466667,70.900000,69.900000,0.314436,60,30.377154,30.412758,30.356682,0.011857,60,30.487392,30.514229,30.455482,0.013058,60,30.336032,30.359352,30.316628,0.012620,60,29.600000,29.600000,29.600000,0.000002,60,29.662409,29.678085,29.649002,0.006732,60,29.710319,29.725235,29.698593,0.006725,60,29.649442,29.663712,29.635513,0.006847,60,999.000000,999.000000,999.000000,0.000000,60,999.000000,999.000000,999.000000,0.000000,60,23.745000,23.900000,23.600000,0.092837,60,2.130147,2.221728,2.013641,0.043577,60,11.259556,11.677969,10.847416,0.237399,60,12.094026,12.517876,11.678689,0.251927,60,0.132067,0.136695,0.127531,0.002751,60,0.022516,0.023484,0.021284,0.000461,60,0.120365,0.124837,0.115959,0.002538,60,1.213565,1.396519,0.999496,0.077609,60,-178.889675,-178.748627,-179.033737,0.061095,60,-0.206063,-0.120101,-0.292490,0.036528,60,7.276397,7.372108,7.158974,0.051904,60,179.335764,179.514877,179.190567,0.060733,60,0.057792,0.160165,-0.063266,0.061148,60,0.000000,29.816667,37.000000,23.000000,3.698335,60,1440.033333,1536.000000,1315.000000,50.560575,60,2.981667,3.700000,2.300000,0.369834,60,144.005100,5.011420,60,60,60,60,60,60,60,60,60,60,60,60,60,60,60,60,60,60,60,60,60,60,60,60,60,60,60,60,60,60,12.9762,13.03,12.93,24.13,26,22,34.99,6873894
2026-10-03 17:27:00,23.511406,23.575190,23.453117,0.026964,60,14.935022,15.002670,14.869917,0.028340,60,19.491926,19.566645,19.433889,0.026029,60,70.210000,70.600000,69.900000,0.191072,60,30.369900,30.399406,30.340660,0.013655,60,30.473284,30.495537,30.455482,0.011442,60,30.326241,30.359352,30.303276,0.012671,60,29.590000,29.600000,29.500000,0.030253,60,29.648574,29.667099,29.628403,0.007363,60,29.694720,29.714005,29.667496,0.010128,60,29.636411,29.650192,29.620407,0.006707,60,999.000000,999.000000,999.000000,0.000000,60,999.000000,999.000000,999.000000,0.000000,60,23.676667,23.800000,23.400000,0.122636,60,2.029731,2.122944,1.896792,0.057803,60,10.438132,10.897855,9.978863,0.257301,60,11.202640,11.654123,10.728849,0.272453,60,0.122333,0.127263,0.117159,0.002975,60,0.021454,0.022440,0.020049,0.000611,60,0.111584,0.116498,0.106674,0.002751,60,1.227296,1.397802,1.038779,0.090910,60,-178.901875,-178.684067,-179.035782,0.069271,60,-0.197529,-0.053545,-0.320147,0.049211,60,7.287256,7.445904,7.151819,0.064990,60,179.336471,179.475327,179.119370,0.066521,60,0.059562,0.226320,-0.103053,0.060315,60,0.000000,31.633333,41.000000,24.000000,3.404716,60,1457.650000,1574.000000,1382.000000,36.802646,60,3.163333,4.100000,2.400000,0.340472,60,145.764130,3.648267,60,60,60,60,60,60,60,60,60,60,60,60,60,60,60,60,60,60,60,60,60,60,60,60,60,60,60,60,60,60,12.9767,13.04,12.93,24.18,26,23,34.98,6873928
2026-10-03 17:28:00,23.501767,23.556877,23.434805,0.028276,60,14.936472,15.019455,14.869917,0.027889,60,19.490196,19.566645,19.418631,0.029698,60,70.863333,71.200000,70.300000,0.226967,60,30.350629,30.370033,30.313957,0.013677,60,30.457485,30.482185,30.439461,0.010436,60,30.311465,30.343330,30.273903,0.014171,60,29.511667,29.600000,29.500000,0.032373,60,29.632634,29.648758,29.616470,0.007138,60,29.676072,29.694595,29.655869,0.009184,60,29.617403,29.641617,29.600143,0.009709,60,999.011667,999.100000,999.000000,0.032373,60,999.011667,999.100000,999.000000,0.032373,60,23.720000,23.900000,23.600000,0.108612,60,1.895634,1.954416,1.777428,0.039898,60,9.635606,10.017540,9.239235,0.214237,60,10.327288,10.753635,9.935694,0.230056,60,0.112774,0.117430,0.108498,0.002512,60,0.020037,0.020658,0.018787,0.000422,60,0.103005,0.107087,0.098767,0.002290,60,1.217295,1.492469,0.999496,0.117733,60,-178.894595,-178.735031,-179.011627,0.058686,60,-0.203613,-0.080603,-0.319578,0.051839,60,7.284393,7.456451,7.090246,0.073376,60,179.340447,179.487640,179.228577,0.058323,60,0.060390,0.227042,-0.103907,0.070683,60,0.000000,34.616667,43.000000,27.000000,3.957793,60,1406.383333,1565.000000,1266.000000,62.723794,60,3.461667,4.300000,2.700000,0.395779,60,140.640790,6.214351,60,60,60,60,60,60,60,60,60,60,60,60,60,60,60,60,60,60,60,60,60,60,60,60,60,60,60,60,60,60,12.9734,13.04,12.93,24.11,26,23,34.98,6873962
2026-10-03 17:29:00,23.497317,23.556877,23.433279,0.029561,60,14.923705,14.984360,14.868391,0.029329,60,19.481982,19.533073,19.418631,0.024085,60,70.631667,71.100000,69.900000,0.245289,60,30.337189,30.370033,30.300606,0.014081,60,30.443422,30.495537,30.412758,0.015221,60,30.297268,30.329979,30.273903,0.013152,60,29.500000,29.500000,29.500000,0.000000,60,29.609874,29.627213,29.591904,0.007414,60,29.653649,29.672684,29.631699,0.009697,60,29.597962,29.620834,29.576859,0.009309,60,998.998333,999.000000,998.900000,0.012910,60,998.998333,999.000000,998.900000,0.012910,60,23.640000,23.800000,23.400000,0.096023,60,1.786525,1.864550,1.666525,0.041349,60,8.966598,9.276555,8.694807,0.179754,60,9.596972,9.923079,9.290148,0.191247,60,0.104799,0.108360,0.101448,0.002088,60,0.018884,0.019708,0.017615,0.000437,60,0.095853,0.099166,0.092947,0.001922,60,1.208789,1.454917,0.970019,0.125159,60,-178.877188,-178.690598,-179.062744,0.070959,60,-0.209516,-0.146261,-0.319919,0.039493,60,7.265642,7.393256,7.119131,0.066403,60,179.337229,179.515305,179.164551,0.089401,60,0.080566,0.264632,-0.063794,0.075953,60,0.000000,40.750000,50.000000,34.000000,3.860381,60,1480.450000,1666.000000,1331.000000,76.456130,60,4.075000,5.000000,3.400000,0.386038,60,148.035268,7.576886,60,60,60,60,60,60,60,60,60,60,60,60,60,60,60,60,60,60,60,60,60,60,60,60,60,60,60,60,60,60,12.9740,13.04,12.93,24.10,26,22,34.94,6873995
2026-10-03 17:30:00,23.493858,23.570612,23.448540,0.026586,60,14.919407,14.969101,14.868391,0.029154,60,19.475115,19.533073,19.415579,0.025743,60,69.880000,70.500000,69.600000,0.226094,60,30.315114,30.340660,30.284584,0.013566,60,30.420502,30.455482,30.399406,0.015428,60,30.278843,30.303276,30.260551,0.012021,60,29.495000,29.500000,29.400000,0.021978,60,29.589508,29.608292,29.570816,0.008747,60,29.629965,29.650772,29.607651,0.010107,60,29.571746,29.591354,29.541672,0.008903,60,999.001667,999.100000,998.900000,0.043146,60,999.001667,999.100000,998.900000,0.043146,60,23.410000,23.600000,23.400000,0.043957,60,1.709175,1.776056,1.597696,0.042781,60,8.381817,8.701591,8.057188,0.173925,60,8.954071,9.293024,8.618710,0.195893,60,0.097778,0.101480,0.094116,0.002139,60,0.018066,0.018773,0.016888,0.000452,60,0.089602,0.093020,0.086131,0.001859,60,1.242547,1.399086,0.970669,0.092929,60,-178.884046,-178.777588,-178.968323,0.047560,60,-0.215311,-0.105649,-0.333205,0.043018,60,7.290635,7.445450,7.115180,0.072237,60,179.342329,179.554672,179.147491,0.097664,60,0.065994,0.291738,-0.169390,0.089045,60,0.000000,42.833333,53.000000,32.000000,5.648359,60,1429.100000,1516.000000,1265.000000,43.377609,60,4.283333,5.300000,3.200000,0.564836,60,142.915343,4.296126,60,60,60,60,60,60,60,60,60,60,60,60,60,60,60,60,60,60,60,60,60,60,60,60,60,60,60,60,60,60,12.9698,13.04,12.90,24.05,26,23,34.90,6874029
2026-10-03 17:31:00,23.484678,23.538567,23.430227,0.026715,60,14.924213,14.982834,14.868391,0.025291,60,19.472725,19.533073,19.397268,0.029267,60,70.631667,71.100000,70.200000,0.270274,60,30.297223,30.327309,30.271233,0.013006,60,30.403501,30.426109,30.370033,0.013629,60,30.254629,30.273903,30.231171,0.013233,60,29.441667,29.500000,29.400000,0.049717,60,29.568796,29.586380,29.553452,0.007375,60,29.607642,29.628830,29.584457,0.010359,60,29.551900,29.567520,29.528702,0.009780,60,999.033333,999.100000,999.000000,0.047538,60,999.033333,999.100000,999.000000,0.047538,60,23.643333,23.800000,23.400000,0.104746,60,1.577024,1.661036,1.453636,0.043823,60,7.724066,8.072795,7.335882,0.210208,60,8.229954,8.623357,7.861184,0.223527,60,0.089871,0.094167,0.085844,0.002441,60,0.016669,0.017557,0.015365,0.000463,60,0.082570,0.086298,0.078421,0.002247,60,1.245971,1.495179,0.929785,0.113718,60,-178.904558,-178.790329,-179.060989,0.054556,60,-0.202816,-0.106652,-0.331688,0.041436,60,7.285437,7.435674,7.115768,0.067644,60,179.332933,179.581604,179.161621,0.078246,60,0.058199,0.317580,-0.130141,0.087482,60,0.000000,40.083333,50.000000,30.000000,5.561038,60,1518.316667,1635.000000,1391.000000,59.806890,60,4.008333,5.000000,3.000000,0.556104,60,151.836139,5.927995,60,60,60,60,60,60,60,60,60,60,60,60,60,60,60,60,60,60,60,60,60,60,60,60,60,60,60,60,60,60,12.9715,13.03,12.93,24.22,26,22,34.79,6874063
2026-10-03 17:32:00,23.481066,23.552299,23.419546,0.028205,60,14.914677,14.966048,14.865339,0.023630,60,19.473157,19.546806,19.414053,0.031915,60,70.658333,71.000000,70.400000,0.170037,60,30.278264,30.300606,30.244522,0.015081,60,30.384186,30.412758,30.356682,0.012547,60,30.235577,30.260551,30.204468,0.013580,60,29.400000,29.400000,29.400000,0.000000,60,29.547902,29.567032,29.531418,0.008455,60,29.586082,29.607468,29.561325,0.010047,60,29.531289,29.548691,29.513962,0.008677,60,999.021667,999.100000,999.000000,0.041545,60,999.021667,999.100000,999.000000,0.041545,60,23.643333,23.800000,23.600000,0.083090,60,1.469086,1.536413,1.344790,0.039823,60,7.004478,7.412785,6.589468,0.220700,60,7.446016,7.850118,7.037930,0.243138,60,0.081310,0.085723,0.076854,0.002655,60,0.015528,0.016240,0.014214,0.000421,60,0.074878,0.079243,0.070441,0.002359,60,1.225728,1.490667,0.976218,0.126130,60,-178.881489,-178.749542,-178.993118,0.052268,60,-0.218891,-0.106841,-0.334378,0.047279,60,7.282068,7.476391,7.090246,0.074309,60,179.326567,179.514984,179.002258,0.103480,60,0.044160,0.292537,-0.156068,0.102807,60,0.000000,46.516667,54.000000,34.000000,4.959127,60,1445.316667,1545.000000,1336.000000,48.644853,60,4.651667,5.400000,3.400000,0.495913,60,144.533230,4.821764,60,60,60,60,60,60,60,60,60,60,60,60,60,60,60,60,60,60,60,60,60,60,60,60,60,60,60,60,60,60,12.9659,13.03,12.90,24.15,26,23,34.70,6874097
2026-10-03 17:33:00,23.479134,23.538567,23.398184,0.026048,60,14.917652,14.966048,14.865339,0.026828,60,19.474302,19.528496,19.411001,0.022147,60,71.140000,71.400000,70.700000,0.196753,60,30.259971,30.284584,30.228500,0.014021,60,30.361043,30.399406,30.327309,0.014642,60,30.219333,30.260551,30.191116,0.014438,60,29.400000,29.400000,29.400000,0.000000,60,29.531274,29.544571,29.511337,0.008327,60,29.562682,29.577042,29.543808,0.008551,60,29.511018,29.529251,29.487320,0.007675,60,999.093333,999.100000,999.000000,0.025155,60,999.093333,999.100000,999.000000,0.025155,60,23.790000,23.800000,23.600000,0.043957,60,1.325555,1.438315,1.176034,0.065819,60,6.216070,6.626111,5.784926,0.236049,60,6.598604,7.007611,6.181703,0.251633,60,0.072057,0.076523,0.067504,0.002748,60,0.014011,0.015203,0.012431,0.000696,60,0.066450,0.070833,0.061841,0.002523,60,1.233363,1.531750,0.784491,0.153844,60,-178.901605,-178.747742,-179.010925,0.061857,60,-0.209619,-0.119771,-0.319578,0.048164,60,7.288605,7.458496,7.137473,0.056080,60,179.339476,179.541443,179.126343,0.096409,60,0.043758,0.292217,-0.129725,0.093330,60,0.000000,45.850000,58.000000,32.000000,6.961943,60,1516.366667,1691.000000,1336.000000,74.092239,60,4.585000,5.800000,3.200000,0.696194,60,151.642777,7.340330,60,60,60,60,60,60,60,60,60,60,60,60,60,60,60,60,60,60,60,60,60,60,60,60,60,60,60,60,60,60,12.9687,13.02,12.92,24.13,26,23,34.52,6874131
2026-10-03 17:34:00,23.471962,23.535515,23.414968,0.026106,60,14.913558,14.979782,14.831769,0.029452,60,19.468681,19.528496,19.411001,0.026629,60,71.549153,72.100000,70.900000,0.287302,59,30.240207,30.257881,30.215149,0.013332,60,30.339503,30.370033,30.300606,0.013699,60,30.199795,30.231171,30.175095,0.013559,60,29.400000,29.400000,29.400000,0.000000,59,29.515975,29.533615,29.500198,0.007185,60,29.545997,29.566879,29.529190,0.008636,60,29.496011,29.518814,29.476913,0.009168,60,999.171186,999.200000,999.100000,0.045678,59,999.171186,999.200000,999.100000,0.045678,59,23.835593,23.900000,23.800000,0.048290,59,1.135846,1.219252,1.022827,0.049765,60,5.440653,5.820211,5.078774,0.204554,60,5.781816,6.165326,5.402046,0.215419,60,0.063137,0.067325,0.058990,0.002352,60,0.012006,0.012887,0.010811,0.000526,60,0.058161,0.062218,0.054292,0.002187,60,1.224130,1.459906,1.065632,0.093734,60,-178.899088,-178.709671,-179.006012,0.056909,60,-0.196793,-0.119771,-0.292383,0.039781,60,7.282045,7.443855,7.131541,0.074779,60,179.317377,179.543076,179.053787,0.089139,60,0.056646,0.226320,-0.130022,0.077331,60,0.000000,32.966667,39.000000,24.000000,4.025203,60,1500.700000,1627.000000,1360.000000,65.282255,60,3.296667,3.900000,2.400000,0.402520,60,150.072211,6.471066,60,60,60,60,60,60,60,60,60,60,60,60,60,60,60,60,60,60,60,60,60,60,59,59,59,59,59,59,60,60,12.9672,13.04,12.92,24.21,26,22,34.40,6874164
2026-10-03 17:35:00,23.468885,23.506523,23.382925,0.026254,60,14.912566,14.978256,14.863813,0.024108,60,19.468885,19.510185,19.377432,0.027416,60,71.663333,72.000000,71.400000,0.136502,60,30.229747,30.257881,30.201797,0.014015,60,30.320811,30.356682,30.284584,0.013699,60,30.181281,30.217819,30.148392,0.015261,60,29.400000,29.400000,29.400000,0.000000,60,29.504382,29.517960,29.489822,0.006553,60,29.530854,29.548080,29.514908,0.006344,60,29.483323,29.497482,29.462997,0.007828,60,999.200000,999.200000,999.200000,0.000052,60,999.200000,999.200000,999.200000,0.000052,60,23.853333,23.900000,23.800000,0.050310,60,0.999149,1.082738,0.886542,0.042135,60,4.793520,5.107726,4.525072,0.161715,60,5.097144,5.416431,4.806073,0.166506,60,0.055661,0.059147,0.052482,0.001818,60,0.010561,0.011445,0.009371,0.000445,60,0.051243,0.054602,0.048373,0.001729,60,1.235681,1.456246,0.956286,0.083885,60,-178.904669,-178.785706,-179.036240,0.050507,60,-0.207309,-0.080432,-0.293241,0.045354,60,7.276334,7.429545,7.137473,0.064467,60,179.338024,179.515839,179.108536,0.076161,60,0.053733,0.318077,-0.274737,0.096532,60,0.000000,36.650000,52.000000,25.000000,6.524595,60,1570.416667,1898.000000,1384.000000,108.793739,60,3.665000,5.200000,2.500000,0.652459,60,156.963427,10.743475,60,60,60,60,60,60,60,60,60,60,60,60,60,60,60,60,60,60,60,60,60,60,60,60,60,60,60,60,60,60,12.9653,13.03,12.93,24.03,26,22,34.24,6874198
2026-10-03 17:36:00,23.462908,23.533989,23.411917,0.024238,60,14.909845,14.964522,14.847029,0.029472,60,19.450574,19.525444,19.392691,0.028707,60,71.186667,71.800000,70.700000,0.383325,60,30.213636,30.244522,30.185776,0.012136,60,30.304077,30.327309,30.271233,0.014167,60,30.163657,30.191116,30.135040,0.014045,60,29.400000,29.400000,29.400000,0.000000,60,29.494200,29.507217,29.476578,0.006736,60,29.520783,29.542526,29.501205,0.008676,60,29.473166,29.492691,29.459671,0.007680,60,999.196667,999.300000,999.100000,0.025820,60,999.196667,999.300000,999.100000,0.025820,60,23.660000,23.900000,23.400000,0.182450,60,0.938312,1.003162,0.817713,0.037042,60,4.383321,4.572571,4.174710,0.109027,60,4.651724,4.830195,4.430077,0.113396,60,0.050797,0.052746,0.048376,0.001238,60,0.009918,0.010603,0.008643,0.000392,60,0.046858,0.048881,0.044628,0.001165,60,1.220494,1.601101,0.824517,0.167768,60,-178.888562,-178.775864,-179.000671,0.051622,60,-0.219989,-0.118719,-0.332504,0.055706,60,7.277034,7.435674,7.115768,0.071665,60,179.338514,179.583466,179.082138,0.115523,60,0.073241,0.420958,-0.169089,0.132495,60,0.000000,46.150000,54.000000,36.000000,4.083140,60,1654.533333,1821.000000,1493.000000,84.163776,60,4.615000,5.400000,3.600000,0.408314,60,165.446669,8.342154,60,60,60,60,60,60,60,60,60,60,60,60,60,60,60,60,60,60,60,60,60,60,60,60,60,60,60,60,60,60,12.9595,13.03,12.92,24.09,26,22,34.13,6874232
2026-10-03 17:37:00,23.456474,23.503471,23.379873,0.026828,60,14.912769,14.961471,14.863813,0.025296,60,19.448361,19.525444,19.392691,0.026478,60,70.740000,71.000000,70.400000,0.181519,60,30.198104,30.215149,30.172424,0.012622,60,30.293218,30.313957,30.271233,0.013584,60,30.150617,30.175095,30.135040,0.010762,60,29.400000,29.400000,29.400000,0.000000,60,29.486135,29.499924,29.463730,0.007099,60,29.508026,29.534775,29.492966,0.007974,60,29.461705,29.476303,29.443710,0.006738,60,999.223333,999.300000,999.200000,0.042652,60,999.223333,999.300000,999.200000,0.042652,60,23.490000,23.800000,23.400000,0.124465,60,0.860077,0.912838,0.742710,0.033384,60,4.082622,4.217459,3.934275,0.074415,60,4.328136,4.480312,4.184428,0.075405,60,0.047263,0.048925,0.045694,0.000823,60,0.009091,0.009649,0.007850,0.000353,60,0.043643,0.045085,0.042057,0.000795,60,1.241315,1.504962,1.023661,0.135036,60,-178.892830,-178.778183,-179.039185,0.054278,60,-0.205909,-0.145972,-0.333439,0.047125,60,7.281549,7.429545,7.014046,0.070492,60,179.341964,179.554565,179.014603,0.127466,60,0.072352,0.476719,-0.314173,0.153181,60,0.000000,46.866667,56.000000,36.000000,5.003276,60,1701.100000,1808.000000,1582.000000,55.949947,60,4.686667,5.600000,3.600000,0.500328,60,170.110093,5.546690,60,60,60,60,60,60,60,60,60,60,60,60,60,60,60,60,60,60,60,60,60,60,60,60,60,60,60,60,60,60,12.9615,13.02,12.90,24.17,26,22,34.08,6874266
2026-10-03 17:38:00,23.451642,23.515678,23.396658,0.024332,60,14.906844,14.978256,14.863813,0.025636,60,19.447700,19.510185,19.392691,0.026973,60,70.603333,70.900000,70.000000,0.314598,60,30.192540,30.201797,30.159073,0.011086,60,30.282270,30.327309,30.257881,0.014134,60,30.139179,30.161743,30.105667,0.013067,60,29.400000,29.400000,29.400000,0.000000,60,29.476932,29.493332,29.460373,0.007092,60,29.497796,29.508347,29.478317,0.006663,60,29.451013,29.465378,29.434158,0.006847,60,999.261667,999.300000,999.200000,0.049030,60,999.261667,999.300000,999.200000,0.049030,60,23.415000,23.600000,23.300000,0.091735,60,0.817275,0.870992,0.696748,0.033439,60,3.918917,3.990142,3.791325,0.043725,60,4.151343,4.231345,4.001852,0.047750,60,0.045333,0.046206,0.043700,0.000521,60,0.008639,0.009206,0.007365,0.000353,60,0.041893,0.042655,0.040529,0.000467,60,1.221937,1.425462,1.021975,0.108171,60,-178.893112,-178.742218,-179.030304,0.061544,60,-0.195577,-0.106967,-0.266676,0.040133,60,7.288329,7.484586,7.160633,0.065508,60,179.316637,179.703384,178.894348,0.142882,60,0.061539,0.370756,-0.274662,0.137650,60,0.000000,50.000000,58.000000,32.000000,5.644857,60,1662.983333,1777.000000,1523.000000,54.165000,60,5.000000,5.800000,3.200000,0.564486,60,166.303120,5.367906,60,60,60,60,60,60,60,60,60,60,60,60,60,60,60,60,60,60,60,60,60,60,60,60,60,60,60,60,60,60,12.9674,13.03,12.90,24.07,26,23,34.06,6874299
2026-10-03 17:39:00,23.440528,23.485161,23.393606,0.022766,60,14.895527,14.946212,14.845503,0.023374,60,19.443529,19.491875,19.392691,0.024203,60,69.605000,70.000000,69.300000,0.204546,60,30.179145,30.201797,30.145721,0.012872,60,30.266604,30.300606,30.244522,0.010521,60,30.128498,30.148392,30.092316,0.015101,60,29.400000,29.400000,29.400000,0.000000,60,29.471965,29.489243,29.456558,0.007600,60,29.487729,29.508286,29.473587,0.007556,60,29.441155,29.461105,29.420761,0.007246,60,999.248333,999.300000,999.200000,0.050394,60,999.248333,999.300000,999.200000,0.050394,60,23.213333,23.300000,23.100000,0.099943,60,0.810502,0.850412,0.696519,0.031539,60,3.827850,3.887002,3.722564,0.038018,60,4.049329,4.129766,3.949403,0.039766,60,0.044219,0.045097,0.043127,0.000434,60,0.008567,0.008989,0.007362,0.000333,60,0.040920,0.041552,0.039794,0.000406,60,1.232953,1.597763,0.927898,0.129192,60,-178.885611,-178.738937,-179.034424,0.056096,60,-0.219188,-0.120765,-0.334025,0.049905,60,7.273856,7.410716,7.100056,0.063219,60,179.328480,179.661865,179.054901,0.126877,60,0.064656,0.371828,-0.156228,0.137154,60,0.000000,54.050000,65.000000,44.000000,4.466163,60,1641.600000,1720.000000,1562.000000,37.146617,60,5.405000,6.500000,4.400000,0.446616,60,164.159471,3.682840,60,60,60,60,60,60,60,60,60,60,60,60,60,60,60,60,60,60,60,60,60,60,60,60,60,60,60,60,60,60,12.9669,13.03,12.92,24.11,26,22,34.03,6874333
2026-10-03 17:40:00,23.442334,23.512627,23.366140,0.028421,60,14.895094,14.961471,14.845503,0.026548,60,19.443504,19.491875,19.391165,0.024003,60,69.225000,69.600000,68.900000,0.211231,60,30.172202,30.185776,30.145721,0.009983,60,30.253828,30.284584,30.228500,0.013747,60,30.116660,30.148392,30.092316,0.013599,60,29.400000,29.400000,29.400000,0.000000,60,29.460197,29.474838,29.444717,0.006610,60,29.476401,29.491287,29.463760,0.006476,60,29.429326,29.445602,29.411026,0.007669,60,999.276667,999.400000,999.200000,0.046456,60,999.276667,999.400000,999.200000,0.046456,60,23.110000,23.300000,23.100000,0.043957,60,0.813967,0.864132,0.723502,0.030040,60,3.780691,3.840408,3.683887,0.032407,60,3.991443,4.046777,3.881683,0.033641,60,0.043587,0.044191,0.042388,0.000367,60,0.008604,0.009134,0.007647,0.000318,60,0.040416,0.041054,0.039381,0.000346,60,1.228359,1.573341,0.916062,0.146089,60,-178.874422,-178.712097,-179.031464,0.062962,60,-0.208498,-0.079696,-0.335438,0.050150,60,7.286240,7.495575,7.103353,0.079894,60,179.345818,179.622253,179.010635,0.149441,60,0.049609,0.581454,-0.208632,0.127701,60,0.000000,57.150000,68.000000,50.000000,4.807568,60,1585.683333,1736.000000,1472.000000,49.351555,60,5.715000,6.800000,5.000000,0.480757,60,158.566653,4.891191,60,60,60,60,60,60,60,60,60,60,60,60,60,60,60,60,60,60,60,60,60,60,60,60,60,60,60,60,60,60,12.9684,13.02,12.92,24.00,27,22,34.00,6874367
2026-10-03 17:41:00,23.435340,23.485161,23.366140,0.028900,60,14.892220,14.943160,14.827191,0.024598,60,19.433356,19.507133,19.388113,0.026685,60,69.625000,70.200000,69.200000,0.308427,60,30.163523,30.201797,30.129700,0.013842,60,30.245504,30.271233,30.215149,0.012681,60,30.103130,30.135040,30.076294,0.013637,60,29.395000,29.400000,29.300000,0.021978,60,29.449396,29.464157,29.432755,0.007400,60,29.463184,29.476669,29.445663,0.007984,60,29.420746,29.440262,29.399612,0.007257,60,999.353333,999.400000,999.300000,0.050310,60,999.353333,999.400000,999.300000,0.050310,60,23.210000,23.300000,23.100000,0.100338,60,0.778512,0.854986,0.656960,0.038430,60,3.697997,3.765993,3.583235,0.042352,60,3.908561,3.985697,3.801350,0.041718,60,0.042681,0.043524,0.041511,0.000456,60,0.008229,0.009037,0.006944,0.000406,60,0.039532,0.040258,0.038305,0.000453,60,1.226464,1.530370,0.927269,0.119694,60,-178.890744,-178.778763,-178.998550,0.050402,60,-0.205999,-0.119573,-0.359160,0.048823,60,7.279826,7.439328,7.145145,0.060581,60,179.325170,179.593521,179.121429,0.116000,60,0.066691,0.333111,-0.169189,0.117699,60,0.000000,44.233333,60.000000,33.000000,7.560752,60,1615.133333,1803.000000,1475.000000,67.317479,60,4.423333,6.000000,3.300000,0.756075,60,161.506851,6.669449,60,60,60,60,60,60,60,60,60,60,60,60,60,60,60,60,60,60,60,60,60,60,60,60,60,60,60,60,60,60,12.9703,13.03,12.92,24.10,26,22,34.00,6874401
2026-10-03 17:42:00,23.432187,23.485161,23.364614,0.026868,60,14.883345,14.975204,14.808881,0.033027,60,19.434297,19.507133,19.374380,0.028555,60,69.903333,70.400000,69.700000,0.168711,60,30.151107,30.172424,30.129700,0.012068,60,30.229346,30.257881,30.201797,0.011754,60,30.094986,30.119019,30.062943,0.016007,60,29.336667,29.400000,29.300000,0.048596,60,29.437267,29.451584,29.419449,0.007988,60,29.450610,29.470169,29.433578,0.007903,60,29.406966,29.428207,29.391647,0.008771,60,999.326667,999.400000,999.200000,0.060693,60,999.326667,999.400000,999.200000,0.060693,60,23.301667,23.400000,23.300000,0.012910,60,0.792613,0.857730,0.662219,0.041243,60,3.683495,3.749254,3.551795,0.037976,60,3.894069,3.967328,3.752220,0.041422,60,0.042523,0.043323,0.040974,0.000452,60,0.008378,0.009066,0.007000,0.000436,60,0.039377,0.040080,0.037969,0.000406,60,1.220780,1.574283,0.821623,0.146550,60,-178.872688,-178.755737,-179.071320,0.057220,60,-0.221406,-0.146189,-0.331921,0.042838,60,7.268606,7.401384,7.139963,0.063076,60,179.336318,179.621597,178.973846,0.119554,60,0.070366,0.317249,-0.261129,0.124761,60,0.000000,50.033333,64.000000,32.000000,8.309616,60,1527.066667,1649.000000,1418.000000,60.444082,60,5.003333,6.400000,3.200000,0.830962,60,152.706739,5.992063,60,60,60,60,60,60,60,60,60,60,60,60,60,60,60,60,60,60,60,60,60,60,60,60,60,60,60,60,60,60,12.9716,13.04,12.93,24.08,26,22,34.00,6874434
2026-10-03 17:43:00,23.432492,23.471428,23.366140,0.022506,60,14.885430,14.943160,14.827191,0.026859,60,19.429007,19.505608,19.359121,0.028934,60,70.988333,71.600000,70.000000,0.455509,60,30.146968,30.172424,30.116348,0.011936,60,30.218487,30.257881,30.188446,0.013825,60,30.080388,30.105667,30.062943,0.011947,60,29.303333,29.400000,29.300000,0.018102,60,29.426097,29.441544,29.409714,0.007199,60,29.437953,29.454727,29.420578,0.007616,60,29.394597,29.413437,29.377121,0.006892,60,999.403333,999.500000,999.400000,0.018102,60,999.403333,999.500000,999.400000,0.018102,60,23.520000,23.600000,23.300000,0.113197,60,0.738072,0.835320,0.626319,0.040545,60,3.555719,3.665340,3.427619,0.057707,60,3.751128,3.854463,3.643338,0.052779,60,0.040962,0.042091,0.039785,0.000576,60,0.007801,0.008829,0.006620,0.000429,60,0.038011,0.039182,0.036641,0.000617,60,1.227319,1.453591,1.024337,0.099950,60,-178.896468,-178.738937,-179.035782,0.059392,60,-0.207965,-0.119507,-0.359406,0.048155,60,7.272657,7.439329,7.109263,0.066502,60,179.340446,179.540833,179.150070,0.088652,60,0.051312,0.252228,-0.208632,0.091868,60,0.000000,38.316667,50.000000,31.000000,5.209156,60,1600.366667,1689.000000,1504.000000,42.898369,60,3.831667,5.000000,3.100000,0.520916,60,160.035609,4.252813,60,60,60,60,60,60,60,60,60,60,60,60,60,60,60,60,60,60,60,60,60,60,60,60,60,60,60,60,60,60,12.9686,13.02,12.92,24.10,26,23,34.00,6874468
2026-10-03 17:44:00,23.420767,23.480583,23.347830,0.030337,60,14.886778,14.943160,14.805829,0.029109,60,19.420666,19.487297,19.356070,0.029162,60,71.328333,71.800000,71.000000,0.281095,60,30.128187,30.159073,30.086975,0.015116,60,30.207405,30.244522,30.188446,0.012968,60,30.068239,30.105667,30.049591,0.011957,60,29.300000,29.300000,29.300000,0.000001,60,29.412274,29.429184,29.397537,0.007811,60,29.424519,29.442551,29.404037,0.008049,60,29.382159,29.401993,29.365921,0.008176,60,999.418333,999.500000,999.400000,0.039020,60,999.418333,999.500000,999.400000,0.039020,60,23.653333,23.800000,23.600000,0.089190,60,0.706489,0.774723,0.601165,0.037389,60,3.384662,3.507236,3.185826,0.073045,60,3.583885,3.711721,3.413624,0.083467,60,0.039136,0.040532,0.037277,0.000911,60,0.007468,0.008189,0.006354,0.000395,60,0.036182,0.037492,0.034056,0.000781,60,1.229901,1.467447,0.970994,0.087888,60,-178.884804,-178.779037,-179.076553,0.056787,60,-0.218085,-0.080035,-0.360764,0.055917,60,7.274117,7.391227,7.155777,0.058542,60,179.339957,179.554855,179.107483,0.078106,60,0.067494,0.265859,-0.102657,0.082642,60,0.000000,38.183333,52.000000,29.000000,4.827505,60,1583.733333,1745.000000,1406.000000,74.375107,60,3.818333,5.200000,2.900000,0.482750,60,158.375725,7.368020,60,60,60,60,60,60,60,60,60,60,60,60,60,60,60,60,60,60,60,60,60,60,60,60,60,60,60,60,60,60,12.9727,13.03,12.90,24.13,26,22,34.00,6874502
2026-10-03 17:45:00,23.415630,23.480583,23.346304,0.026342,60,14.885150,14.941634,14.842450,0.023461,60,19.421912,19.487297,19.337759,0.030226,60,71.148333,71.900000,70.600000,0.444740,60,30.116704,30.145721,30.086975,0.012673,60,30.194810,30.215149,30.172424,0.012708,60,30.056667,30.076294,30.020218,0.011787,60,29.300000,29.300000,29.300000,0.000001,60,29.400061,29.419968,29.382370,0.009316,60,29.411946,29.430374,29.397507,0.007145,60,29.368178,29.385239,29.351730,0.007602,60,999.425000,999.500000,999.300000,0.060014,60,999.425000,999.500000,999.300000,0.060014,60,23.566667,23.800000,23.400000,0.152567,60,0.661693,0.710011,0.554517,0.034504,60,3.149832,3.300728,2.952176,0.095161,60,3.338996,3.478245,3.133673,0.096659,60,0.036462,0.037982,0.034220,0.001056,60,0.006994,0.007505,0.005861,0.000365,60,0.033672,0.035285,0.031559,0.001017,60,1.238584,1.492469,0.998499,0.103776,60,-178.896672,-178.752792,-178.970993,0.052166,60,-0.199694,-0.106967,-0.319010,0.051618,60,7.287001,7.476188,7.155018,0.061122,60,179.345392,179.486374,179.193207,0.081115,60,0.066782,0.331416,-0.130200,0.082987,60,0.000000,43.600000,56.000000,31.000000,6.175951,60,1593.033333,1697.000000,1466.000000,46.488550,60,4.360000,5.600000,3.100000,0.617595,60,159.304742,4.607930,60,60,60,60,60,60,60,60,60,60,60,60,60,60,60,60,60,60,60,60,60,60,60,60,60,60,60,60,60,60,12.9697,13.02,12.92,24.07,26,22,34.00,6874536
2026-10-03 17:46:00,23.414282,23.497368,23.346304,0.030585,60,14.878767,14.956893,14.805829,0.029105,60,19.419190,19.487297,19.337759,0.031250,60,70.688333,71.000000,70.500000,0.129001,60,30.104955,30.129700,30.073624,0.012211,60,30.181147,30.201797,30.159073,0.013579,60,30.045942,30.062943,30.006866,0.013774,60,29.300000,29.300000,29.300000,0.000001,60,29.380219,29.398239,29.358932,0.008855,60,29.397084,29.419052,29.377975,0.009090,60,29.352115,29.371140,29.332870,0.008447,60,999.435000,999.500000,999.400000,0.048099,60,999.435000,999.500000,999.400000,0.048099,60,23.416667,23.600000,23.400000,0.055744,60,0.628594,0.692403,0.526849,0.034330,60,2.855459,3.035865,2.645468,0.105216,60,3.020558,3.175279,2.801496,0.102648,60,0.032984,0.034674,0.030592,0.001121,60,0.006644,0.007319,0.005569,0.000363,60,0.030525,0.032453,0.028280,0.001125,60,1.252255,1.504962,0.916998,0.132974,60,-178.887792,-178.743271,-179.031464,0.067317,60,-0.216895,-0.106778,-0.372935,0.055992,60,7.274412,7.391227,7.129396,0.054269,60,179.340902,179.797485,179.002731,0.137307,60,0.066061,0.356361,-0.300786,0.130295,60,0.000000,51.833333,71.000000,40.000000,6.327681,60,1579.966667,1807.000000,1484.000000,75.249183,60,5.183333,7.100000,4.000000,0.632768,60,157.974307,7.450962,60,60,60,60,60,60,60,60,60,60,60,60,60,60,60,60,60,60,60,60,60,60,60,60,60,60,60,60,60,60,12.9706,13.03,12.92,24.06,26,22,33.99,6874570
2026-10-03 17:47:00,23.406042,23.448540,23.329519,0.024292,60,14.877724,14.924850,14.805829,0.025116,60,19.414257,19.470512,19.354544,0.024534,60,70.603333,70.900000,70.200000,0.190420,60,30.087465,30.116348,30.060272,0.013324,60,30.167128,30.188446,30.132370,0.012315,60,30.028051,30.062943,29.993515,0.014248,60,29.240000,29.300000,29.200000,0.049403,60,29.359311,29.380875,29.342758,0.009053,60,29.378337,29.398148,29.359482,0.009201,60,29.329978,29.350449,29.310623,0.009301,60,999.470000,999.500000,999.400000,0.046212,60,999.470000,999.500000,999.400000,0.046212,60,23.425000,23.600000,23.300000,0.070410,60,0.576797,0.631121,0.468996,0.033730,60,2.546116,2.731871,2.312071,0.103252,60,2.684827,2.846199,2.457145,0.105258,60,0.029318,0.031080,0.026832,0.001149,60,0.006097,0.006671,0.004957,0.000357,60,0.027218,0.029204,0.024716,0.001104,60,1.223688,1.466112,0.849906,0.097994,60,-178.895762,-178.757492,-179.033951,0.058924,60,-0.214690,-0.105961,-0.359406,0.047295,60,7.274477,7.409526,7.171276,0.058120,60,179.322426,179.543900,179.020142,0.121744,60,0.093508,0.393235,-0.104430,0.134186,60,0.000000,49.100000,59.000000,36.000000,5.525595,60,1625.266667,1749.000000,1513.000000,50.140436,60,4.910000,5.900000,3.600000,0.552560,60,162.525490,4.969341,60,60,60,60,60,60,60,60,60,60,60,60,60,60,60,60,60,60,60,60,60,60,60,60,60,60,60,60,60,60,12.9714,13.03,12.92,24.20,26,23,33.98,6874603
2026-10-03 17:48:00,23.411052,23.479057,23.360037,0.025961,60,14.873960,14.941634,14.772259,0.031578,60,19.401668,19.468987,19.319448,0.031066,60,71.710000,72.200000,70.900000,0.360179,60,30.066992,30.102997,30.046921,0.012048,60,30.148970,30.172424,30.102997,0.012477,60,30.009225,30.049591,29.980164,0.012419,60,29.200000,29.200000,29.200000,0.000000,60,29.339929,29.362625,29.324905,0.008091,60,29.361056,29.378494,29.339981,0.008884,60,29.310236,29.329025,29.291824,0.009130,60,999.575000,999.600000,999.500000,0.043667,60,999.575000,999.600000,999.500000,0.043667,60,23.726667,23.800000,23.600000,0.097192,60,0.447962,0.559091,0.342543,0.048799,60,2.147660,2.327225,1.935245,0.099699,60,2.277357,2.474850,2.090222,0.103686,60,0.024869,0.027025,0.022825,0.001132,60,0.004735,0.005910,0.003621,0.000516,60,0.022958,0.024878,0.020688,0.001066,60,1.236211,1.397802,1.041519,0.085162,60,-178.901323,-178.782791,-178.997849,0.046499,60,-0.212926,-0.080149,-0.319351,0.043986,60,7.291911,7.378180,7.171276,0.050865,60,179.335939,179.541031,179.190201,0.074171,60,0.059111,0.227476,-0.155641,0.067419,60,0.000000,36.316667,44.000000,27.000000,4.023202,60,1644.583333,1770.000000,1501.000000,66.436485,60,3.631667,4.400000,2.700000,0.402320,60,164.461827,6.584487,60,60,60,60,60,60,60,60,60,60,60,60,60,60,60,60,60,60,60,60,60,60,60,60,60,60,60,60,60,60,12.9716,13.03,12.92,24.12,26,22,33.94,6874637
2026-10-03 17:49:00,23.400371,23.447014,23.329519,0.024194,60,14.873070,14.938582,14.805829,0.025460,60,19.405584,19.468987,19.336233,0.027892,60,71.616667,72.000000,71.200000,0.306520,60,30.054754,30.086975,30.017548,0.012231,60,30.137221,30.159073,30.102997,0.012058,60,29.999034,30.020218,29.964142,0.011210,60,29.200000,29.200000,29.200000,0.000000,60,29.325935,29.346054,29.308365,0.008866,60,29.347262,29.362473,29.321518,0.009235,60,29.295630,29.311447,29.273453,0.008474,60,999.590000,999.600000,999.500000,0.030253,60,999.590000,999.600000,999.500000,0.030253,60,23.676667,23.800000,23.400000,0.160894,60,0.401528,0.441327,0.310758,0.027615,60,1.889205,2.008981,1.702726,0.073298,60,1.997540,2.140016,1.803854,0.075002,60,0.021813,0.023369,0.019698,0.000819,60,0.004244,0.004665,0.003285,0.000292,60,0.020196,0.021476,0.018202,0.000784,60,1.244415,1.567241,1.023661,0.114806,60,-178.901959,-178.790329,-178.996902,0.053061,60,-0.212693,-0.119771,-0.293241,0.040481,60,7.290757,7.446244,7.107972,0.066250,60,179.334121,179.582718,179.123489,0.081928,60,0.076219,0.225169,-0.103580,0.069268,60,0.000000,44.200000,51.000000,38.000000,2.772749,60,1679.916667,1780.000000,1603.000000,40.831316,60,4.420000,5.100000,3.800000,0.277275,60,167.991333,4.047809,60,60,60,60,60,60,60,60,60,60,60,60,60,60,60,60,60,60,60,60,60,60,60,60,60,60,60,60,60,60,12.9685,13.04,12.92,24.14,26,22,33.95,6874671
2026-10-03 17:50:00,23.399430,23.474480,23.327993,0.029298,60,14.865670,14.938582,14.772259,0.031574,60,19.405813,19.465935,19.333181,0.028363,60,71.386667,71.900000,71.000000,0.301109,60,30.034904,30.073624,30.017548,0.012702,60,30.113945,30.145721,30.089645,0.012080,60,29.978695,30.006866,29.950790,0.013396,60,29.200000,29.200000,29.200000,0.000000,60,29.306308,29.321701,29.283340,0.009020,60,29.330882,29.347122,29.307205,0.008901,60,29.276957,29.291428,29.261276,0.006810,60,999.601667,999.700000,999.600000,0.012910,60,999.601667,999.700000,999.600000,0.012910,60,23.446667,23.600000,23.400000,0.085304,60,0.372845,0.442013,0.287892,0.035223,60,1.647281,1.805414,1.461612,0.085616,60,1.740443,1.893261,1.580115,0.087982,60,0.019006,0.020674,0.017255,0.000961,60,0.003941,0.004672,0.003043,0.000372,60,0.017609,0.019300,0.015625,0.000915,60,1.234028,1.528074,0.971645,0.111462,60,-178.895443,-178.779037,-179.061630,0.045193,60,-0.204986,-0.120234,-0.320147,0.048684,60,7.276540,7.419355,7.157759,0.061616,60,179.323427,179.487991,179.080399,0.106595,60,0.081077,0.316257,-0.169590,0.107537,60,0.000000,41.650000,51.000000,32.000000,5.004490,60,1635.500000,1743.000000,1484.000000,56.539622,60,4.165000,5.100000,3.200000,0.500449,60,163.555395,5.602378,60,60,60,60,60,60,60,60,60,60,60,60,60,60,60,60,60,60,60,60,60,60,60,60,60,60,60,60,60,60,12.9677,13.03,12.93,24.12,26,22,33.86,6874705
2026-10-03 17:51:00,23.394064,23.447014,23.338675,0.025518,60,14.864423,14.955367,14.804303,0.027295,60,19.402177,19.464409,19.333181,0.028337,60,71.601667,72.100000,71.300000,0.189103,60,30.017815,30.046921,29.988174,0.013560,60,30.102507,30.116348,30.073624,0.010248,60,29.957422,29.980164,29.921417,0.013936,60,29.200000,29.200000,29.200000,0.000000,60,29.288972,29.305862,29.272263,0.007433,60,29.313630,29.331375,29.295792,0.008067,60,29.258224,29.273117,29.237473,0.007856,60,999.643333,999.700000,999.600000,0.049972,60,999.643333,999.700000,999.600000,0.049972,60,23.466667,23.600000,23.400000,0.095077,60,0.326773,0.411829,0.232326,0.034217,60,1.440358,1.543039,1.303961,0.050247,60,1.524118,1.637654,1.408604,0.049039,60,0.016643,0.017883,0.015382,0.000536,60,0.003454,0.004353,0.002456,0.000362,60,0.015397,0.016495,0.013939,0.000537,60,1.262245,1.559471,0.954681,0.148787,60,-178.906320,-178.791763,-179.011398,0.052800,60,-0.213049,-0.107346,-0.293348,0.041025,60,7.299847,7.511372,7.167676,0.074706,60,179.330117,179.582443,179.110825,0.091196,60,0.062282,0.331416,-0.156334,0.100509,60,0.000000,39.916667,50.000000,26.000000,5.594464,60,1687.350000,1870.000000,1563.000000,71.893005,60,3.991667,5.000000,2.600000,0.559446,60,168.721719,7.123204,60,60,60,60,60,60,60,60,60,60,60,60,60,60,60,60,60,60,60,60,60,60,60,60,60,60,60,60,60,60,12.9680,13.03,12.92,24.11,26,22,33.83,6874739
2026-10-03 17:52:00,23.385138,23.443962,23.338675,0.025422,60,14.862186,14.920272,14.804303,0.024021,60,19.396099,19.447624,19.317923,0.026504,60,71.631667,71.900000,71.200000,0.188204,60,30.000369,30.030899,29.974823,0.014345,60,30.085996,30.102997,30.060272,0.012867,60,29.941622,29.964142,29.905396,0.014124,60,29.190000,29.200000,29.100000,0.030253,60,29.267953,29.295364,29.246567,0.009039,60,29.292828,29.318344,29.265305,0.010568,60,29.239172,29.260300,29.216141,0.009962,60,999.611667,999.700000,999.500000,0.037243,60,999.611667,999.700000,999.500000,0.037243,60,23.500000,23.600000,23.400000,0.100844,60,0.346899,0.426692,0.226609,0.040939,60,1.349533,1.396923,1.242212,0.030219,60,1.422207,1.473889,1.333139,0.032395,60,0.015530,0.016095,0.014558,0.000354,60,0.003667,0.004510,0.002395,0.000433,60,0.014427,0.014933,0.013279,0.000323,60,1.232764,1.598716,0.865122,0.146506,60,-178.884177,-178.779633,-179.033279,0.059372,60,-0.226978,-0.146189,-0.320832,0.042032,60,7.284239,7.410717,7.182362,0.052279,60,179.322753,179.649063,179.002029,0.140391,60,0.075649,0.462539,-0.261271,0.128298,60,0.000000,48.066667,60.000000,35.000000,5.544479,60,1516.950000,1765.000000,1370.000000,82.119678,60,4.806667,6.000000,3.500000,0.554448,60,151.683480,8.133484,60,60,60,60,60,60,60,60,60,60,60,60,60,60,60,60,60,60,60,60,60,60,60,60,60,60,60,60,60,60,12.9689,13.03,12.92,24.15,26,22,33.72,6874772
2026-10-03 17:53:00,23.387223,23.428701,23.337149,0.022186,60,14.858727,14.937057,14.801251,0.026221,60,19.391851,19.447624,19.331656,0.025645,60,71.983333,72.400000,71.500000,0.300940,60,29.977894,30.017548,29.945450,0.013382,60,30.064322,30.089645,30.033569,0.013522,60,29.919370,29.950790,29.892044,0.014396,60,29.100000,29.100000,29.100000,0.000001,60,29.243075,29.277695,29.224014,0.011135,60,29.271783,29.288712,29.254623,0.009527,60,29.214209,29.233322,29.192032,0.009060,60,999.690000,999.700000,999.600000,0.030253,60,999.690000,999.700000,999.600000,0.030253,60,23.553333,23.600000,23.400000,0.085304,60,0.351415,0.426006,0.219292,0.044479,60,1.241707,1.370233,1.108310,0.065046,60,1.309404,1.438701,1.150784,0.069172,60,0.014299,0.015711,0.012567,0.000755,60,0.003714,0.004503,0.002318,0.000470,60,0.013274,0.014648,0.011848,0.000695,60,1.231239,1.461232,1.064587,0.093909,60,-178.899855,-178.818359,-179.008362,0.049889,60,-0.215063,-0.106652,-0.319237,0.045253,60,7.285608,7.407489,7.131543,0.062014,60,179.325996,179.541656,179.015533,0.083283,60,0.073058,0.370934,-0.129427,0.088510,60,0.000000,37.850000,50.000000,32.000000,4.007726,60,1607.400000,1720.000000,1460.000000,68.219536,60,3.785000,5.000000,3.200000,0.400773,60,160.749838,6.760872,60,60,60,60,60,60,60,60,60,60,60,60,60,60,60,60,60,60,60,60,60,60,60,60,60,60,60,60,60,60,12.9670,13.03,12.92,24.11,26,22,33.64,6874806
2026-10-03 17:54:00,23.384222,23.439384,23.334097,0.028768,60,14.855370,14.905012,14.819562,0.022460,60,19.392996,19.461357,19.333181,0.027572,60,72.176667,72.500000,71.900000,0.161944,60,29.961071,29.988174,29.916077,0.014516,60,30.045096,30.073624,30.004196,0.017077,60,29.898497,29.950790,29.865341,0.016069,60,29.100000,29.100000,29.100000,0.000001,60,29.218565,29.242416,29.200241,0.010392,60,29.249841,29.272171,29.227066,0.009336,60,29.193411,29.214462,29.167923,0.010353,60,999.696667,999.700000,999.600000,0.018102,60,999.696667,999.700000,999.600000,0.018102,60,23.613333,23.800000,23.600000,0.050310,60,0.302435,0.357864,0.186821,0.036673,60,1.115469,1.186344,0.997027,0.038609,60,1.177407,1.253691,1.077532,0.038863,60,0.012857,0.013690,0.011767,0.000424,60,0.003197,0.003783,0.001975,0.000388,60,0.011924,0.012682,0.010658,0.000413,60,1.219417,1.450502,0.931994,0.094625,60,-178.893970,-178.738937,-179.010239,0.059023,60,-0.222895,-0.105836,-0.333439,0.048061,60,7.274325,7.459767,7.109870,0.059080,60,179.325530,179.490631,179.000854,0.110379,60,0.083690,0.265091,-0.130791,0.094686,60,0.000000,41.516667,50.000000,31.000000,5.366221,60,1618.533333,1749.000000,1478.000000,63.750697,60,4.151667,5.000000,3.100000,0.536622,60,161.860105,6.317776,60,60,60,60,60,60,60,60,60,60,60,60,60,60,60,60,60,60,60,60,60,60,60,60,60,60,60,60,60,60,12.9706,13.02,12.92,24.17,26,22,33.51,6874840
2026-10-03 17:55:00,23.386129,23.425650,23.323416,0.023917,60,14.857938,14.918746,14.799726,0.032421,60,19.380891,19.446098,19.313345,0.028566,60,72.100000,72.400000,71.600000,0.239349,60,29.937394,29.974823,29.902725,0.015698,60,30.023333,30.046921,30.004196,0.014824,60,29.877536,29.892044,29.849319,0.012605,60,29.100000,29.100000,29.100000,0.000001,60,29.196121,29.216141,29.174667,0.009314,60,29.229851,29.250656,29.214798,0.008301,60,29.168814,29.190903,29.148392,0.009484,60,999.700000,999.700000,999.700000,0.000062,60,999.700000,999.700000,999.700000,0.000062,60,23.583333,23.600000,23.400000,0.055744,60,0.298852,0.346202,0.180418,0.034651,60,1.005535,1.100846,0.860411,0.053043,60,1.057836,1.136399,0.929258,0.052676,60,0.011552,0.012409,0.010147,0.000575,60,0.003159,0.003659,0.001907,0.000366,60,0.010749,0.011768,0.009198,0.000567,60,1.248941,1.425897,1.028746,0.092775,60,-178.890664,-178.779922,-179.033951,0.053028,60,-0.214367,-0.146623,-0.320147,0.041851,60,7.288749,7.413604,7.145145,0.065956,60,179.334904,179.556442,179.161621,0.081294,60,0.075859,0.251478,-0.103514,0.079731,60,0.000000,39.733333,46.000000,31.000000,3.990950,60,1682.966667,1783.000000,1590.000000,45.562759,60,3.973333,4.600000,3.100000,0.399095,60,168.296312,4.516754,60,60,60,60,60,60,60,60,60,60,60,60,60,60,60,60,60,60,60,60,60,60,60,60,60,60,60,60,60,60,12.9663,13.03,12.92,24.08,26,22,33.35,6874876
2026-10-03 17:56:00,23.383561,23.425650,23.320364,0.021550,60,14.846799,14.918746,14.782941,0.028653,60,19.380763,19.446098,19.313345,0.027415,60,72.195000,72.700000,72.000000,0.191714,60,29.913896,29.945450,29.886703,0.015332,60,30.001837,30.033569,29.977493,0.012868,60,29.858176,29.892044,29.835968,0.013549,60,29.100000,29.100000,29.100000,0.000001,60,29.175260,29.199265,29.148788,0.010758,60,29.207349,29.225082,29.182877,0.009293,60,29.146793,29.164383,29.126572,0.009580,60,999.733333,999.800000,999.700000,0.047538,60,999.733333,999.800000,999.700000,0.047538,60,23.626667,23.800000,23.600000,0.068561,60,0.296318,0.360608,0.187964,0.032701,60,0.895345,0.969206,0.822864,0.031489,60,0.949006,1.045001,0.846933,0.038474,60,0.010363,0.011411,0.009249,0.000420,60,0.003132,0.003812,0.001987,0.000346,60,0.009571,0.010361,0.008796,0.000337,60,1.244019,1.502243,1.002162,0.098123,60,-178.892161,-178.748627,-178.995010,0.054222,60,-0.225772,-0.107346,-0.333556,0.049192,60,7.280573,7.397318,7.065987,0.067507,60,179.319758,179.486725,179.124100,0.085627,60,0.072250,0.250281,-0.208428,0.091574,60,0.000000,42.816667,53.000000,32.000000,5.785697,60,1583.000000,1682.000000,1428.000000,52.001956,60,4.281667,5.300000,3.200000,0.578570,60,158.304224,5.153081,60,60,60,60,60,60,60,60,60,60,60,60,60,60,60,60,60,60,60,60,60,60,60,60,60,60,60,60,60,60,12.9689,13.04,12.92,24.04,26,22,33.30,6874909
2026-10-03 17:57:00,23.373414,23.424124,23.318838,0.026434,60,14.843264,14.900434,14.782941,0.029956,60,19.383510,19.443047,19.295033,0.026582,60,72.365000,72.800000,72.000000,0.248265,60,29.886837,29.916077,29.860001,0.013655,60,29.981054,30.004196,29.945450,0.014448,60,29.836547,29.878693,29.793243,0.015633,60,29.073333,29.100000,29.000000,0.044595,60,29.152513,29.172501,29.132248,0.007901,60,29.186235,29.205673,29.167099,0.008371,60,29.123711,29.143448,29.107315,0.007847,60,999.800000,999.800000,999.800000,0.000000,60,999.800000,999.800000,999.800000,0.000000,60,23.606667,23.800000,23.400000,0.103934,60,0.272034,0.329738,0.181104,0.032503,60,0.763546,0.876696,0.602106,0.059097,60,0.797611,0.902702,0.664357,0.057600,60,0.008710,0.009858,0.007255,0.000629,60,0.002875,0.003485,0.001914,0.000344,60,0.008162,0.009372,0.006437,0.000632,60,1.246725,1.452266,1.066678,0.080920,60,-178.882272,-178.775864,-179.033951,0.056686,60,-0.209757,-0.146623,-0.318897,0.035284,60,7.307400,7.449536,7.163707,0.064895,60,179.349812,179.487640,179.161026,0.076399,60,0.072852,0.212436,-0.103317,0.063589,60,0.000000,35.666667,47.000000,25.000000,4.296892,60,1619.200000,1768.000000,1547.000000,53.756765,60,3.566667,4.700000,2.500000,0.429689,60,161.910727,5.325856,60,60,60,60,60,60,60,60,60,60,60,60,60,60,60,60,60,60,60,60,60,60,60,60,60,60,60,60,60,60,12.9632,13.03,12.92,24.02,26,22,33.23,6874943
2026-10-03 17:58:00,23.368429,23.421072,23.286793,0.023349,60,14.850538,14.932479,14.781414,0.029961,60,19.376237,19.443047,19.324026,0.028681,60,73.073333,73.300000,72.500000,0.184911,60,29.866943,29.902725,29.830627,0.013916,60,29.957199,30.004196,29.932098,0.012613,60,29.810823,29.835968,29.779892,0.014184,60,29.015000,29.100000,29.000000,0.036008,60,29.131204,29.150314,29.112869,0.008422,60,29.166217,29.183273,29.148209,0.007596,60,29.104642,29.128738,29.082382,0.008376,60,999.800000,999.800000,999.800000,0.000000,60,999.800000,999.800000,999.800000,0.000000,60,23.688333,23.900000,23.600000,0.112131,60,0.224475,0.271199,0.130340,0.028062,60,0.621234,0.693259,0.516156,0.041736,60,0.656124,0.734067,0.551270,0.042240,60,0.007165,0.008016,0.006020,0.000461,60,0.002373,0.002867,0.001378,0.000297,60,0.006641,0.007411,0.005518,0.000446,60,1.239434,1.493823,0.998499,0.091725,60,-178.893347,-178.753387,-179.062958,0.057686,60,-0.211432,-0.079979,-0.319806,0.048353,60,7.289144,7.456451,7.158975,0.061113,60,179.336519,179.516388,179.149673,0.086455,60,0.074521,0.266628,-0.090693,0.075345,60,0.000000,37.916667,47.000000,30.000000,3.885181,60,1585.033333,1692.000000,1487.000000,47.151744,60,3.791667,4.700000,3.000000,0.388518,60,158.503749,4.674016,60,60,60,60,60,60,60,60,60,60,60,60,60,60,60,60,60,60,60,60,60,60,60,60,60,60,60,60,60,60,12.9664,13.02,12.92,24.02,26,22,33.13,6874977
2026-10-03 17:59:00,23.370718,23.421072,23.315786,0.024080,60,14.844511,14.897383,14.764629,0.026538,60,19.375753,19.424734,19.324026,0.027232,60,73.140000,73.500000,72.900000,0.173889,60,29.848830,29.873352,29.817276,0.013012,60,29.937750,29.977493,29.902725,0.014393,60,29.791152,29.822617,29.766541,0.013357,60,29.000000,29.000000,29.000000,0.000000,60,29.114599,29.135544,29.097244,0.007882,60,29.148409,29.159714,29.122330,0.008410,60,29.087696,29.113541,29.073868,0.007705,60,999.830000,999.900000,999.800000,0.046212,60,999.830000,999.900000,999.800000,0.046212,60,23.696667,23.800000,23.600000,0.100788,60,0.190156,0.246046,0.088723,0.036958,60,0.507429,0.600975,0.366647,0.052919,60,0.532891,0.617661,0.412069,0.048495,60,0.005819,0.006745,0.004500,0.000530,60,0.002010,0.002601,0.000938,0.000391,60,0.005424,0.006424,0.003919,0.000566,60,1.228760,1.421990,1.027387,0.087035,60,-178.907251,-178.750122,-179.036911,0.050903,60,-0.213072,-0.107156,-0.293563,0.042533,60,7.292851,7.452368,7.171276,0.066009,60,179.338333,179.446747,179.216660,0.054888,60,0.060344,0.212859,-0.090142,0.065530,60,0.000000,29.450000,40.000000,18.000000,5.861176,60,1637.033333,1834.000000,1520.000000,61.654578,60,2.945000,4.000000,1.800000,0.586118,60,163.695324,6.108017,60,60,60,60,60,60,60,60,60,60,60,60,60,60,60,60,60,60,60,60,60,60,60,60,60,60,60,60,60,60,12.9643,13.03,12.92,24.05,26,22,33.08,6875011
2026-10-03 18:00:00,23.364411,23.419546,23.297474,0.025108,60,14.841179,14.897383,14.778362,0.026233,60,19.365123,19.423208,19.324026,0.027330,60,73.538333,73.700000,73.100000,0.109066,60,29.831429,29.860001,29.803925,0.013341,60,29.923153,29.945450,29.876022,0.013089,60,29.776420,29.809265,29.737160,0.012720,60,29.000000,29.000000,29.000000,0.000000,60,29.101202,29.113846,29.084976,0.006833,60,29.135401,29.150955,29.121262,0.007225,60,29.073705,29.090591,29.051956,0.007382,60,999.900000,999.900000,999.900000,0.000000,60,999.900000,999.900000,999.900000,0.000000,60,23.796667,23.800000,23.600000,0.025820,60,0.135626,0.185678,0.026297,0.032998,60,0.381127,0.440384,0.289065,0.032426,60,0.409971,0.473149,0.310048,0.036348,60,0.004477,0.005167,0.003386,0.000397,60,0.001434,0.001963,0.000278,0.000349,60,0.004074,0.004708,0.003090,0.000347,60,1.231581,1.397802,1.039463,0.081821,60,-178.895021,-178.781937,-179.009064,0.057876,60,-0.221775,-0.146406,-0.319806,0.037287,60,7.284846,7.409526,7.170864,0.066005,60,179.344167,179.435303,179.231079,0.047982,60,0.067449,0.212014,-0.050619,0.057201,60,0.000000,28.783333,34.000000,20.000000,3.755636,60,1672.700000,1792.000000,1471.000000,76.663319,60,2.878333,3.400000,2.000000,0.375564,60,167.282333,7.595036,60,60,60,60,60,60,60,60,60,60,60,60,60,60,60,60,60,60,60,60,60,60,60,60,60,60,60,60,60,60,12.9659,13.03,12.92,24.10,26,23,33.05,6875044
2026-10-03 18:01:00,23.360418,23.419546,23.314260,0.022703,60,14.834567,14.897383,14.778362,0.025830,60,19.365861,19.423208,19.308765,0.028248,60,73.615000,73.900000,73.100000,0.116190,60,29.816742,29.846649,29.790573,0.012465,60,29.908555,29.945450,29.876022,0.013620,60,29.757636,29.793243,29.737160,0.012792,60,29.000000,29.000000,29.000000,0.000000,60,29.090429,29.105087,29.071152,0.007771,60,29.122123,29.143082,29.100204,0.008211,60,29.061918,29.077286,29.045517,0.006924,60,999.900000,999.900000,999.900000,0.000000,60,999.900000,999.900000,999.900000,0.000000,60,23.798333,23.900000,23.600000,0.029063,60,0.145714,0.184763,0.053051,0.026621,60,0.332380,0.376825,0.242019,0.031296,60,0.358978,0.406315,0.266008,0.031181,60,0.003920,0.004437,0.002905,0.000340,60,0.001540,0.001953,0.000561,0.000281,60,0.003553,0.004028,0.002587,0.000335,60,1.249918,1.491568,1.068424,0.085856,60,-178.890736,-178.790909,-178.996658,0.049758,60,-0.216919,-0.120433,-0.333439,0.045684,60,7.302952,7.450002,7.161723,0.060966,60,179.347776,179.554855,179.162598,0.083358,60,0.074055,0.225888,-0.129547,0.073606,60,0.000000,32.683333,39.000000,26.000000,3.382365,60,1665.366667,1858.000000,1473.000000,82.857232,60,3.268333,3.900000,2.600000,0.338237,60,166.537830,8.208781,60,60,60,60,60,60,60,60,60,60,60,60,60,60,60,60,60,60,60,60,60,60,60,60,60,60,60,60,60,60,12.9671,13.03,12.92,24.10,26,23,33.03,6875078
2026-10-03 18:02:00,23.357010,23.402761,23.297474,0.023091,60,14.835813,14.882124,14.778362,0.025667,60,19.358562,19.406424,19.305714,0.028054,60,73.660000,73.900000,73.200000,0.182450,60,29.802945,29.830627,29.774551,0.012457,60,29.889863,29.918747,29.862671,0.011886,60,29.743792,29.766541,29.723808,0.012628,60,29.000000,29.000000,29.000000,0.000000,60,29.075976,29.088364,29.057175,0.007287,60,29.108896,29.122635,29.094681,0.007335,60,29.048937,29.063217,29.028702,0.007359,60,999.900000,999.900000,999.900000,0.000000,60,999.900000,999.900000,999.900000,0.000000,60,23.810000,23.900000,23.800000,0.030253,60,0.154929,0.206944,0.051679,0.030202,60,0.292296,0.340636,0.180722,0.036415,60,0.311674,0.379316,0.213116,0.035459,60,0.003403,0.004142,0.002327,0.000387,60,0.001638,0.002187,0.000546,0.000319,60,0.003125,0.003641,0.001932,0.000389,60,1.234766,1.493823,1.037072,0.089711,60,-178.900157,-178.775269,-179.060989,0.056156,60,-0.215905,-0.106652,-0.318897,0.044682,60,7.292892,7.472836,7.175236,0.058483,60,179.326173,179.515305,179.162018,0.065754,60,0.083784,0.213141,-0.064244,0.061754,60,0.000000,34.416667,41.000000,26.000000,3.646645,60,1628.616667,1739.000000,1491.000000,53.832160,60,3.441667,4.100000,2.600000,0.364665,60,162.861631,5.335285,60,60,60,60,60,60,60,60,60,60,60,60,60,60,60,60,60,60,60,60,60,60,60,60,60,60,60,60,60,60,12.9645,13.03,12.92,24.04,26,23,33.01,6875112
2026-10-03 18:03:00,23.345795,23.401236,23.265430,0.025184,60,14.835050,14.897383,14.763103,0.031510,60,19.365657,19.406424,19.305714,0.027351,60,73.873333,74.300000,73.600000,0.157164,60,29.786434,29.817276,29.761200,0.012481,60,29.877446,29.902725,29.846649,0.014422,60,29.731864,29.766541,29.710457,0.011712,60,29.000000,29.000000,29.000000,0.000000,60,29.062632,29.078934,29.046127,0.008071,60,29.097436,29.112747,29.081314,0.008059,60,29.034839,29.056076,29.014084,0.008038,60,999.970000,1000.000000,999.900000,0.046212,60,999.970000,1000.000000,999.900000,0.046212,60,23.856667,23.900000,23.800000,0.049972,60,0.116292,0.175616,0.011433,0.036764,60,0.224418,0.269840,0.132092,0.029279,60,0.245438,0.320670,0.146946,0.032044,60,0.002680,0.003502,0.001605,0.000350,60,0.001229,0.001856,0.000121,0.000389,60,0.002399,0.002885,0.001412,0.000313,60,1.254877,1.449181,1.081876,0.079381,60,-178.894661,-178.777313,-179.062958,0.055033,60,-0.206941,-0.106778,-0.292490,0.038377,60,7.296178,7.484586,7.149092,0.069158,60,179.330707,179.447876,179.217224,0.053630,60,0.076653,0.187051,-0.063869,0.057681,60,0.000000,25.116667,33.000000,16.000000,4.368965,60,1722.066667,2014.000000,1571.000000,102.522071,60,2.511667,3.300000,1.600000,0.436896,60,172.143812,10.136404,60,60,60,60,60,60,60,60,60,60,60,60,60,60,60,60,60,60,60,60,60,60,60,60,60,60,60,60,60,60,12.9657,13.02,12.92,24.05,26,23,33.00,6875146
2026-10-03 18:04:00,23.339844,23.398184,23.292896,0.025957,60,14.826937,14.879072,14.760052,0.029354,60,19.357875,19.436941,19.304188,0.025777,60,73.540000,74.100000,73.300000,0.229369,60,29.773082,29.803925,29.747841,0.014032,60,29.862404,29.889374,29.833298,0.013262,60,29.719046,29.750511,29.694435,0.013933,60,28.990000,29.000000,28.900000,0.030253,60,29.051299,29.065842,29.037430,0.006877,60,29.084878,29.104111,29.068893,0.007961,60,29.021993,29.039963,29.003983,0.008842,60,1000.000000,1000.000000,1000.000000,0.000000,60,1000.000000,1000.000000,1000.000000,0.000000,60,23.811667,23.900000,23.800000,0.032373,60,0.137966,0.222264,0.034529,0.042229,60,0.219001,0.268482,0.125307,0.030925,60,0.238998,0.305400,0.151815,0.036713,60,0.002610,0.003335,0.001658,0.000401,60,0.001458,0.002349,0.000365,0.000446,60,0.002341,0.002870,0.001340,0.000331,60,1.249248,1.386958,1.104121,0.074386,60,-178.904217,-178.790909,-179.010239,0.053578,60,-0.218878,-0.146551,-0.319237,0.040844,60,7.296188,7.501024,7.155777,0.071054,60,179.323322,179.433243,179.164551,0.061075,60,0.086981,0.252980,-0.051244,0.061115,60,0.000000,25.416667,34.000000,17.000000,3.576248,60,1938.216667,2158.000000,1763.000000,93.225822,60,2.541667,3.400000,1.700000,0.357625,60,193.817801,9.239549,60,60,60,60,60,60,60,60,60,60,60,60,60,60,60,60,60,60,60,60,60,60,60,60,60,60,60,60,60,60,12.9638,13.02,12.90,24.08,26,23,33.00,6875180
2026-10-03 18:05:00,23.344066,23.398184,23.292896,0.023209,60,14.822487,14.879072,14.728008,0.028776,60,19.356171,19.404898,19.287403,0.025598,60,74.053333,74.400000,73.300000,0.289633,60,29.759952,29.790573,29.731819,0.011110,60,29.849898,29.876022,29.819946,0.011604,60,29.702802,29.723808,29.667732,0.013549,60,28.910000,29.000000,28.900000,0.030253,60,29.033565,29.048904,29.011612,0.008832,60,29.065990,29.087479,29.048996,0.007910,60,29.003564,29.022964,28.982407,0.008236,60,1000.000000,1000.000000,1000.000000,0.000000,60,1000.000000,1000.000000,1000.000000,0.000000,60,23.888333,23.900000,23.800000,0.032373,60,0.178261,0.264796,0.083235,0.034869,60,0.233793,0.301732,0.136616,0.036656,60,0.243321,0.315138,0.151815,0.034704,60,0.002657,0.003441,0.001658,0.000379,60,0.001884,0.002799,0.000880,0.000369,60,0.002499,0.003226,0.001460,0.000392,60,1.240508,1.451383,1.067725,0.074660,60,-178.878696,-178.738037,-178.995956,0.057340,60,-0.220440,-0.146551,-0.318444,0.042265,60,7.310385,7.501740,7.160954,0.068875,60,179.328632,179.473907,179.230545,0.056278,60,0.071618,0.160808,-0.050854,0.052206,60,0.000000,24.100000,35.000000,19.000000,3.615878,60,1863.033333,2025.000000,1660.000000,70.420280,60,2.410000,3.500000,1.900000,0.361588,60,186.304510,6.976919,60,60,60,60,60,60,60,60,60,60,60,60,60,60,60,60,60,60,60,60,60,60,60,60,60,60,60,60,60,60,12.9631,13.03,12.92,24.00,26,22,33.00,6875213
2026-10-03 18:06:00,23.341472,23.398184,23.292896,0.021428,60,14.821063,14.895857,14.760052,0.030085,60,19.349610,19.404898,19.287403,0.026826,60,74.426667,74.600000,74.300000,0.114783,60,29.741967,29.761200,29.705116,0.013651,60,29.831607,29.862671,29.803925,0.012801,60,29.683798,29.710457,29.654381,0.012956,60,28.900000,28.900000,28.900000,0.000000,60,29.018147,29.035751,28.996262,0.008562,60,29.049713,29.068100,29.026566,0.008245,60,28.987199,29.012100,28.962845,0.008209,60,1000.000000,1000.000000,1000.000000,0.000000,60,1000.000000,1000.000000,1000.000000,0.000000,60,23.900000,23.900000,23.900000,0.000000,60,0.148191,0.194824,0.061969,0.030660,60,0.187504,0.233876,0.090700,0.029395,60,0.197345,0.252730,0.102021,0.032727,60,0.002155,0.002760,0.001114,0.000357,60,0.001566,0.002059,0.000655,0.000324,60,0.002004,0.002500,0.000970,0.000314,60,1.237817,1.388663,1.040490,0.084693,60,-178.888841,-178.752792,-178.969788,0.049023,60,-0.211890,-0.120101,-0.319578,0.046820,60,7.302749,7.453626,7.129396,0.063682,60,179.339073,179.475098,179.229279,0.054928,60,0.071267,0.226320,-0.024524,0.051126,60,0.000000,23.266667,31.000000,17.000000,3.939658,60,1849.683333,1997.000000,1683.000000,70.662121,60,2.326667,3.100000,1.700000,0.393966,60,184.973153,7.002504,60,60,60,60,60,60,60,60,60,60,60,60,60,60,60,60,60,60,60,60,60,60,60,60,60,60,60,60,60,60,12.9623,13.03,12.90,24.04,27,22,33.00,6875247
2026-10-03 18:07:00,23.330536,23.382925,23.279163,0.025522,60,14.818062,14.877546,14.760052,0.030510,60,19.344473,19.418631,19.285877,0.030588,60,74.331667,74.500000,74.200000,0.087317,60,29.727636,29.761200,29.705116,0.014371,60,29.817454,29.846649,29.790573,0.014349,60,29.671515,29.694435,29.654381,0.011813,60,28.900000,28.900000,28.900000,0.000000,60,29.000548,29.021744,28.985672,0.007107,60,29.034967,29.053940,29.015457,0.009384,60,28.970511,28.990433,28.950790,0.008782,60,1000.016667,1000.100000,1000.000000,0.037582,60,1000.016667,1000.100000,1000.000000,0.037582,60,23.900000,23.900000,23.900000,0.000000,60,0.138374,0.187050,0.050535,0.029733,60,0.152449,0.205829,0.074415,0.027284,60,0.166288,0.222411,0.062187,0.032860,60,0.001816,0.002429,0.000679,0.000359,60,0.001463,0.001977,0.000534,0.000314,60,0.001630,0.002200,0.000795,0.000292,60,1.242789,1.399086,1.066677,0.082616,60,-178.902971,-178.791183,-179.037354,0.053229,60,-0.214353,-0.080035,-0.293026,0.043495,60,7.287411,7.437290,7.180799,0.060051,60,179.326049,179.473434,179.190201,0.057857,60,0.064008,0.184900,-0.024271,0.039773,60,0.000000,22.033333,31.000000,17.000000,3.313898,60,1809.633333,2033.000000,1582.000000,109.658324,60,2.203333,3.100000,1.700000,0.331390,60,180.947517,10.864074,60,60,60,60,60,60,60,60,60,60,60,60,60,60,60,60,60,60,60,60,60,60,60,60,60,60,60,60,60,60,12.9637,13.03,12.92,24.09,26,22,33.00,6875281
2026-10-03 18:08:00,23.328654,23.382925,23.247120,0.025733,60,14.818367,14.877546,14.741741,0.028580,60,19.339234,19.401846,19.301136,0.021956,60,74.401667,74.900000,74.000000,0.209512,60,29.710279,29.747841,29.691765,0.012201,60,29.803301,29.833298,29.777222,0.012974,60,29.652779,29.681084,29.625008,0.012747,60,28.900000,28.900000,28.900000,0.000000,60,28.987296,29.007217,28.968460,0.008895,60,29.017781,29.041519,29.001022,0.009239,60,28.953690,28.971634,28.935318,0.007057,60,1000.076667,1000.100000,1000.000000,0.042652,60,1000.076667,1000.100000,1000.000000,0.042652,60,23.863333,24.100000,23.800000,0.058125,60,0.128690,0.170586,0.036815,0.031742,60,0.136345,0.208769,0.056546,0.032470,60,0.145644,0.209354,0.043154,0.034705,60,0.001590,0.002286,0.000471,0.000379,60,0.001360,0.001803,0.000389,0.000336,60,0.001458,0.002232,0.000604,0.000347,60,1.252876,1.462117,1.066329,0.073772,60,-178.904872,-178.780487,-179.008362,0.041835,60,-0.217022,-0.120433,-0.293241,0.036638,60,7.291689,7.456451,7.115182,0.069240,60,179.322646,179.474731,179.217026,0.065328,60,0.070402,0.160036,-0.064019,0.052530,60,0.000000,25.633333,31.000000,21.000000,3.086145,60,1735.016667,1953.000000,1633.000000,69.742503,60,2.563333,3.100000,2.100000,0.308615,60,173.486732,6.907570,60,60,60,60,60,60,60,60,60,60,60,60,60,60,60,60,60,60,60,60,60,60,60,60,60,60,60,60,60,60,12.9606,13.02,12.92,24.05,26,23,33.00,6875315
2026-10-03 18:09:00,23.331070,23.396658,23.259327,0.029685,60,14.810839,14.874495,14.726482,0.028056,60,19.330155,19.368277,19.282825,0.021862,60,74.511667,75.100000,74.200000,0.174756,60,29.692432,29.718468,29.662392,0.012395,60,29.789950,29.819946,29.763870,0.011492,60,29.637558,29.667732,29.611656,0.013038,60,28.900000,28.900000,28.900000,0.000000,60,28.972569,28.990402,28.960312,0.007328,60,29.004885,29.017868,28.985123,0.007084,60,28.940845,28.957657,28.928452,0.006727,60,1000.100000,1000.100000,1000.100000,0.000039,60,1000.100000,1000.100000,1000.100000,0.000039,60,23.818333,23.900000,23.800000,0.039020,60,0.089927,0.152292,-0.016464,0.033391,60,0.088676,0.129831,-0.002714,0.026512,60,0.112404,0.162438,0.035630,0.028942,60,0.001227,0.001774,0.000389,0.000316,60,0.000951,0.001610,-0.000174,0.000353,60,0.000948,0.001388,-0.000029,0.000283,60,1.253218,1.395664,1.103050,0.071771,60,-178.893658,-178.739838,-178.995956,0.054258,60,-0.213964,-0.106967,-0.291955,0.041471,60,7.301747,7.403418,7.181180,0.054171,60,179.336780,179.474838,179.231079,0.050152,60,0.080992,0.186512,-0.064094,0.053650,60,0.000000,15.316667,21.000000,9.000000,2.696461,60,1872.433333,2142.000000,1571.000000,155.149176,60,1.531667,2.100000,0.900000,0.269646,60,187.249781,15.384440,60,60,60,60,60,60,60,60,60,60,60,60,60,60,60,60,60,60,60,60,60,60,60,60,60,60,60,60,60,60,12.9651,13.03,12.92,24.07,26,22,33.00,6875349
2026-10-03 18:10:00,23.322678,23.393606,23.256275,0.031990,60,14.809567,14.874495,14.740215,0.032154,60,19.339819,19.400320,19.282825,0.026892,60,74.670000,75.100000,74.500000,0.086944,60,29.680105,29.718468,29.633018,0.016082,60,29.773839,29.790573,29.747841,0.010428,60,29.623094,29.654381,29.598305,0.011718,60,28.898333,28.900000,28.800000,0.012910,60,28.957456,28.979477,28.928513,0.010262,60,28.993048,29.010452,28.971420,0.009001,60,28.926410,28.945908,28.908371,0.008886,60,1000.100000,1000.100000,1000.100000,0.000039,60,1000.100000,1000.100000,1000.100000,0.000039,60,23.873333,23.900000,23.800000,0.044595,60,0.161092,0.225466,0.025153,0.043952,60,0.169590,0.213519,0.042297,0.035274,60,0.173628,0.231042,0.056875,0.038524,60,0.001896,0.002523,0.000621,0.000421,60,0.001703,0.002383,0.000266,0.000465,60,0.001813,0.002283,0.000452,0.000377,60,1.240942,1.396946,1.105193,0.070713,60,-178.902258,-178.790909,-178.996201,0.048710,60,-0.209617,-0.107030,-0.293241,0.037883,60,7.286639,7.407489,7.111235,0.066988,60,179.334402,179.487991,179.217575,0.053889,60,0.085683,0.213423,0.001806,0.053422,60,0.000000,25.216667,32.000000,16.000000,4.071778,60,1907.016667,2014.000000,1714.000000,71.791717,60,2.521667,3.200000,1.600000,0.407178,60,190.714861,7.113961,60,60,60,60,60,60,60,60,60,60,60,60,60,60,60,60,60,60,60,60,60,60,60,60,60,60,60,60,60,60,12.9627,13.02,12.90,24.06,26,22,33.00,6875382
2026-10-03 18:11:00,23.320897,23.378347,23.273060,0.025032,60,14.806872,14.874495,14.740215,0.029408,60,19.329672,19.383535,19.267567,0.024447,60,75.166102,75.700000,74.700000,0.272036,59,29.661724,29.691765,29.619667,0.015513,60,29.753764,29.790573,29.721138,0.016265,60,29.606672,29.625008,29.582283,0.013297,60,28.823729,28.900000,28.800000,0.042907,59,28.935223,28.952835,28.921005,0.007827,60,28.970918,28.985672,28.954453,0.007041,60,28.904420,28.928452,28.889053,0.007982,60,1000.106780,1000.200000,1000.100000,0.025355,59,1000.106780,1000.200000,1000.100000,0.025355,59,23.944068,24.100000,23.900000,0.083607,59,0.163436,0.233698,0.057624,0.035703,60,0.148446,0.208543,0.054737,0.037977,60,0.147459,0.220641,0.066170,0.039179,60,0.001610,0.002409,0.000723,0.000428,60,0.001728,0.002470,0.000609,0.000377,60,0.001587,0.002229,0.000585,0.000406,60,1.245963,1.425462,1.105909,0.076220,60,-178.897046,-178.817520,-178.995010,0.042036,60,-0.214197,-0.146189,-0.319919,0.041674,60,7.295671,7.482536,7.180799,0.060822,60,179.312428,179.447754,179.215210,0.054766,60,0.061891,0.160165,-0.063794,0.052910,60,0.000000,21.433333,28.000000,15.000000,3.548056,60,1817.150000,2023.000000,1624.000000,107.721679,60,2.143333,2.800000,1.500000,0.354806,60,181.688450,10.675554,60,60,60,60,60,60,60,60,60,60,60,60,60,60,60,60,60,60,60,60,60,60,59,59,59,59,59,59,60,60,12.9638,13.03,12.92,24.10,26,23,32.98,6875416
2026-10-03 18:12:00,23.313548,23.361563,23.256275,0.023042,60,14.801455,14.856184,14.740215,0.027182,60,19.326569,19.397268,19.249256,0.030375,60,76.015000,76.400000,75.500000,0.215363,60,29.645524,29.675743,29.619667,0.014014,60,29.736448,29.777222,29.707787,0.013958,60,29.586644,29.625008,29.555580,0.014027,60,28.811667,28.900000,28.800000,0.032373,60,28.916942,28.937576,28.903244,0.007847,60,28.951881,28.968277,28.931686,0.008688,60,28.885328,28.899918,28.864090,0.007940,60,1000.166667,1000.200000,1000.100000,0.047538,60,1000.166667,1000.200000,1000.100000,0.047538,60,24.183333,24.300000,24.100000,0.099433,60,0.156427,0.206029,0.028812,0.039422,60,0.150674,0.194972,0.042749,0.032230,60,0.160391,0.207584,0.042269,0.032890,60,0.001751,0.002267,0.000462,0.000359,60,0.001653,0.002178,0.000305,0.000417,60,0.001611,0.002084,0.000457,0.000345,60,1.257796,1.465667,1.107702,0.072084,60,-178.895529,-178.791183,-179.036240,0.057797,60,-0.225433,-0.146406,-0.293348,0.038224,60,7.295395,7.449536,7.103979,0.074154,60,179.325517,179.448135,179.164551,0.057893,60,0.077225,0.187051,-0.050697,0.046977,60,0.000000,25.100000,32.000000,17.000000,3.740298,60,1858.250000,2083.000000,1702.000000,90.318199,60,2.510000,3.200000,1.700000,0.374030,60,185.804213,8.948900,60,60,60,60,60,60,60,60,60,60,60,60,60,60,60,60,60,60,60,60,60,60,60,60,60,60,60,60,60,60,12.9603,13.03,12.92,24.04,26,22,32.98,6875450
2026-10-03 18:13:00,23.308614,23.378347,23.254749,0.026993,60,14.812187,14.874495,14.755474,0.027322,60,19.323492,19.395742,19.281300,0.027329,60,75.405000,75.700000,75.300000,0.132031,60,29.628791,29.662392,29.606316,0.015052,60,29.721049,29.734489,29.678413,0.012300,60,29.569021,29.611656,29.542229,0.011540,60,28.800000,28.800000,28.800000,0.000001,60,28.899448,28.922287,28.882034,0.007724,60,28.932837,28.957108,28.919266,0.007928,60,28.865591,28.878952,28.848770,0.008198,60,1000.195000,1000.200000,1000.100000,0.021978,60,1000.195000,1000.200000,1000.100000,0.021978,60,23.996667,24.100000,23.900000,0.100788,60,0.164110,0.219292,0.060368,0.033560,60,0.137574,0.185020,0.045237,0.032294,60,0.137017,0.192978,0.058203,0.032875,60,0.001496,0.002107,0.000636,0.000359,60,0.001735,0.002318,0.000638,0.000355,60,0.001471,0.001978,0.000484,0.000345,60,1.264926,1.423724,1.170046,0.066234,60,-178.897749,-178.749542,-179.008362,0.049818,60,-0.214680,-0.106967,-0.319237,0.045804,60,7.299886,7.456451,7.161723,0.058549,60,179.324491,179.447128,179.161621,0.064335,60,0.080596,0.186512,-0.024355,0.051268,60,0.000000,24.166667,31.000000,20.000000,2.464436,60,1773.533333,2061.000000,1643.000000,90.034733,60,2.416667,3.100000,2.000000,0.246444,60,177.309192,8.900736,60,60,60,60,60,60,60,60,60,60,60,60,60,60,60,60,60,60,60,60,60,60,60,60,60,60,60,60,60,60,12.9606,13.02,12.90,24.01,25,22,32.95,6875484
2026-10-03 18:14:00,23.309071,23.375296,23.241016,0.027516,60,14.805041,14.888227,14.721905,0.030774,60,19.317312,19.395742,19.246204,0.029525,60,75.413333,75.800000,74.800000,0.230303,60,29.609742,29.633018,29.576942,0.013528,60,29.707742,29.734489,29.678413,0.013378,60,29.553711,29.568932,29.526207,0.011596,60,28.790000,28.800000,28.700000,0.030253,60,28.878978,28.894608,28.861343,0.008518,60,28.915033,28.936752,28.896347,0.008719,60,28.844781,28.870285,28.814774,0.009516,60,1000.200000,1000.200000,1000.200000,0.000041,60,1000.200000,1000.200000,1000.200000,0.000041,60,24.013333,24.100000,23.900000,0.099943,60,0.151663,0.210145,0.043675,0.035259,60,0.125081,0.175068,0.016285,0.030383,60,0.142682,0.196740,0.066613,0.027845,60,0.001558,0.002148,0.000727,0.000304,60,0.001603,0.002221,0.000462,0.000373,60,0.001337,0.001871,0.000174,0.000325,60,1.244084,1.399086,1.078004,0.080924,60,-178.896552,-178.736832,-179.010239,0.058508,60,-0.219726,-0.119705,-0.318670,0.044176,60,7.292273,7.429545,7.131543,0.061313,60,179.318839,179.434006,179.163574,0.059612,60,0.078802,0.213988,-0.051088,0.056875,60,0.000000,24.150000,36.000000,17.000000,3.592954,60,1856.183333,2106.000000,1618.000000,98.846138,60,2.415000,3.600000,1.700000,0.359295,60,185.616559,9.786838,60,60,60,60,60,60,60,60,60,60,60,60,60,60,60,60,60,60,60,60,60,60,60,60,60,60,60,60,60,60,12.9600,13.02,12.92,24.07,27,22,32.92,6875517
2026-10-03 18:15:00,23.310572,23.375296,23.251698,0.028827,60,14.800437,14.856184,14.737164,0.026770,60,19.320465,19.378958,19.246204,0.026996,60,75.831667,76.400000,75.200000,0.317026,60,29.594210,29.619667,29.563591,0.011681,60,29.690296,29.721138,29.665062,0.014244,60,29.532349,29.555580,29.499504,0.014124,60,28.726667,28.800000,28.700000,0.044595,60,28.859009,28.878372,28.841629,0.008397,60,28.895456,28.909805,28.876541,0.007238,60,28.824417,28.839920,28.807327,0.008527,60,1000.171667,1000.200000,1000.100000,0.045442,60,1000.171667,1000.200000,1000.100000,0.045442,60,24.120000,24.300000,23.900000,0.120451,60,0.207111,0.289035,0.086893,0.040801,60,0.189189,0.280696,0.099069,0.042045,60,0.188548,0.262246,0.091841,0.037595,60,0.002059,0.002864,0.001003,0.000411,60,0.002189,0.003055,0.000918,0.000431,60,0.002022,0.003001,0.001059,0.000449,60,1.266796,1.451383,1.066329,0.083070,60,-178.891147,-178.739838,-178.968811,0.048864,60,-0.215737,-0.106967,-0.332271,0.044832,60,7.313030,7.488691,7.157759,0.076696,60,179.327651,179.487640,179.150070,0.080823,60,0.080995,0.212295,-0.090349,0.069073,60,0.000000,37.683333,50.000000,26.000000,7.436720,60,1753.833333,1922.000000,1570.000000,79.592216,60,3.768333,5.000000,2.600000,0.743672,60,175.377077,7.886118,60,60,60,60,60,60,60,60,60,60,60,60,60,60,60,60,60,60,60,60,60,60,60,60,60,60,60,60,60,60,12.9628,13.02,12.90,24.10,26,22,32.88,6875551
2026-10-03 18:16:00,23.297703,23.343252,23.251698,0.022061,60,14.796852,14.854658,14.735638,0.027534,60,19.314285,19.360647,19.259937,0.024264,60,75.923333,76.200000,75.800000,0.129362,60,29.571691,29.606316,29.534218,0.013338,60,29.665151,29.707787,29.622337,0.017038,60,29.510942,29.542229,29.486153,0.013402,60,28.700000,28.700000,28.700000,0.000000,60,28.830374,28.851974,28.801620,0.009999,60,28.866432,28.889420,28.843338,0.010602,60,28.797880,28.824112,28.776962,0.010163,60,1000.176667,1000.200000,1000.100000,0.042652,60,1000.176667,1000.200000,1000.100000,0.042652,60,24.133333,24.300000,24.100000,0.075165,60,0.253329,0.302984,0.158238,0.033962,60,0.217911,0.279339,0.132092,0.031588,60,0.218037,0.287475,0.105784,0.038770,60,0.002381,0.003139,0.001155,0.000423,60,0.002678,0.003203,0.001673,0.000359,60,0.002329,0.002986,0.001412,0.000338,60,1.243458,1.423290,0.933260,0.088176,60,-178.884834,-178.777313,-178.997375,0.054165,60,-0.222796,-0.106967,-0.292490,0.038431,60,7.304104,7.472076,7.105322,0.068680,60,179.315905,179.487411,179.124100,0.062245,60,0.088654,0.290463,-0.051244,0.070067,60,0.000000,36.416667,46.000000,29.000000,3.460634,60,1782.933333,1862.000000,1694.000000,36.434230,60,3.641667,4.600000,2.900000,0.346063,60,178.294122,3.611996,60,60,60,60,60,60,60,60,60,60,60,60,60,60,60,60,60,60,60,60,60,60,60,60,60,60,60,60,60,60,12.9597,13.02,12.90,24.10,26,22,32.81,6875585
2026-10-03 18:17:00,23.301086,23.356985,23.219654,0.026690,60,14.796445,14.854658,14.718852,0.031363,60,19.313064,19.392691,19.244678,0.027414,60,76.205000,76.300000,76.100000,0.056524,60,29.546501,29.576942,29.520866,0.015611,60,29.641830,29.678413,29.608986,0.015666,60,29.485930,29.526207,29.456779,0.014809,60,28.700000,28.700000,28.700000,0.000000,60,28.804656,28.836105,28.776901,0.011382,60,28.839666,28.864273,28.818558,0.010619,60,28.771155,28.794846,28.745316,0.010422,60,1000.193333,1000.200000,1000.100000,0.025155,60,1000.193333,1000.200000,1000.100000,0.025155,60,24.103333,24.300000,24.100000,0.025820,60,0.243115,0.290407,0.153436,0.032341,60,0.210854,0.261245,0.121009,0.029037,60,0.215993,0.276852,0.127693,0.030172,60,0.002359,0.003023,0.001394,0.000329,60,0.002570,0.003070,0.001622,0.000342,60,0.002254,0.002793,0.001294,0.000310,60,1.271849,1.469230,1.044959,0.091599,60,-178.891431,-178.777313,-178.997375,0.049608,60,-0.231244,-0.146551,-0.359652,0.043489,60,7.320343,7.476391,7.188307,0.063571,60,179.328570,179.514099,179.124313,0.076120,60,0.081898,0.265859,-0.129904,0.083540,60,0.000000,36.033333,47.000000,28.000000,4.654018,60,1823.750000,1976.000000,1570.000000,105.744756,60,3.603333,4.700000,2.800000,0.465402,60,182.422033,10.468860,60,60,60,60,60,60,60,60,60,60,60,60,60,60,60,60,60,60,60,60,60,60,60,60,60,60,60,60,60,60,12.9616,13.02,12.90,24.13,26,22,32.75,6875619
2026-10-03 18:18:00,23.289056,23.355459,23.219654,0.028705,60,14.797284,14.886702,14.735638,0.030573,60,19.307164,19.374380,19.241627,0.026039,60,76.380000,77.000000,75.800000,0.293893,60,29.519309,29.550240,29.494164,0.014269,60,29.620468,29.651711,29.595634,0.014158,60,29.462877,29.499504,29.427406,0.014241,60,28.693333,28.700000,28.600000,0.025155,60,28.778505,28.799606,28.763046,0.009665,60,28.816431,28.835800,28.804855,0.008883,60,28.745075,28.766220,28.720901,0.008956,60,1000.195000,1000.200000,1000.100000,0.021978,60,1000.195000,1000.200000,1000.100000,0.021978,60,24.093333,24.300000,23.900000,0.097192,60,0.199573,0.283318,0.081177,0.044998,60,0.170819,0.238400,0.069891,0.037337,60,0.178467,0.225509,0.052007,0.032989,60,0.001949,0.002463,0.000568,0.000360,60,0.002109,0.002995,0.000858,0.000476,60,0.001826,0.002548,0.000747,0.000399,60,1.259809,1.555741,1.104121,0.090257,60,-178.887592,-178.789474,-179.008606,0.051535,60,-0.219524,-0.146623,-0.293671,0.037910,60,7.299722,7.466685,7.153042,0.065759,60,179.317875,179.474838,179.150665,0.076107,60,0.107599,0.266782,-0.090418,0.070698,60,0.000000,29.566667,41.000000,20.000000,6.170918,60,1769.733333,2001.000000,1585.000000,72.426202,60,2.956667,4.100000,2.000000,0.617092,60,176.964369,7.171201,60,60,60,60,60,60,60,60,60,60,60,60,60,60,60,60,60,60,60,60,60,60,60,60,60,60,60,60,60,60,12.9587,13.03,12.90,24.02,26,23,32.67,6875653
2026-10-03 18:19:00,23.286640,23.338675,23.231861,0.025387,60,14.795987,14.851606,14.735638,0.025902,60,19.299662,19.374380,19.209583,0.032433,60,77.140000,77.400000,76.500000,0.285942,60,29.497412,29.520866,29.464790,0.013411,60,29.595412,29.622337,29.566261,0.013485,60,29.437420,29.470131,29.398033,0.016064,60,28.613333,28.700000,28.600000,0.034280,60,28.755932,28.775925,28.739090,0.008245,60,28.795411,28.811508,28.781082,0.007787,60,28.723872,28.743729,28.704239,0.009125,60,1000.200000,1000.200000,1000.200000,0.000041,60,1000.200000,1000.200000,1000.200000,0.000041,60,24.273333,24.300000,24.100000,0.068561,60,0.157475,0.209002,0.054423,0.034136,60,0.143243,0.211936,0.036190,0.036179,60,0.156448,0.223075,0.053113,0.033918,60,0.001708,0.002436,0.000580,0.000370,60,0.001665,0.002209,0.000575,0.000361,60,0.001531,0.002266,0.000387,0.000387,60,1.253330,1.525785,1.039463,0.096194,60,-178.894490,-178.817230,-178.996201,0.045004,60,-0.224135,-0.146551,-0.332154,0.048254,60,7.321967,7.482536,7.170865,0.055566,60,179.343363,179.474731,179.218124,0.056596,60,0.084698,0.212295,-0.024946,0.056755,60,0.000000,25.866667,38.000000,19.000000,4.102363,60,1836.183333,1988.000000,1676.000000,71.067285,60,2.586667,3.800000,1.900000,0.410236,60,183.620520,7.042632,60,60,60,60,60,60,60,60,60,60,60,60,60,60,60,60,60,60,60,60,60,60,60,60,60,60,60,60,60,60,12.9610,13.03,12.89,24.16,26,23,32.62,6875686
2026-10-03 18:20:00,23.292617,23.337149,23.245594,0.022158,60,14.787823,14.851606,14.700541,0.028794,60,19.301696,19.354544,19.223316,0.028660,60,77.141667,77.300000,77.000000,0.080867,60,29.475872,29.507515,29.438087,0.014772,60,29.571513,29.608986,29.536888,0.015469,60,29.418594,29.456779,29.384682,0.016653,60,28.600000,28.600000,28.600000,0.000001,60,28.729490,28.753799,28.709305,0.011924,60,28.773978,28.792526,28.742142,0.011990,60,28.697577,28.721207,28.677902,0.009914,60,1000.200000,1000.200000,1000.200000,0.000041,60,1000.200000,1000.200000,1000.200000,0.000041,60,24.300000,24.300000,24.300000,0.000001,60,0.225755,0.289721,0.101528,0.039610,60,0.210571,0.274363,0.073058,0.036572,60,0.222345,0.283491,0.106669,0.040493,60,0.002428,0.003096,0.001165,0.000442,60,0.002386,0.003062,0.001073,0.000419,60,0.002251,0.002933,0.000781,0.000391,60,1.254773,1.423724,1.079761,0.071312,60,-178.891243,-178.791763,-178.969040,0.041263,60,-0.222890,-0.146406,-0.319806,0.042825,60,7.309664,7.498966,7.184342,0.070193,60,179.323490,179.475327,179.161423,0.075784,60,0.091828,0.318077,-0.130022,0.101132,60,0.000000,33.733333,43.000000,24.000000,4.471631,60,1963.083333,2087.000000,1801.000000,55.647283,60,3.373333,4.300000,2.400000,0.447163,60,196.313352,5.512929,60,60,60,60,60,60,60,60,60,60,60,60,60,60,60,60,60,60,60,60,60,60,60,60,60,60,60,60,60,60,12.9616,13.02,12.90,24.14,26,23,32.55,6875720
2026-10-03 18:21:00,23.287200,23.337149,23.245594,0.023883,60,14.780295,14.850080,14.699016,0.030304,60,19.300679,19.354544,19.253834,0.025736,60,77.165000,77.300000,76.500000,0.153849,60,29.451172,29.494164,29.422066,0.015653,60,29.547925,29.566261,29.523537,0.012740,60,29.389800,29.427406,29.355309,0.015819,60,28.600000,28.600000,28.600000,0.000001,60,28.701070,28.727310,28.681595,0.010168,60,28.746127,28.766098,28.726517,0.008399,60,28.668907,28.689713,28.647476,0.011123,60,1000.200000,1000.200000,1000.200000,0.000041,60,1000.200000,1000.200000,1000.200000,0.000041,60,24.293333,24.300000,24.100000,0.036204,60,0.223945,0.296352,0.096955,0.037974,60,0.207133,0.264411,0.101557,0.030979,60,0.207569,0.270434,0.109988,0.029488,60,0.002267,0.002953,0.001201,0.000322,60,0.002367,0.003132,0.001025,0.000401,60,0.002214,0.002827,0.001086,0.000331,60,1.270178,1.424593,1.066329,0.073433,60,-178.893646,-178.778183,-179.008606,0.048563,60,-0.227692,-0.146189,-0.319351,0.039155,60,7.303300,7.501740,7.125621,0.064124,60,179.322583,179.474365,179.109573,0.077593,60,0.090883,0.224738,-0.064469,0.059874,60,0.000000,27.466667,34.000000,21.000000,3.039105,60,1851.500000,2014.000000,1629.000000,111.286696,60,2.746667,3.400000,2.100000,0.303910,60,185.171087,11.034504,60,60,60,60,60,60,60,60,60,60,60,60,60,60,60,60,60,60,60,60,60,60,60,60,60,60,60,60,60,60,12.9591,13.02,12.92,24.04,26,22,32.43,6875754
2026-10-03 18:22:00,23.287149,23.337149,23.228809,0.026709,60,14.779660,14.865339,14.714274,0.030304,60,19.299509,19.354544,19.237049,0.024127,60,76.855000,77.700000,76.400000,0.378411,60,29.424113,29.451439,29.392693,0.014629,60,29.524783,29.566261,29.496834,0.015605,60,29.361806,29.398033,29.328606,0.012964,60,28.596667,28.600000,28.500000,0.018102,60,28.672949,28.696823,28.650345,0.011449,60,28.722237,28.743576,28.700912,0.010835,60,28.641256,28.668198,28.616928,0.011843,60,1000.216667,1000.300000,1000.200000,0.037582,60,1000.216667,1000.300000,1000.200000,0.037582,60,24.178333,24.400000,24.100000,0.105913,60,0.219623,0.270284,0.111132,0.034869,60,0.202123,0.261018,0.109474,0.032697,60,0.212401,0.263131,0.119726,0.036079,60,0.002319,0.002873,0.001307,0.000394,60,0.002321,0.002857,0.001175,0.000369,60,0.002161,0.002790,0.001170,0.000350,60,1.276053,1.462560,1.039463,0.094621,60,-178.894561,-178.776428,-178.972916,0.044689,60,-0.231862,-0.120632,-0.333439,0.045466,60,7.324698,7.462588,7.164915,0.070565,60,179.327576,179.540833,179.163574,0.075190,60,0.080973,0.213988,-0.090418,0.070014,60,0.000000,35.866667,46.000000,23.000000,5.453864,60,1829.366667,2084.000000,1600.000000,118.815619,60,3.586667,4.600000,2.300000,0.545386,60,182.916750,11.769221,60,60,60,60,60,60,60,60,60,60,60,60,60,60,60,60,60,60,60,60,60,60,60,60,60,60,60,60,60,60,12.9586,13.02,12.90,24.12,26,22,32.31,6875788
2026-10-03 18:23:00,23.275654,23.320364,23.228809,0.021973,60,14.786475,14.847029,14.731060,0.027159,60,19.289743,19.368277,19.253834,0.025851,60,77.063333,77.200000,76.700000,0.123462,60,29.395140,29.422066,29.363319,0.013467,60,29.503999,29.536888,29.467461,0.015061,60,29.339865,29.368660,29.312584,0.011943,60,28.510000,28.600000,28.500000,0.030253,60,28.644956,28.674240,28.612289,0.011256,60,28.695266,28.717148,28.662949,0.009391,60,28.612479,28.635849,28.588211,0.011184,60,1000.250000,1000.300000,1000.200000,0.050422,60,1000.250000,1000.300000,1000.200000,0.050422,60,24.240000,24.300000,24.100000,0.092425,60,0.216433,0.285834,0.083463,0.035580,60,0.204065,0.253780,0.083236,0.036716,60,0.204888,0.289024,0.123045,0.034595,60,0.002237,0.003156,0.001344,0.000378,60,0.002288,0.003021,0.000882,0.000376,60,0.002181,0.002713,0.000890,0.000392,60,1.256725,1.425897,0.997835,0.083873,60,-178.908281,-178.779633,-178.970261,0.045452,60,-0.224463,-0.146261,-0.293563,0.041532,60,7.293242,7.403418,7.160954,0.059279,60,179.332781,179.448746,179.188690,0.069488,60,0.079999,0.225456,-0.024777,0.067694,60,0.000000,32.766667,44.000000,21.000000,5.076922,60,1770.050000,1891.000000,1589.000000,74.874454,60,3.276667,4.400000,2.100000,0.507692,60,177.013130,7.419864,60,60,60,60,60,60,60,60,60,60,60,60,60,60,60,60,60,60,60,60,60,60,60,60,60,60,60,60,60,60,12.9590,13.03,12.92,24.14,26,23,32.24,6875821
2026-10-03 18:24:00,23.274332,23.343252,23.196766,0.027794,60,14.774472,14.847029,14.728008,0.023365,60,19.294982,19.351492,19.235523,0.028527,60,77.335000,77.600000,77.000000,0.205703,60,29.366079,29.392693,29.336617,0.014576,60,29.475382,29.510185,29.454109,0.013730,60,29.309691,29.328606,29.272530,0.011343,60,28.500000,28.500000,28.500000,0.000000,60,28.615592,28.632523,28.598007,0.008914,60,28.673270,28.695023,28.654953,0.010039,60,28.584960,28.605698,28.562790,0.009464,60,1000.295000,1000.300000,1000.200000,0.021978,60,1000.295000,1000.300000,1000.200000,0.021978,60,24.103333,24.300000,24.100000,0.025820,60,0.196760,0.245131,0.107931,0.029879,60,0.176176,0.230257,0.078939,0.030306,60,0.191742,0.233698,0.112423,0.026781,60,0.002094,0.002552,0.001228,0.000292,60,0.002080,0.002591,0.001141,0.000316,60,0.001883,0.002461,0.000844,0.000324,60,1.248238,1.553881,1.023661,0.097930,60,-178.896613,-178.752502,-179.035782,0.049466,60,-0.222208,-0.146768,-0.318897,0.042511,60,7.308225,7.429145,7.160954,0.066005,60,179.328787,179.473541,179.190018,0.068385,60,0.098850,0.227187,-0.024609,0.059915,60,0.000000,28.233333,40.000000,19.000000,5.063551,60,1855.400000,2009.000000,1697.000000,103.649376,60,2.823333,4.000000,1.900000,0.506355,60,185.549593,10.279497,60,60,60,60,60,60,60,60,60,60,60,60,60,60,60,60,60,60,60,60,60,60,60,60,60,60,60,60,60,60,12.9585,13.00,12.90,24.04,26,22,32.17,6875857
2026-10-03 18:25:00,23.279189,23.343252,23.224232,0.025331,60,14.775285,14.831769,14.712749,0.026990,60,19.281478,19.317923,19.185167,0.026582,60,77.708333,77.900000,77.600000,0.088857,60,29.337685,29.363319,29.307243,0.015179,60,29.451038,29.480812,29.424736,0.012191,60,29.283611,29.312584,29.243149,0.015024,60,28.500000,28.500000,28.500000,0.000000,60,28.588626,28.611313,28.562790,0.012399,60,28.649552,28.669693,28.630447,0.010662,60,28.558617,28.577530,28.535019,0.010046,60,1000.300000,1000.300000,1000.300000,0.000000,60,1000.300000,1000.300000,1000.300000,0.000000,60,24.250000,24.300000,24.100000,0.087333,60,0.227760,0.291550,0.130797,0.035652,60,0.212811,0.258304,0.123271,0.029531,60,0.217111,0.267557,0.133004,0.030190,60,0.002371,0.002922,0.001452,0.000330,60,0.002407,0.003082,0.001383,0.000377,60,0.002275,0.002761,0.001318,0.000316,60,1.262256,1.423724,1.078355,0.077332,60,-178.899717,-178.778183,-178.996201,0.054937,60,-0.222572,-0.107030,-0.333205,0.045066,60,7.310767,7.485163,7.155777,0.075810,60,179.315813,179.447128,179.122650,0.064846,60,0.093252,0.213423,-0.024609,0.061948,60,0.000000,29.250000,40.000000,21.000000,4.249128,60,1860.250000,2016.000000,1735.000000,55.673572,60,2.925000,4.000000,2.100000,0.424913,60,186.022469,5.516740,60,60,60,60,60,60,60,60,60,60,60,60,60,60,60,60,60,60,60,60,60,60,60,60,60,60,60,60,60,60,12.9578,13.03,12.90,24.08,26,23,32.15,6875891
2026-10-03 18:26:00,23.269754,23.314260,23.236439,0.021894,60,14.778846,14.845503,14.728008,0.026113,60,19.281910,19.349966,19.198902,0.032312,60,77.441667,78.000000,77.100000,0.283017,60,29.312183,29.349968,29.277870,0.015112,60,29.430299,29.454109,29.395363,0.014603,60,29.257440,29.285881,29.216446,0.017877,60,28.491667,28.500000,28.400000,0.027872,60,28.555990,28.578659,28.533585,0.010251,60,28.620714,28.647110,28.596909,0.010340,60,28.527847,28.544174,28.512161,0.008878,60,1000.300000,1000.300000,1000.300000,0.000000,60,1000.300000,1000.300000,1000.300000,0.000000,60,24.160000,24.300000,24.100000,0.092425,60,0.237981,0.310758,0.133084,0.035743,60,0.214439,0.273232,0.134354,0.029517,60,0.205223,0.274639,0.078342,0.035056,60,0.002241,0.002999,0.000855,0.000383,60,0.002515,0.003285,0.001407,0.000378,60,0.002292,0.002921,0.001436,0.000316,60,1.276033,1.676592,1.066329,0.107216,60,-178.898685,-178.822556,-178.996201,0.041403,60,-0.232868,-0.119771,-0.321404,0.044677,60,7.326383,7.468732,7.170864,0.068323,60,179.309224,179.595398,179.083633,0.098896,60,0.095581,0.291419,-0.129844,0.086302,60,0.000000,37.816667,46.000000,27.000000,4.593627,60,1762.833333,1884.000000,1651.000000,62.704625,60,3.781667,4.600000,2.700000,0.459363,60,176.280862,6.216853,60,60,60,60,60,60,60,60,60,60,60,60,60,60,60,60,60,60,60,60,60,60,60,60,60,60,60,60,60,60,12.9560,13.04,12.92,23.97,26,23,32.09,6875925
2026-10-03 18:27:00,23.268330,23.324942,23.204395,0.026249,60,14.775260,14.845503,14.708171,0.026626,60,19.277917,19.346914,19.230946,0.025825,60,77.491667,77.700000,77.200000,0.168031,60,29.281519,29.307243,29.237808,0.016194,60,29.402706,29.424736,29.365990,0.015030,60,29.229975,29.243149,29.200424,0.009807,60,28.425000,28.500000,28.400000,0.043667,60,28.531700,28.553818,28.508194,0.010317,60,28.598636,28.619675,28.577408,0.009119,60,28.500525,28.528885,28.482071,0.010373,60,1000.300000,1000.300000,1000.300000,0.000000,60,1000.300000,1000.300000,1000.300000,0.000000,60,24.136667,24.300000,24.100000,0.078041,60,0.190434,0.251305,0.093067,0.032635,60,0.142591,0.192032,0.059034,0.027878,60,0.148628,0.196961,0.038950,0.031386,60,0.001623,0.002151,0.000425,0.000343,60,0.002013,0.002656,0.000984,0.000345,60,0.001524,0.002053,0.000631,0.000298,60,1.272511,1.527158,1.043237,0.095255,60,-178.885624,-178.781357,-179.065155,0.051124,60,-0.234105,-0.159884,-0.358668,0.041059,60,7.304133,7.419355,7.129567,0.058718,60,179.327608,179.581238,179.150070,0.084630,60,0.095058,0.292217,-0.155748,0.093190,60,0.000000,38.133333,46.000000,22.000000,6.718219,60,1762.633333,1887.000000,1650.000000,55.303467,60,3.813333,4.600000,2.200000,0.671822,60,176.264069,5.480951,60,60,60,60,60,60,60,60,60,60,60,60,60,60,60,60,60,60,60,60,60,60,60,60,60,60,60,60,60,60,12.9543,13.00,12.90,24.07,26,22,32.08,6875958
2026-10-03 18:28:00,23.266015,23.324942,23.219654,0.026171,60,14.761323,14.842450,14.709697,0.026593,60,19.277561,19.345388,19.230946,0.024250,60,77.510000,77.600000,77.400000,0.068147,60,29.258242,29.293892,29.221786,0.015162,60,29.376938,29.408714,29.339287,0.014861,60,29.203273,29.229797,29.160370,0.014442,60,28.400000,28.400000,28.400000,0.000000,60,28.509687,28.529373,28.491623,0.008275,60,28.577606,28.595413,28.563828,0.006436,60,28.481520,28.501938,28.466324,0.009459,60,1000.308333,1000.400000,1000.300000,0.027872,60,1000.308333,1000.400000,1000.300000,0.027872,60,24.100000,24.100000,24.100000,0.000001,60,0.149838,0.211288,0.062426,0.031714,60,0.106262,0.182306,0.002262,0.035207,60,0.117089,0.164651,0.038064,0.027052,60,0.001279,0.001798,0.000416,0.000295,60,0.001584,0.002233,0.000660,0.000335,60,0.001136,0.001949,0.000024,0.000376,60,1.268165,1.530370,1.026030,0.116898,60,-178.880730,-178.777313,-178.968811,0.051749,60,-0.234090,-0.120101,-0.332854,0.047983,60,7.307976,7.456451,7.141936,0.061246,60,179.325404,179.513550,179.123489,0.079034,60,0.101596,0.317746,-0.103317,0.085778,60,0.000000,34.616667,44.000000,25.000000,4.498933,60,1665.350000,1756.000000,1564.000000,50.100518,60,3.461667,4.400000,2.500000,0.449893,60,166.535190,4.966812,60,60,60,60,60,60,60,60,60,60,60,60,60,60,60,60,60,60,60,60,60,60,60,60,60,60,60,60,60,60,12.9552,13.02,12.90,24.03,26,22,32.03,6875992
2026-10-03 18:29:00,23.261336,23.324942,23.169298,0.028910,60,14.767351,14.842450,14.708171,0.029157,60,19.270898,19.310291,19.162279,0.024438,60,78.188333,78.600000,77.600000,0.331454,60,29.236030,29.277870,29.208435,0.015129,60,29.358335,29.382011,29.325935,0.013884,60,29.179240,29.216446,29.144348,0.014086,60,28.400000,28.400000,28.400000,0.000000,60,28.492351,28.516739,28.476547,0.009111,60,28.559694,28.577042,28.542984,0.007530,60,28.461613,28.476334,28.439621,0.008319,60,1000.388333,1000.400000,1000.300000,0.032373,60,1000.388333,1000.400000,1000.300000,0.032373,60,24.310000,24.400000,24.100000,0.089632,60,0.081863,0.154350,-0.022409,0.036575,60,0.038764,0.087534,-0.045916,0.027611,60,0.064632,0.113972,-0.060859,0.034570,60,0.000706,0.001245,-0.000665,0.000378,60,0.000865,0.001631,-0.000237,0.000387,60,0.000414,0.000936,-0.000491,0.000295,60,1.264656,1.452266,0.973601,0.089701,60,-178.905029,-178.791763,-179.038040,0.056703,60,-0.224992,-0.120035,-0.332504,0.045592,60,7.321208,7.498967,7.137473,0.066399,60,179.328268,179.474365,179.163971,0.058312,60,0.090801,0.290463,-0.050697,0.063477,60,0.000000,23.150000,30.000000,18.000000,2.692268,60,1764.783333,1945.000000,1628.000000,62.215615,60,2.315000,3.000000,1.800000,0.269227,60,176.470037,6.162823,60,60,60,60,60,60,60,60,60,60,60,60,60,60,60,60,60,60,60,60,60,60,60,60,60,60,60,60,60,60,12.9554,13.02,12.90,24.05,26,22,32.04,6876026
2026-10-03 18:30:00,23.256428,23.306629,23.215076,0.022483,60,14.768114,14.859236,14.708171,0.029184,60,19.278401,19.342337,19.212635,0.027693,60,78.335000,78.500000,78.200000,0.093564,60,29.212886,29.237808,29.165710,0.015738,60,29.339910,29.382011,29.309914,0.013663,60,29.161794,29.187073,29.130997,0.014295,60,28.400000,28.400000,28.400000,0.000000,60,28.475674,28.495804,28.458847,0.009085,60,28.547370,28.562851,28.520493,0.008550,60,28.447370,28.469284,28.429825,0.009847,60,1000.393333,1000.400000,1000.300000,0.025155,60,1000.393333,1000.400000,1000.300000,0.025155,60,24.305000,24.400000,24.300000,0.021978,60,0.110671,0.167842,0.027669,0.031859,60,0.091304,0.162628,0.003393,0.032145,60,0.101306,0.148717,-0.003098,0.031784,60,0.001106,0.001624,-0.000034,0.000347,60,0.001170,0.001774,0.000292,0.000337,60,0.000976,0.001738,0.000036,0.000344,60,1.269053,1.421124,1.082935,0.073452,60,-178.904470,-178.788895,-179.010468,0.053434,60,-0.225963,-0.120101,-0.359160,0.044234,60,7.326674,7.456453,7.180799,0.067129,60,179.318823,179.434402,179.162018,0.055564,60,0.097075,0.292217,-0.023847,0.064963,60,0.000000,23.216667,35.000000,16.000000,4.013079,60,1761.583333,1968.000000,1569.000000,100.989392,60,2.321667,3.500000,1.600000,0.401308,60,176.147162,10.007065,60,60,60,60,60,60,60,60,60,60,60,60,60,60,60,60,60,60,60,60,60,60,60,60,60,60,60,60,60,60,12.9568,13.02,12.92,24.09,26,22,32.01,6876060
2026-10-03 18:31:00,23.253758,23.334097,23.215076,0.024067,60,14.755042,14.808881,14.691386,0.026205,60,19.268533,19.327078,19.194324,0.026395,60,78.400000,78.500000,78.200000,0.108924,60,29.195084,29.221786,29.165710,0.014035,60,29.326425,29.352638,29.296562,0.013270,60,29.144215,29.173721,29.117645,0.012226,60,28.400000,28.400000,28.400000,0.000000,60,28.457422,28.475784,28.438858,0.007806,60,28.533990,28.554611,28.510635,0.008916,60,28.426485,28.445511,28.410263,0.008339,60,1000.366667,1000.400000,1000.300000,0.047538,60,1000.366667,1000.400000,1000.300000,0.047538,60,24.343333,24.400000,24.300000,0.049972,60,0.118903,0.169214,0.020123,0.030783,60,0.083285,0.145211,-0.000452,0.028580,60,0.093077,0.150708,-0.001992,0.034584,60,0.001016,0.001646,-0.000022,0.000378,60,0.001257,0.001789,0.000213,0.000325,60,0.000890,0.001552,-0.000005,0.000306,60,1.260922,1.449181,1.067375,0.086457,60,-178.890399,-178.751022,-179.038040,0.066672,60,-0.232390,-0.119573,-0.320147,0.048579,60,7.311671,7.468734,7.188307,0.068348,60,179.336321,179.474487,179.219406,0.068233,60,0.097733,0.265398,0.002078,0.058490,60,0.000000,29.266667,37.000000,22.000000,2.979402,60,1766.883333,1946.000000,1521.000000,75.793898,60,2.926667,3.700000,2.200000,0.297940,60,176.702504,7.498333,60,60,60,60,60,60,60,60,60,60,60,60,60,60,60,60,60,60,60,60,60,60,60,60,60,60,60,60,60,60,12.9525,13.02,12.90,24.03,26,22,32.01,6876094
2026-10-03 18:32:00,23.247756,23.286793,23.167772,0.021172,60,14.761044,14.840924,14.705119,0.030045,60,19.262531,19.308765,19.176012,0.029221,60,78.108333,78.300000,77.700000,0.129263,60,29.173944,29.208435,29.139008,0.014479,60,29.307110,29.339287,29.283211,0.013287,60,29.126279,29.160370,29.088272,0.014210,60,28.400000,28.400000,28.400000,0.000000,60,28.438377,28.456009,28.424210,0.008750,60,28.519173,28.540451,28.502426,0.008825,60,28.411614,28.428391,28.393600,0.008443,60,1000.395000,1000.400000,1000.300000,0.021978,60,1000.395000,1000.400000,1000.300000,0.021978,60,24.300000,24.300000,24.300000,0.000001,60,0.124848,0.177217,0.014863,0.033951,60,0.091526,0.148378,-0.011988,0.033843,60,0.108295,0.152921,0.000221,0.031202,60,0.001183,0.001670,0.000002,0.000341,60,0.001320,0.001873,0.000157,0.000359,60,0.000978,0.001586,-0.000128,0.000362,60,1.290774,1.466112,1.131667,0.072716,60,-178.889856,-178.791183,-179.008362,0.045864,60,-0.222120,-0.106841,-0.332854,0.042112,60,7.320907,7.468734,7.160954,0.069142,60,179.322039,179.474731,179.229660,0.054889,60,0.088844,0.253131,0.001806,0.043229,60,0.000000,21.083333,25.000000,16.000000,1.976915,60,1849.800000,1969.000000,1655.000000,70.989567,60,2.108333,2.500000,1.600000,0.197691,60,184.984565,7.034527,60,60,60,60,60,60,60,60,60,60,60,60,60,60,60,60,60,60,60,60,60,60,60,60,60,60,60,60,60,60,12.9542,13.02,12.90,24.05,26,22,32.00,6876127
2026-10-03 18:33:00,23.245569,23.332571,23.181505,0.028939,60,14.756492,14.856184,14.705119,0.027796,60,19.261768,19.342337,19.208057,0.026735,60,77.901667,78.300000,77.700000,0.186395,60,29.153872,29.179062,29.122986,0.012422,60,29.290154,29.325935,29.253838,0.011994,60,29.108700,29.144348,29.061569,0.015104,60,28.400000,28.400000,28.400000,0.000000,60,28.416704,28.436478,28.397720,0.007880,60,28.502072,28.520676,28.482590,0.008573,60,28.393298,28.409866,28.379532,0.007404,60,1000.400000,1000.400000,1000.400000,0.000000,60,1000.400000,1000.400000,1000.400000,0.000000,60,24.300000,24.300000,24.300000,0.000001,60,0.135363,0.183391,0.017607,0.035194,60,0.096732,0.162854,0.008369,0.029313,60,0.108509,0.150487,0.018590,0.029782,60,0.001185,0.001643,0.000203,0.000325,60,0.001431,0.001938,0.000186,0.000372,60,0.001034,0.001741,0.000089,0.000313,60,1.262893,1.450502,1.026369,0.085764,60,-178.900788,-178.779633,-179.064056,0.056326,60,-0.234781,-0.106778,-0.358668,0.048116,60,7.320805,7.484586,7.179198,0.062258,60,179.319823,179.474731,179.148880,0.061899,60,0.090903,0.213423,-0.024946,0.050402,60,0.000000,27.316667,39.000000,18.000000,4.401431,60,1689.183333,1807.000000,1563.000000,55.638205,60,2.731667,3.900000,1.800000,0.440143,60,168.919530,5.514547,60,60,60,60,60,60,60,60,60,60,60,60,60,60,60,60,60,60,60,60,60,60,60,60,60,60,60,60,60,60,12.9513,13.02,12.90,24.01,27,22,32.00,6876161
2026-10-03 18:34:00,23.240610,23.318838,23.181505,0.027257,60,14.753669,14.805829,14.673076,0.028684,60,19.259174,19.308765,19.208057,0.020762,60,77.871667,78.200000,77.700000,0.151927,60,29.137005,29.165710,29.109634,0.014127,60,29.273064,29.296562,29.240479,0.013154,60,29.092278,29.130997,29.061569,0.016508,60,28.400000,28.400000,28.400000,0.000000,60,28.402020,28.422806,28.378036,0.009451,60,28.485915,28.506363,28.469986,0.007825,60,28.373981,28.396835,28.355667,0.008854,60,1000.400000,1000.400000,1000.400000,0.000000,60,1000.400000,1000.400000,1000.400000,0.000000,60,24.300000,24.300000,24.300000,0.000001,60,0.130218,0.184534,0.026068,0.032025,60,0.085238,0.127795,0.002036,0.029348,60,0.098056,0.150266,-0.009516,0.033329,60,0.001071,0.001641,-0.000104,0.000364,60,0.001376,0.001951,0.000276,0.000339,60,0.000911,0.001366,0.000022,0.000314,60,1.279743,1.559938,1.042549,0.101213,60,-178.886709,-178.750427,-179.036697,0.051931,60,-0.238702,-0.146406,-0.332854,0.044127,60,7.317612,7.455671,7.160954,0.066427,60,179.319688,179.488556,179.161621,0.081957,60,0.097624,0.212718,-0.024777,0.065410,60,0.000000,33.300000,43.000000,24.000000,4.026606,60,1713.766667,1864.000000,1541.000000,66.904021,60,3.330000,4.300000,2.400000,0.402661,60,171.377913,6.627514,60,60,60,60,60,60,60,60,60,60,60,60,60,60,60,60,60,60,60,60,60,60,60,60,60,60,60,60,60,60,12.9524,13.00,12.90,24.04,26,22,32.00,6876195
2026-10-03 18:35:00,23.238143,23.302052,23.181505,0.025830,60,14.747387,14.822614,14.689860,0.029439,60,19.254775,19.305714,19.205006,0.025197,60,78.133333,78.400000,77.700000,0.233374,60,29.116978,29.139008,29.096283,0.013152,60,29.255794,29.296562,29.227127,0.013064,60,29.071360,29.104294,29.045547,0.013719,60,28.335000,28.400000,28.300000,0.048099,60,28.382216,28.399460,28.361557,0.009121,60,28.470245,28.484421,28.453873,0.007821,60,28.356894,28.375443,28.338089,0.009187,60,1000.400000,1000.400000,1000.400000,0.000000,60,1000.400000,1000.400000,1000.400000,0.000000,60,24.170000,24.300000,24.100000,0.096199,60,0.124033,0.168756,0.028355,0.031870,60,0.065899,0.113093,-0.016964,0.028354,60,0.084387,0.129242,-0.019475,0.033946,60,0.000922,0.001411,-0.000213,0.000371,60,0.001311,0.001784,0.000300,0.000337,60,0.000704,0.001209,-0.000181,0.000303,60,1.282613,1.491568,1.081170,0.084398,60,-178.883294,-178.737427,-178.968323,0.047472,60,-0.231978,-0.159657,-0.333556,0.039017,60,7.320055,7.450002,7.151818,0.064910,60,179.329489,179.514984,179.217224,0.064523,60,0.100430,0.252980,0.001262,0.050974,60,0.000000,30.250000,37.000000,26.000000,3.250163,60,1725.600000,1880.000000,1631.000000,59.564863,60,3.025000,3.700000,2.600000,0.325016,60,172.554808,5.903584,60,60,60,60,60,60,60,60,60,60,60,60,60,60,60,60,60,60,60,60,60,60,60,60,60,60,60,60,60,60,12.9514,13.00,12.89,23.98,26,22,32.00,6876229
2026-10-03 18:36:00,23.230030,23.270008,23.163195,0.022910,60,14.754177,14.822614,14.671550,0.032220,60,19.250629,19.322500,19.205006,0.024864,60,78.395000,78.700000,78.000000,0.193474,60,29.100377,29.122986,29.053558,0.012616,60,29.241772,29.283211,29.197754,0.014205,60,29.050977,29.074921,29.032196,0.012310,60,28.318333,28.400000,28.300000,0.039020,60,28.366036,28.381485,28.346237,0.008401,60,28.453630,28.472275,28.432419,0.008962,60,28.339397,28.357376,28.322952,0.008847,60,1000.403333,1000.500000,1000.400000,0.018102,60,1000.403333,1000.500000,1000.400000,0.018102,60,24.181667,24.400000,24.100000,0.115702,60,0.130908,0.183848,0.036815,0.033885,60,0.069567,0.123045,-0.007690,0.030146,60,0.071116,0.130570,-0.019475,0.029394,60,0.000777,0.001426,-0.000213,0.000321,60,0.001384,0.001943,0.000389,0.000358,60,0.000744,0.001315,-0.000082,0.000322,60,1.299022,1.504054,1.145450,0.092606,60,-178.883925,-178.778183,-179.009766,0.049173,60,-0.235717,-0.146841,-0.332154,0.040599,60,7.314686,7.453626,7.168880,0.066403,60,179.333979,179.595215,179.150665,0.087632,60,0.104779,0.316918,-0.089866,0.080872,60,0.000000,36.883333,45.000000,24.000000,5.092672,60,1693.083333,1816.000000,1528.000000,58.997067,60,3.688333,4.500000,2.400000,0.509267,60,169.308869,5.846408,60,60,60,60,60,60,60,60,60,60,60,60,60,60,60,60,60,60,60,60,60,60,60,60,60,60,60,60,60,60,12.9531,13.00,12.90,23.96,26,23,32.00,6876263
2026-10-03 18:37:00,23.225325,23.270008,23.160143,0.025320,60,14.743470,14.805829,14.686809,0.024892,60,19.250528,19.304188,19.186693,0.023344,60,78.445000,78.600000,78.300000,0.103211,60,29.082130,29.109634,29.053558,0.015401,60,29.227038,29.267189,29.197754,0.013110,60,29.035534,29.061569,28.989471,0.013745,60,28.300000,28.300000,28.300000,0.000001,60,28.347222,28.364334,28.327744,0.007443,60,28.438773,28.453049,28.411697,0.008807,60,28.322525,28.344498,28.305862,0.007909,60,1000.403333,1000.500000,1000.400000,0.018102,60,1000.403333,1000.500000,1000.400000,0.018102,60,24.183333,24.300000,24.100000,0.099433,60,0.148218,0.200541,0.049392,0.031869,60,0.076368,0.116712,-0.007238,0.025203,60,0.079710,0.135881,-0.025229,0.032688,60,0.000870,0.001484,-0.000275,0.000357,60,0.001567,0.002120,0.000522,0.000337,60,0.000816,0.001248,-0.000077,0.000269,60,1.291997,1.463890,1.133490,0.076055,60,-178.902105,-178.779037,-179.008362,0.052480,60,-0.223769,-0.120565,-0.332620,0.040044,60,7.329492,7.453626,7.203052,0.062007,60,179.314476,179.595856,179.151260,0.088914,60,0.103436,0.329056,-0.090555,0.088609,60,0.000000,40.116667,47.000000,29.000000,3.733003,60,1728.750000,1792.000000,1604.000000,37.277532,60,4.011667,4.700000,2.900000,0.373300,60,172.876593,3.694982,60,60,60,60,60,60,60,60,60,60,60,60,60,60,60,60,60,60,60,60,60,60,60,60,60,60,60,60,60,60,12.9514,13.02,12.90,24.05,26,22,32.00,6876296
2026-10-03 18:38:00,23.217848,23.297474,23.176928,0.026334,60,14.739757,14.804303,14.685283,0.028228,60,19.241779,19.287403,19.186693,0.026420,60,78.445000,78.600000,78.000000,0.081146,60,29.063616,29.096283,29.040207,0.010742,60,29.209014,29.253838,29.171051,0.014897,60,29.019468,29.045547,28.976120,0.011008,60,28.300000,28.300000,28.300000,0.000001,60,28.331125,28.354721,28.311020,0.008017,60,28.420173,28.447556,28.405869,0.008593,60,28.306876,28.323746,28.291519,0.007625,60,1000.421667,1000.500000,1000.400000,0.041545,60,1000.421667,1000.500000,1000.400000,0.041545,60,24.196667,24.300000,24.100000,0.100788,60,0.135794,0.180876,0.053508,0.027540,60,0.070902,0.111736,-0.010857,0.027675,60,0.072610,0.117734,-0.014606,0.029052,60,0.000793,0.001286,-0.000159,0.000317,60,0.001435,0.001912,0.000566,0.000291,60,0.000758,0.001194,-0.000116,0.000296,60,1.280851,1.533131,1.105193,0.077976,60,-178.882101,-178.736832,-179.010925,0.058052,60,-0.236036,-0.120101,-0.318444,0.038339,60,7.329209,7.492798,7.163707,0.072503,60,179.328898,179.473907,179.230011,0.056281,60,0.096313,0.265551,-0.050619,0.061882,60,0.000000,35.050000,41.000000,28.000000,2.625978,60,1737.933333,1812.000000,1633.000000,38.540697,60,3.505000,4.100000,2.800000,0.262598,60,173.794834,3.820179,60,60,60,60,60,60,60,60,60,60,60,60,60,60,60,60,60,60,60,60,60,60,60,60,60,60,60,60,60,60,12.9525,13.00,12.90,24.04,26,23,32.00,6876330
2026-10-03 18:39:00,23.216246,23.265430,23.146410,0.023761,60,14.744971,14.804303,14.668498,0.027233,60,19.239999,19.285877,19.171434,0.026993,60,78.490000,78.700000,78.100000,0.186584,60,29.051467,29.096283,29.024185,0.015787,60,29.193971,29.227127,29.155029,0.013934,60,29.003891,29.032196,28.976120,0.012214,60,28.300000,28.300000,28.300000,0.000001,60,28.314066,28.331985,28.298691,0.007793,60,28.402491,28.430038,28.384171,0.008670,60,28.290986,28.314255,28.277328,0.008442,60,1000.431667,1000.500000,1000.400000,0.046910,60,1000.431667,1000.500000,1000.400000,0.046910,60,24.266667,24.300000,24.100000,0.075165,60,0.125553,0.174930,0.023324,0.029198,60,0.066216,0.121914,-0.025559,0.029259,60,0.073211,0.130127,-0.017704,0.028056,60,0.000799,0.001421,-0.000193,0.000306,60,0.001327,0.001849,0.000247,0.000309,60,0.000708,0.001303,-0.000273,0.000313,60,1.296969,1.490667,1.041519,0.092514,60,-178.894817,-178.779037,-179.009537,0.051778,60,-0.234283,-0.107156,-0.332504,0.049541,60,7.333518,7.509268,7.195086,0.074196,60,179.313958,179.447876,179.165131,0.065563,60,0.090628,0.187051,-0.051478,0.060927,60,0.000000,32.216667,40.000000,23.000000,3.987658,60,1736.833333,1843.000000,1603.000000,48.738725,60,3.221667,4.000000,2.300000,0.398766,60,173.686184,4.830437,60,60,60,60,60,60,60,60,60,60,60,60,60,60,60,60,60,60,60,60,60,60,60,60,60,60,60,60,60,60,12.9497,13.03,12.90,24.03,26,22,32.00,6876364
2026-10-03 18:40:00,23.215788,23.297474,23.146410,0.025657,60,14.736019,14.801251,14.668498,0.027271,60,19.233641,19.285877,19.185167,0.022764,60,78.763333,79.400000,78.400000,0.295713,60,29.033353,29.066910,28.997482,0.014866,60,29.176748,29.211105,29.141678,0.013414,60,28.984042,29.005493,28.949417,0.012486,60,28.300000,28.300000,28.300000,0.000001,60,28.299933,28.318161,28.287399,0.008024,60,28.390852,28.405869,28.374985,0.007775,60,28.274812,28.290939,28.258652,0.008543,60,1000.418333,1000.500000,1000.400000,0.039020,60,1000.418333,1000.500000,1000.400000,0.039020,60,24.283333,24.400000,24.100000,0.078474,60,0.105602,0.154808,0.006860,0.030615,60,0.047808,0.097260,-0.032345,0.029723,60,0.056565,0.121054,-0.053777,0.033982,60,0.000618,0.001322,-0.000587,0.000371,60,0.001116,0.001636,0.000073,0.000324,60,0.000511,0.001040,-0.000346,0.000318,60,1.272489,1.454917,1.067725,0.090148,60,-178.895825,-178.793198,-179.035553,0.051108,60,-0.238926,-0.119903,-0.332854,0.043843,60,7.323619,7.478995,7.176823,0.066265,60,179.308629,179.475327,179.122040,0.078619,60,0.099384,0.251778,-0.050932,0.062314,60,0.000000,33.866667,43.000000,29.000000,3.500444,60,1737.566667,1846.000000,1655.000000,39.915745,60,3.386667,4.300000,2.900000,0.350044,60,173.755852,3.956899,60,60,60,60,60,60,60,60,60,60,60,60,60,60,60,60,60,60,60,60,60,60,60,60,60,60,60,60,60,60,12.9531,13.00,12.90,24.13,27,23,32.00,6876398
2026-10-03 18:41:00,23.206404,23.265430,23.144884,0.028923,60,14.729814,14.801251,14.666972,0.031242,60,19.225122,19.299610,19.185167,0.027329,60,78.373333,78.500000,78.200000,0.095432,60,29.015151,29.040207,28.984131,0.010488,60,29.160770,29.184402,29.128326,0.013869,60,28.969266,29.005493,28.949417,0.012777,60,28.300000,28.300000,28.300000,0.000001,60,28.282846,28.301407,28.265823,0.007811,60,28.373532,28.392044,28.354660,0.007673,60,28.258076,28.283646,28.231033,0.009467,60,1000.410000,1000.500000,1000.400000,0.030253,60,1000.410000,1000.500000,1000.400000,0.030253,60,24.146667,24.300000,24.100000,0.085304,60,0.131392,0.189794,0.040703,0.032829,60,0.073390,0.127116,-0.010631,0.030477,60,0.081023,0.130348,-0.006197,0.032906,60,0.000885,0.001423,-0.000068,0.000359,60,0.001389,0.002006,0.000430,0.000347,60,0.000785,0.001359,-0.000114,0.000326,60,1.282560,1.534054,1.107702,0.087839,60,-178.888575,-178.752792,-178.995499,0.052369,60,-0.234996,-0.119771,-0.332620,0.050692,60,7.318167,7.483106,7.117851,0.068132,60,179.321937,179.516602,179.151657,0.073275,60,0.098324,0.252378,-0.129368,0.074898,60,0.000000,30.950000,43.000000,22.000000,5.459947,60,1730.466667,1842.000000,1510.000000,63.789768,60,3.095000,4.300000,2.200000,0.545995,60,173.052410,6.316483,60,60,60,60,60,60,60,60,60,60,60,60,60,60,60,60,60,60,60,60,60,60,60,60,60,60,60,60,60,60,12.9514,13.00,12.90,24.02,26,22,32.00,6876432
2026-10-03 18:42:00,23.203962,23.247120,23.155565,0.023232,60,14.731212,14.785993,14.650187,0.031588,60,19.224054,19.282825,19.166857,0.026420,60,79.165000,79.800000,78.500000,0.417752,60,29.002600,29.024185,28.984131,0.011019,60,29.145906,29.171051,29.128326,0.012066,60,28.949106,28.976120,28.920044,0.014233,60,28.300000,28.300000,28.300000,0.000001,60,28.266790,28.286850,28.249161,0.006769,60,28.358255,28.370956,28.338791,0.007684,60,28.243890,28.264572,28.225906,0.008688,60,1000.406667,1000.500000,1000.400000,0.025155,60,1000.406667,1000.500000,1000.400000,0.025155,60,24.338333,24.400000,24.300000,0.049030,60,0.081055,0.147262,-0.008461,0.035712,60,0.034052,0.076903,-0.072379,0.030225,60,0.060966,0.112865,-0.045589,0.032941,60,0.000666,0.001232,-0.000498,0.000360,60,0.000857,0.001557,-0.000089,0.000377,60,0.000364,0.000822,-0.000774,0.000323,60,1.279633,1.450062,1.077302,0.074203,60,-178.889609,-178.751617,-178.996902,0.053282,60,-0.244245,-0.159506,-0.332154,0.042144,60,7.316499,7.455671,7.147862,0.062937,60,179.328419,179.447128,179.218506,0.057758,60,0.095013,0.212718,-0.050619,0.048510,60,0.000000,22.500000,29.000000,18.000000,2.473589,60,1616.800000,1760.000000,1489.000000,70.345829,60,2.250000,2.900000,1.800000,0.247359,60,161.676733,6.972961,60,60,60,60,60,60,60,60,60,60,60,60,60,60,60,60,60,60,60,60,60,60,60,60,60,60,60,60,60,60,12.9504,13.00,12.90,24.06,26,22,31.99,6876465
2026-10-03 18:43:00,23.202818,23.247120,23.141832,0.027276,60,14.728695,14.801251,14.666972,0.026601,60,19.223494,19.282825,19.163805,0.024402,60,79.326667,79.800000,79.100000,0.222365,60,28.986178,29.024185,28.954758,0.013368,60,29.133489,29.171051,29.114975,0.010893,60,28.938513,28.962769,28.906693,0.015526,60,28.296667,28.300000,28.200000,0.018102,60,28.251494,28.272659,28.228653,0.010071,60,28.349588,28.366714,28.334641,0.007602,60,28.229850,28.249954,28.211929,0.008150,60,1000.425000,1000.500000,1000.400000,0.043667,60,1000.425000,1000.500000,1000.400000,0.043667,60,24.346667,24.400000,24.300000,0.050310,60,0.100842,0.166012,-0.008232,0.035277,60,0.052973,0.107438,-0.021035,0.032292,60,0.071363,0.133447,-0.044482,0.038247,60,0.000779,0.001457,-0.000486,0.000418,60,0.001066,0.001755,-0.000087,0.000373,60,0.000566,0.001149,-0.000225,0.000345,60,1.290233,1.423290,1.105909,0.080138,60,-178.897763,-178.780487,-179.006744,0.049858,60,-0.228688,-0.119771,-0.359037,0.051688,60,7.335829,7.505853,7.190758,0.066727,60,179.305965,179.447754,179.163574,0.070345,60,0.098438,0.226320,-0.064693,0.071364,60,0.000000,30.033333,36.000000,22.000000,3.199400,60,1733.766667,1879.000000,1638.000000,64.419538,60,3.003333,3.600000,2.200000,0.319940,60,173.370240,6.385583,60,60,60,60,60,60,60,60,60,60,60,60,60,60,60,60,60,60,60,60,60,60,60,60,60,60,60,60,60,60,12.9479,13.00,12.89,24.01,26,23,31.99,6876499
2026-10-03 18:44:00,23.204801,23.260853,23.141832,0.026812,60,14.718140,14.782941,14.650187,0.030289,60,19.220925,19.281300,19.131762,0.030880,60,79.423333,79.900000,79.000000,0.206969,60,28.968020,28.997482,28.925385,0.014333,60,29.120850,29.141678,29.098953,0.011777,60,28.921290,28.949417,28.893341,0.012413,60,28.205000,28.300000,28.200000,0.021978,60,28.234836,28.251205,28.212845,0.009219,60,28.334431,28.350540,28.319748,0.008320,60,28.212951,28.231400,28.185867,0.007997,60,1000.475000,1000.500000,1000.400000,0.043667,60,1000.475000,1000.500000,1000.400000,0.043667,60,24.380000,24.400000,24.300000,0.040338,60,0.121022,0.169214,0.016235,0.031786,60,0.062638,0.124402,-0.047499,0.033997,60,0.085324,0.132783,0.007303,0.030590,60,0.000932,0.001450,0.000080,0.000334,60,0.001279,0.001789,0.000172,0.000336,60,0.000670,0.001330,-0.000508,0.000363,60,1.280195,1.490667,1.106626,0.069919,60,-178.895525,-178.788895,-178.969788,0.042115,60,-0.242614,-0.159431,-0.358422,0.045097,60,7.334018,7.485164,7.158975,0.065159,60,179.322507,179.472580,179.165527,0.064531,60,0.091856,0.186512,-0.064094,0.054579,60,0.000000,27.366667,34.000000,21.000000,3.053016,60,1636.050000,1812.000000,1470.000000,79.747998,60,2.736667,3.400000,2.100000,0.305302,60,163.608113,7.902308,60,60,60,60,60,60,60,60,60,60,60,60,60,60,60,60,60,60,60,60,60,60,60,60,60,60,60,60,60,60,12.9497,13.00,12.90,24.04,26,22,31.97,6876533
2026-10-03 18:45:00,23.193662,23.245594,23.140306,0.025662,60,14.718115,14.764629,14.663920,0.026845,60,19.217924,19.281300,19.148546,0.028966,60,79.851667,80.100000,79.600000,0.156759,60,28.952354,28.997482,28.925385,0.014665,60,29.108433,29.141678,29.072250,0.014654,60,28.911544,28.933395,28.877319,0.012403,60,28.203333,28.300000,28.200000,0.018102,60,28.217223,28.238083,28.198807,0.007957,60,28.319547,28.341324,28.300156,0.008819,60,28.196333,28.215744,28.173691,0.008848,60,1000.500000,1000.500000,1000.500000,0.000000,60,1000.500000,1000.500000,1000.500000,0.000000,60,24.406667,24.600000,24.400000,0.036204,60,0.103041,0.155951,-0.009147,0.036859,60,0.053033,0.101557,-0.043428,0.029560,60,0.070876,0.115521,-0.012836,0.027807,60,0.000774,0.001261,-0.000140,0.000304,60,0.001089,0.001648,-0.000097,0.000390,60,0.000567,0.001086,-0.000464,0.000316,60,1.296448,1.492920,1.079058,0.098332,60,-178.883063,-178.781067,-178.970749,0.041480,60,-0.238734,-0.159657,-0.333205,0.044447,60,7.331024,7.455671,7.187135,0.062659,60,179.321130,179.555161,179.163971,0.079507,60,0.103176,0.227042,-0.024355,0.053347,60,0.000000,33.800000,43.000000,18.000000,6.010725,60,1696.233333,1815.000000,1585.000000,42.589633,60,3.380000,4.300000,1.800000,0.601072,60,169.623133,4.221061,60,60,60,60,60,60,60,60,60,60,60,60,60,60,60,60,60,60,60,60,60,60,60,60,60,60,60,60,60,60,12.9491,13.00,12.89,24.02,26,22,31.94,6876567
2026-10-03 18:46:00,23.190127,23.242542,23.108263,0.028732,60,14.714860,14.764629,14.631876,0.027812,60,19.210600,19.262989,19.148546,0.028097,60,79.480000,80.000000,79.100000,0.272341,60,28.938113,28.968109,28.912033,0.012451,60,29.091877,29.128326,29.058899,0.013597,60,28.890982,28.906693,28.863968,0.012074,60,28.200000,28.200000,28.200000,0.000000,60,28.200776,28.221390,28.188370,0.007586,60,28.303825,28.323715,28.283066,0.008498,60,28.180186,28.199356,28.160049,0.007683,60,1000.496667,1000.500000,1000.400000,0.018102,60,1000.496667,1000.500000,1000.400000,0.018102,60,24.366667,24.400000,24.300000,0.047538,60,0.141827,0.205114,0.050535,0.032979,60,0.070830,0.118069,-0.025107,0.027933,60,0.089197,0.144069,-0.004205,0.032089,60,0.000974,0.001573,-0.000046,0.000350,60,0.001499,0.002168,0.000534,0.000349,60,0.000757,0.001262,-0.000268,0.000299,60,1.298035,1.504055,1.027048,0.094731,60,-178.888681,-178.752792,-179.009537,0.057619,60,-0.247406,-0.146623,-0.359776,0.040901,60,7.335362,7.470022,7.210180,0.058803,60,179.311185,179.447510,179.123688,0.066709,60,0.102123,0.213988,-0.025954,0.062406,60,0.000000,34.516667,42.000000,24.000000,5.397713,60,1633.000000,1790.000000,1444.000000,88.609599,60,3.451667,4.200000,2.400000,0.539771,60,163.315831,8.778009,60,60,60,60,60,60,60,60,60,60,60,60,60,60,60,60,60,60,60,60,60,60,60,60,60,60,60,60,60,60,12.9494,13.03,12.90,23.97,26,22,31.94,6876600
2026-10-03 18:47:00,23.187838,23.241016,23.091478,0.026512,60,14.711732,14.781414,14.662395,0.025110,60,19.204573,19.262989,19.162279,0.023559,60,79.545000,79.600000,79.500000,0.050169,60,28.916973,28.941406,28.898682,0.011767,60,29.074609,29.098953,29.042877,0.012868,60,28.874427,28.906693,28.847946,0.012795,60,28.200000,28.200000,28.200000,0.000000,60,28.182908,28.213638,28.168900,0.009138,60,28.285872,28.302872,28.268875,0.007534,60,28.163236,28.181076,28.148911,0.007071,60,1000.548333,1000.600000,1000.500000,0.050394,60,1000.548333,1000.600000,1000.500000,0.050394,60,24.378333,24.400000,24.300000,0.041545,60,0.151873,0.196425,0.073173,0.029038,60,0.076387,0.133450,-0.001357,0.027289,60,0.085612,0.130348,-0.006418,0.027087,60,0.000935,0.001423,-0.000070,0.000296,60,0.001605,0.002076,0.000773,0.000307,60,0.000817,0.001427,-0.000015,0.000292,60,1.282074,1.530370,1.070525,0.090433,60,-178.894258,-178.740723,-178.997375,0.048730,60,-0.229441,-0.159808,-0.332854,0.044389,60,7.330193,7.443855,7.163707,0.066323,60,179.315102,179.448898,179.190018,0.065209,60,0.093298,0.214271,-0.050462,0.055711,60,0.000000,33.683333,44.000000,27.000000,4.143574,60,1654.233333,1766.000000,1526.000000,56.893706,60,3.368333,4.400000,2.700000,0.414357,60,165.422270,5.638917,60,60,60,60,60,60,60,60,60,60,60,60,60,60,60,60,60,60,60,60,60,60,60,60,60,60,60,60,60,60,12.9504,13.00,12.90,24.14,26,22,31.88,6876634
2026-10-03 18:48:00,23.186948,23.256275,23.108263,0.026584,60,14.719743,14.781414,14.645609,0.035588,60,19.210753,19.262989,19.162279,0.027126,60,79.315000,79.700000,79.100000,0.179288,60,28.899794,28.925385,28.869308,0.016099,60,29.063438,29.098953,29.042877,0.014098,60,28.855467,28.906693,28.834595,0.013442,60,28.200000,28.200000,28.200000,0.000000,60,28.168295,28.188858,28.154678,0.008085,60,28.268817,28.283249,28.249069,0.008033,60,28.146601,28.161911,28.129715,0.006169,60,1000.600000,1000.600000,1000.600000,0.000039,60,1000.600000,1000.600000,1000.600000,0.000039,60,24.240000,24.300000,24.100000,0.092425,60,0.116071,0.167842,0.023553,0.032129,60,0.052272,0.099069,-0.033928,0.025613,60,0.065927,0.108882,-0.038064,0.029773,60,0.000720,0.001189,-0.000416,0.000325,60,0.001227,0.001774,0.000249,0.000340,60,0.000559,0.001059,-0.000363,0.000274,60,1.285636,1.489317,1.134585,0.081467,60,-178.901247,-178.749237,-179.008362,0.057942,60,-0.234149,-0.146841,-0.331688,0.042092,60,7.325815,7.458496,7.184341,0.068035,60,179.315703,179.446381,179.149475,0.065683,60,0.109619,0.253131,0.002078,0.059978,60,0.000000,25.716667,30.000000,20.000000,2.584777,60,1640.250000,1756.000000,1485.000000,67.746943,60,2.571667,3.000000,2.000000,0.258478,60,164.035069,6.712985,60,60,60,60,60,60,60,60,60,60,60,60,60,60,60,60,60,60,60,60,60,60,60,60,60,60,60,60,60,60,12.9468,13.00,12.89,23.98,26,22,31.84,6876668
2026-10-03 18:49:00,23.175606,23.256275,23.118944,0.025803,60,14.716742,14.781414,14.645609,0.028713,60,19.211948,19.259937,19.162279,0.027169,60,79.941667,80.400000,79.500000,0.182536,60,28.883862,28.912033,28.855957,0.013168,60,29.044346,29.072250,29.016174,0.013396,60,28.839668,28.863968,28.818573,0.012742,60,28.193333,28.200000,28.100000,0.025155,60,28.152557,28.168747,28.137802,0.007621,60,28.257310,28.268784,28.243393,0.006638,60,28.133157,28.151566,28.117325,0.008006,60,1000.650000,1000.700000,1000.600000,0.050422,60,1000.650000,1000.700000,1000.600000,0.050422,60,24.306667,24.400000,24.300000,0.025155,60,0.089184,0.147033,0.010061,0.029375,60,0.022581,0.078939,-0.098165,0.031835,60,0.042155,0.097595,-0.053334,0.029012,60,0.000460,0.001066,-0.000582,0.000317,60,0.000943,0.001554,0.000106,0.000310,60,0.000241,0.000844,-0.001049,0.000340,60,1.293664,1.456246,1.105909,0.079416,60,-178.897656,-178.779633,-179.008606,0.049276,60,-0.227667,-0.159808,-0.319351,0.039088,60,7.343429,7.531961,7.236386,0.064186,60,179.319334,179.474731,179.150665,0.056752,60,0.116531,0.226032,0.014689,0.047891,60,0.000000,23.016667,28.000000,20.000000,1.978629,60,1652.516667,1789.000000,1494.000000,68.749235,60,2.301667,2.800000,2.000000,0.197863,60,165.251968,6.813487,60,60,60,60,60,60,60,60,60,60,60,60,60,60,60,60,60,60,60,60,60,60,60,60,60,60,60,60,60,60,12.9469,13.00,12.89,24.09,26,22,31.80,6876702
2026-10-03 18:50:00,23.176369,23.210499,23.132677,0.022767,60,14.699219,14.760052,14.630350,0.027775,60,19.206022,19.259937,19.159227,0.026714,60,80.208333,80.700000,79.900000,0.157622,60,28.867128,28.898682,28.839935,0.014973,60,29.031083,29.058899,29.000153,0.013149,60,28.828008,28.863968,28.805222,0.013620,60,28.186667,28.200000,28.100000,0.034280,60,28.140687,28.154495,28.116959,0.006598,60,28.246669,28.257797,28.231491,0.005904,60,28.122687,28.139053,28.102646,0.007878,60,1000.700000,1000.700000,1000.700000,0.000052,60,1000.700000,1000.700000,1000.700000,0.000052,60,24.390000,24.400000,24.300000,0.030253,60,0.076112,0.133084,-0.033157,0.028671,60,0.007016,0.074189,-0.076225,0.030136,60,0.021061,0.065506,-0.057982,0.028522,60,0.000230,0.000715,-0.000633,0.000311,60,0.000805,0.001407,-0.000350,0.000303,60,0.000075,0.000793,-0.000815,0.000322,60,1.289314,1.422423,1.131667,0.070383,60,-178.887656,-178.777588,-178.995499,0.048249,60,-0.237708,-0.159431,-0.359652,0.047696,60,7.331702,7.470022,7.236386,0.059826,60,179.326863,179.433640,179.230179,0.055150,60,0.097767,0.224882,-0.024101,0.047144,60,0.000000,23.583333,30.000000,20.000000,2.714004,60,1691.233333,1768.000000,1543.000000,50.875510,60,2.358333,3.000000,2.000000,0.271400,60,169.129052,5.041638,60,60,60,60,60,60,60,60,60,60,60,60,60,60,60,60,60,60,60,60,60,60,60,60,60,60,60,60,60,60,12.9486,13.00,12.89,24.10,26,23,31.80,6876736
2026-10-03 18:51:00,23.174487,23.224232,23.103685,0.028288,60,14.706772,14.778362,14.645609,0.029468,60,19.203250,19.276722,19.159227,0.025380,60,80.525000,81.000000,80.400000,0.149150,60,28.851151,28.885330,28.823914,0.013291,60,29.017865,29.058899,28.986801,0.012820,60,28.816882,28.847946,28.791870,0.012379,60,28.188333,28.200000,28.100000,0.032373,60,28.132128,28.146988,28.119980,0.006746,60,28.234645,28.257492,28.223831,0.006041,60,28.115578,28.131332,28.097488,0.007036,60,1000.703333,1000.800000,1000.700000,0.018102,60,1000.703333,1000.800000,1000.700000,0.018102,60,24.420000,24.600000,24.400000,0.060506,60,0.068543,0.123251,-0.032013,0.033193,60,0.000241,0.054285,-0.078034,0.024459,60,0.013975,0.057318,-0.068383,0.030473,60,0.000153,0.000626,-0.000747,0.000333,60,0.000724,0.001303,-0.000338,0.000351,60,0.000003,0.000580,-0.000834,0.000261,60,1.291076,1.452707,1.148027,0.072336,60,-178.901536,-178.751022,-178.997849,0.050804,60,-0.235207,-0.159884,-0.319806,0.038125,60,7.323871,7.474887,7.188307,0.057008,60,179.321282,179.448380,179.218124,0.054123,60,0.108684,0.226320,-0.024777,0.050205,60,0.000000,23.800000,35.000000,17.000000,3.790264,60,1621.466667,1771.000000,1484.000000,76.043357,60,2.380000,3.500000,1.700000,0.379026,60,162.149754,7.537473,60,60,60,60,60,60,60,60,60,60,60,60,60,60,60,60,60,60,60,60,60,60,60,60,60,60,60,60,60,60,12.9465,13.00,12.89,24.10,26,22,31.71,6876769
2026-10-03 18:52:00,23.168256,23.237965,23.103685,0.026958,60,14.707561,14.778362,14.645609,0.031436,60,19.193179,19.241627,19.143969,0.024276,60,80.730000,81.000000,80.300000,0.139369,60,28.841048,28.869308,28.797211,0.014545,60,29.007140,29.042877,28.973450,0.015138,60,28.804999,28.818573,28.778519,0.010281,60,28.110000,28.200000,28.100000,0.030253,60,28.123635,28.142288,28.103378,0.007905,60,28.223566,28.243423,28.206436,0.007082,60,28.103066,28.116745,28.086411,0.006770,60,1000.738333,1000.800000,1000.700000,0.049030,60,1000.738333,1000.800000,1000.700000,0.049030,60,24.453333,24.600000,24.400000,0.089190,60,0.078029,0.124166,-0.029955,0.032413,60,0.005711,0.068308,-0.080296,0.028288,60,0.001734,0.059752,-0.092948,0.030567,60,0.000019,0.000652,-0.001015,0.000334,60,0.000825,0.001312,-0.000317,0.000343,60,0.000061,0.000730,-0.000858,0.000302,60,1.299069,1.528075,1.108061,0.092289,60,-178.898548,-178.737427,-179.007889,0.054962,60,-0.244662,-0.146551,-0.359160,0.044598,60,7.335389,7.489422,7.204204,0.066069,60,179.322380,179.435043,179.191513,0.053188,60,0.107052,0.225600,0.001806,0.054350,60,0.000000,28.083333,34.000000,21.000000,2.941760,60,1667.333333,1815.000000,1581.000000,43.453332,60,2.808333,3.400000,2.100000,0.294176,60,166.730955,4.305950,60,60,60,60,60,60,60,60,60,60,60,60,60,60,60,60,60,60,60,60,60,60,60,60,60,60,60,60,60,60,12.9482,13.03,12.90,24.09,26,22,31.61,6876803
2026-10-03 18:53:00,23.167086,23.224232,23.114367,0.027143,60,14.705933,14.778362,14.659343,0.026113,60,19.194400,19.258411,19.143969,0.027473,60,80.748333,81.000000,80.500000,0.184567,60,28.829744,28.855957,28.797211,0.013849,60,28.998239,29.016174,28.960098,0.012660,60,28.793339,28.805222,28.762497,0.010423,60,28.100000,28.100000,28.100000,0.000001,60,28.117625,28.133926,28.096634,0.008488,60,28.215518,28.245224,28.199112,0.007714,60,28.096234,28.115616,28.078110,0.007286,60,1000.796667,1000.800000,1000.700000,0.018102,60,1000.796667,1000.800000,1000.700000,0.018102,60,24.470000,24.600000,24.400000,0.096199,60,0.057434,0.101071,-0.036129,0.029071,60,-0.014853,0.030309,-0.111736,0.029921,60,-0.008576,0.033638,-0.102907,0.031265,60,-0.000094,0.000367,-0.001124,0.000341,60,0.000607,0.001068,-0.000382,0.000307,60,-0.000159,0.000324,-0.001194,0.000320,60,1.299395,1.425897,1.081170,0.070849,60,-178.896260,-178.781067,-178.992401,0.049168,60,-0.232090,-0.146189,-0.332270,0.041221,60,7.339015,7.491472,7.170864,0.060025,60,179.328875,179.487411,179.229660,0.053435,60,0.108397,0.226032,0.014876,0.051711,60,0.000000,25.316667,31.000000,18.000000,3.539088,60,1677.333333,1861.000000,1535.000000,78.596948,60,2.531667,3.100000,1.800000,0.353909,60,167.712848,7.786271,60,60,60,60,60,60,60,60,60,60,60,60,60,60,60,60,60,60,60,60,60,60,60,60,60,60,60,60,60,60,12.9481,13.02,12.88,24.16,26,23,31.57,6876837
2026-10-03 18:54:00,23.157931,23.222706,23.103685,0.025099,60,14.701584,14.741741,14.645609,0.021770,60,19.192722,19.273670,19.140917,0.026646,60,80.785000,81.000000,80.600000,0.120486,60,28.816170,28.855957,28.783859,0.013488,60,28.991163,29.016174,28.960098,0.011414,60,28.784393,28.805222,28.762497,0.012279,60,28.100000,28.100000,28.100000,0.000001,60,28.110042,28.132248,28.096420,0.007412,60,28.206021,28.220535,28.192917,0.006596,60,28.091568,28.107254,28.075943,0.007092,60,1000.800000,1000.800000,1000.800000,0.000000,60,1000.800000,1000.800000,1000.800000,0.000000,60,24.456667,24.600000,24.400000,0.090884,60,0.047677,0.101299,-0.064713,0.037263,60,-0.017884,0.029404,-0.095450,0.027671,60,-0.004304,0.044925,-0.091841,0.031690,60,-0.000047,0.000491,-0.001003,0.000346,60,0.000504,0.001071,-0.000684,0.000394,60,-0.000191,0.000314,-0.001020,0.000296,60,1.303016,1.525327,1.080113,0.070678,60,-178.897561,-178.793198,-178.992889,0.046143,60,-0.228317,-0.146406,-0.318897,0.039494,60,7.344588,7.488691,7.168880,0.074671,60,179.320607,179.432983,179.216660,0.055573,60,0.109067,0.225888,0.001081,0.050621,60,0.000000,18.516667,25.000000,13.000000,2.937148,60,1773.616667,1894.000000,1621.000000,59.343325,60,1.851667,2.500000,1.300000,0.293715,60,177.365227,5.880795,60,60,60,60,60,60,60,60,60,60,60,60,60,60,60,60,60,60,60,60,60,60,60,60,60,60,60,60,60,60,12.9453,13.00,12.89,24.11,26,23,31.50,6876873
2026-10-03 18:55:00,23.160067,23.205921,23.085375,0.027464,60,14.698202,14.741741,14.627298,0.028878,60,19.186999,19.241627,19.125658,0.025976,60,80.921667,81.100000,80.500000,0.120861,60,28.811185,28.839935,28.783859,0.013377,60,28.978078,29.000153,28.944077,0.012121,60,28.776293,28.805222,28.749138,0.013000,60,28.100000,28.100000,28.100000,0.000001,60,28.105460,28.118027,28.088425,0.006591,60,28.197778,28.210617,28.177536,0.007079,60,28.082449,28.094986,28.069077,0.006022,60,1000.800000,1000.800000,1000.800000,0.000000,60,1000.800000,1000.800000,1000.800000,0.000000,60,24.550000,24.600000,24.400000,0.087333,60,0.063714,0.104729,-0.017150,0.029576,60,0.008904,0.056094,-0.077356,0.029497,60,0.015753,0.067941,-0.087194,0.030219,60,0.000172,0.000742,-0.000952,0.000330,60,0.000673,0.001107,-0.000181,0.000313,60,0.000095,0.000600,-0.000827,0.000315,60,1.308563,1.502243,1.175285,0.066658,60,-178.892761,-178.751617,-179.036697,0.057742,60,-0.232752,-0.119705,-0.332504,0.038559,60,7.346404,7.517538,7.145886,0.079262,60,179.317704,179.408386,179.231445,0.043763,60,0.106440,0.251778,0.001715,0.052448,60,0.000000,20.233333,31.000000,15.000000,3.567113,60,1778.000000,1998.000000,1471.000000,127.631222,60,2.023333,3.100000,1.500000,0.356711,60,177.832185,12.638011,60,60,60,60,60,60,60,60,60,60,60,60,60,60,60,60,60,60,60,60,60,60,60,60,60,60,60,60,60,60,12.9473,13.00,12.90,24.10,26,23,31.48,6876906
2026-10-03 18:56:00,23.154116,23.205921,23.085375,0.022899,60,14.699779,14.758526,14.644083,0.027395,60,19.177183,19.223316,19.111925,0.026714,60,80.630000,80.900000,80.300000,0.188931,60,28.803664,28.823914,28.783859,0.012411,60,28.965795,28.986801,28.944077,0.011419,60,28.767257,28.791870,28.735786,0.014613,60,28.100000,28.100000,28.100000,0.000001,60,28.095119,28.109512,28.077164,0.007090,60,28.186841,28.205673,28.173965,0.006896,60,28.074514,28.089401,28.057205,0.007041,60,1000.800000,1000.800000,1000.800000,0.000000,60,1000.800000,1000.800000,1000.800000,0.000000,60,24.403333,24.600000,24.400000,0.025820,60,0.085445,0.150463,-0.020351,0.034100,60,0.022562,0.081653,-0.052023,0.025644,60,0.021419,0.086530,-0.071924,0.032444,60,0.000234,0.000945,-0.000785,0.000354,60,0.000903,0.001590,-0.000215,0.000360,60,0.000241,0.000873,-0.000556,0.000274,60,1.286121,1.450502,1.079761,0.084271,60,-178.890071,-178.754272,-178.995010,0.049064,60,-0.239986,-0.120632,-0.333439,0.050238,60,7.327240,7.489279,7.204204,0.073494,60,179.332647,179.474838,179.189636,0.073431,60,0.107284,0.214697,0.002078,0.056297,60,0.000000,30.566667,39.000000,22.000000,4.526257,60,1634.550000,1757.000000,1537.000000,41.056978,60,3.056667,3.900000,2.200000,0.452626,60,163.454856,4.068568,60,60,60,60,60,60,60,60,60,60,60,60,60,60,60,60,60,60,60,60,60,60,60,60,60,60,60,60,60,60,12.9436,13.02,12.89,24.08,26,23,31.33,6876940
2026-10-03 18:57:00,23.141604,23.192188,23.100634,0.023820,60,14.695583,14.758526,14.641031,0.026639,60,19.180921,19.255360,19.095140,0.028016,60,80.343333,80.800000,80.200000,0.170111,60,28.792582,28.810562,28.754486,0.012111,60,28.959386,28.986801,28.917374,0.014674,60,28.756351,28.778519,28.719765,0.012424,60,28.100000,28.100000,28.100000,0.000001,60,28.086635,28.103287,28.071823,0.007003,60,28.175264,28.192184,28.159805,0.008025,60,28.063906,28.082199,28.050919,0.006776,60,1000.800000,1000.800000,1000.800000,0.000000,60,1000.800000,1000.800000,1000.800000,0.000000,60,24.400000,24.400000,24.400000,0.000000,60,0.098266,0.137200,-0.014635,0.034713,60,0.024123,0.071701,-0.059713,0.027829,60,0.026977,0.082104,-0.075465,0.032395,60,0.000295,0.000897,-0.000824,0.000354,60,0.001039,0.001450,-0.000155,0.000367,60,0.000258,0.000766,-0.000638,0.000297,60,1.297772,1.492920,1.105193,0.078562,60,-178.895748,-178.777588,-179.009064,0.052582,60,-0.227432,-0.120433,-0.332504,0.038617,60,7.345113,7.470022,7.173640,0.064691,60,179.334304,179.475677,179.190964,0.064373,60,0.111903,0.290463,-0.051322,0.064605,60,0.000000,31.000000,38.000000,26.000000,3.188964,60,1681.233333,1800.000000,1562.000000,59.569747,60,3.100000,3.800000,2.600000,0.318896,60,168.124548,5.905752,60,60,60,60,60,60,60,60,60,60,60,60,60,60,60,60,60,60,60,60,60,60,60,60,60,60,60,60,60,60,12.9470,13.02,12.89,24.11,26,22,31.31,6876974
2026-10-03 18:58:00,23.143002,23.190662,23.100634,0.023283,60,14.690573,14.758526,14.644083,0.024536,60,19.177513,19.240101,19.122606,0.023469,60,80.563333,80.800000,80.400000,0.146098,60,28.782925,28.810562,28.754486,0.012111,60,28.947770,28.986801,28.917374,0.016000,60,28.750787,28.778519,28.719765,0.012226,60,28.100000,28.100000,28.100000,0.000001,60,28.077544,28.103104,28.059952,0.007746,60,28.163505,28.175644,28.148911,0.006387,60,28.053886,28.070358,28.035965,0.008100,60,1000.800000,1000.800000,1000.800000,0.000000,60,1000.800000,1000.800000,1000.800000,0.000000,60,24.400000,24.400000,24.400000,0.000000,60,0.071134,0.128053,-0.034986,0.034075,60,0.002910,0.049761,-0.083463,0.026642,60,0.017465,0.075686,-0.074580,0.031946,60,0.000191,0.000826,-0.000814,0.000349,60,0.000752,0.001354,-0.000370,0.000360,60,0.000031,0.000532,-0.000892,0.000285,60,1.306643,1.494275,1.000161,0.100893,60,-178.900980,-178.751617,-179.062744,0.057428,60,-0.235914,-0.146406,-0.320147,0.046129,60,7.331157,7.472835,7.137473,0.070976,60,179.305766,179.447128,179.163177,0.061919,60,0.118599,0.226320,0.015158,0.049623,60,0.000000,25.983333,31.000000,21.000000,2.361353,60,1745.966667,1862.000000,1654.000000,40.702295,60,2.598333,3.100000,2.100000,0.236135,60,174.595838,4.034689,60,60,60,60,60,60,60,60,60,60,60,60,60,60,60,60,60,60,60,60,60,60,60,60,60,60,60,60,60,60,12.9415,12.99,12.89,23.98,26,22,31.25,6877008
2026-10-03 18:59:00,23.137255,23.192188,23.082323,0.025624,60,14.681977,14.758526,14.625772,0.031631,60,19.166959,19.221790,19.108873,0.026669,60,80.628333,81.100000,80.400000,0.155238,60,28.776649,28.797211,28.754486,0.012557,60,28.934642,28.960098,28.917374,0.010765,60,28.741039,28.762497,28.719765,0.011373,60,28.095000,28.100000,28.000000,0.021978,60,28.067722,28.078384,28.052109,0.006797,60,28.152454,28.166428,28.133408,0.007065,60,28.043690,28.063766,28.027145,0.008107,60,1000.800000,1000.800000,1000.800000,0.000000,60,1000.800000,1000.800000,1000.800000,0.000000,60,24.410000,24.600000,24.400000,0.043957,60,0.074225,0.117306,0.000457,0.027759,60,0.020327,0.068534,-0.051570,0.026026,60,0.028338,0.071260,-0.053334,0.028754,60,0.000309,0.000778,-0.000582,0.000314,60,0.000785,0.001240,0.000005,0.000293,60,0.000217,0.000733,-0.000551,0.000278,60,1.302881,1.530829,1.068424,0.103649,60,-178.889718,-178.751892,-179.009064,0.062124,60,-0.233037,-0.146261,-0.359037,0.046014,60,7.337328,7.528549,7.170864,0.069240,60,179.314350,179.434006,179.190964,0.047877,60,0.114415,0.253131,-0.049992,0.064546,60,0.000000,26.500000,35.000000,20.000000,3.138066,60,1740.733333,1860.000000,1626.000000,51.754593,60,2.650000,3.500000,2.000000,0.313807,60,174.074679,5.130416,60,60,60,60,60,60,60,60,60,60,60,60,60,60,60,60,60,60,60,60,60,60,60,60,60,60,60,60,60,60,12.9442,13.00,12.89,24.03,26,22,31.21,6877042
2026-10-03 19:00:00,23.136772,23.201344,23.085375,0.025369,60,14.680451,14.758526,14.625772,0.028093,60,19.166959,19.223316,19.108873,0.029514,60,81.068333,81.400000,80.800000,0.210320,60,28.762763,28.783859,28.741127,0.013818,60,28.923382,28.960098,28.888000,0.015054,60,28.729690,28.778519,28.706413,0.015376,60,28.041667,28.100000,28.000000,0.049717,60,28.056298,28.077164,28.040176,0.008336,60,28.142443,28.158890,28.120132,0.008134,60,28.032440,28.047348,28.018265,0.006685,60,1000.800000,1000.800000,1000.800000,0.000000,60,1000.800000,1000.800000,1000.800000,0.000000,60,24.540000,24.600000,24.400000,0.092425,60,0.088086,0.132398,-0.018522,0.034294,60,0.040680,0.092058,-0.048856,0.030450,60,0.048742,0.097153,-0.054441,0.030654,60,0.000532,0.001061,-0.000594,0.000335,60,0.000931,0.001399,-0.000196,0.000362,60,0.000435,0.000984,-0.000522,0.000326,60,1.295156,1.452707,1.148027,0.066952,60,-178.888695,-178.737427,-179.035553,0.055486,60,-0.235191,-0.106841,-0.332854,0.048106,60,7.333850,7.470022,7.170864,0.070696,60,179.317124,179.487991,179.164734,0.053284,60,0.120728,0.227476,0.001806,0.046905,60,0.000000,21.016667,26.000000,16.000000,2.521041,60,1748.050000,1862.000000,1577.000000,65.048984,60,2.101667,2.600000,1.600000,0.252104,60,174.816831,6.445584,60,60,60,60,60,60,60,60,60,60,60,60,60,60,60,60,60,60,60,60,60,60,60,60,60,60,60,60,60,60,12.9416,12.99,12.89,24.07,26,23,31.18,6877075
2026-10-03 19:01:00,23.125633,23.172350,23.068590,0.022730,60,14.683248,14.776836,14.607462,0.030528,60,19.166043,19.237049,19.108873,0.027154,60,81.645000,81.900000,81.000000,0.217400,60,28.756620,28.783859,28.725105,0.013202,60,28.911009,28.930725,28.874649,0.014002,60,28.718207,28.749138,28.693062,0.011396,60,28.021667,28.100000,28.000000,0.041545,60,28.045491,28.058060,28.029861,0.006855,60,28.131393,28.146317,28.107529,0.007225,60,28.021113,28.040482,28.006363,0.007971,60,1000.800000,1000.800000,1000.800000,0.000000,60,1000.800000,1000.800000,1000.800000,0.000000,60,24.723333,24.800000,24.600000,0.098060,60,0.060886,0.111589,-0.043218,0.034585,60,0.016052,0.066725,-0.076451,0.031439,60,0.017896,0.053998,-0.062629,0.027076,60,0.000195,0.000590,-0.000684,0.000296,60,0.000644,0.001180,-0.000457,0.000366,60,0.000172,0.000713,-0.000817,0.000336,60,1.280359,1.399944,1.108780,0.072482,60,-178.887376,-178.738327,-178.995010,0.054233,60,-0.236689,-0.146623,-0.332154,0.038330,60,7.327659,7.468732,7.161723,0.074577,60,179.317589,179.448898,179.165131,0.058277,60,0.110325,0.252228,0.002260,0.048005,60,0.000000,25.133333,31.000000,18.000000,3.675234,60,1603.816667,1767.000000,1441.000000,82.949748,60,2.513333,3.100000,1.800000,0.367523,60,160.384226,8.221718,60,60,60,60,60,60,60,60,60,60,60,60,60,60,60,60,60,60,60,60,60,60,60,60,60,60,60,60,60,60,12.9429,13.00,12.89,24.05,26,22,31.08,6877109
2026-10-03 19:02:00,23.122454,23.187609,23.067064,0.025666,60,14.683477,14.740215,14.608988,0.028789,60,19.164416,19.221790,19.121080,0.021720,60,81.616667,81.800000,81.000000,0.142813,60,28.746604,28.783859,28.725105,0.013089,60,28.906203,28.930725,28.874649,0.012778,60,28.707659,28.735786,28.679710,0.012891,60,28.001667,28.100000,28.000000,0.012910,60,28.034732,28.050034,28.022415,0.006569,60,28.121173,28.144669,28.107132,0.007307,60,28.012256,28.024521,27.995468,0.007763,60,1000.800000,1000.800000,1000.800000,0.000000,60,1000.800000,1000.800000,1000.800000,0.000000,60,24.683333,24.800000,24.600000,0.099433,60,0.080052,0.119821,-0.012348,0.030407,60,0.012504,0.072606,-0.083915,0.029281,60,0.035619,0.086530,-0.067498,0.032126,60,0.000389,0.000945,-0.000737,0.000351,60,0.000846,0.001267,-0.000131,0.000321,60,0.000134,0.000776,-0.000897,0.000313,60,1.310059,1.502243,1.110940,0.080096,60,-178.893731,-178.752792,-178.996201,0.054752,60,-0.240997,-0.146623,-0.358791,0.037309,60,7.326038,7.476391,7.157759,0.073811,60,179.325243,179.446884,179.190018,0.050130,60,0.102121,0.250580,-0.024355,0.057042,60,0.000000,27.716667,34.000000,22.000000,2.171399,60,1585.550000,1720.000000,1473.000000,55.946835,60,2.771667,3.400000,2.200000,0.217140,60,158.548342,5.543871,60,60,60,60,60,60,60,60,60,60,60,60,60,60,60,60,60,60,60,60,60,60,60,60,60,60,60,60,60,60,12.9431,13.00,12.90,23.94,26,22,31.09,6877143
2026-10-03 19:03:00,23.131202,23.187609,23.080797,0.025979,60,14.679535,14.740215,14.608988,0.026310,60,19.165382,19.218739,19.093615,0.024223,60,81.651667,81.800000,81.300000,0.072467,60,28.732049,28.767838,28.711754,0.012245,60,28.894142,28.930725,28.874649,0.013195,60,28.698224,28.735786,28.679710,0.012201,60,28.000000,28.000000,28.000000,0.000000,60,28.025259,28.045090,28.009537,0.007232,60,28.110726,28.125229,28.093552,0.006194,60,28.000882,28.022354,27.988022,0.007717,60,1000.803333,1000.900000,1000.800000,0.018102,60,1000.803333,1000.900000,1000.800000,0.018102,60,24.706667,24.800000,24.600000,0.100620,60,0.075273,0.115705,-0.023095,0.032383,60,0.008369,0.050439,-0.075772,0.027042,60,0.025468,0.087637,-0.070817,0.033805,60,0.000278,0.000957,-0.000773,0.000369,60,0.000796,0.001223,-0.000244,0.000342,60,0.000089,0.000539,-0.000810,0.000289,60,1.289968,1.465667,1.071929,0.078034,60,-178.890821,-178.792618,-178.995010,0.046978,60,-0.237849,-0.146406,-0.319351,0.043666,60,7.332560,7.507911,7.174836,0.079678,60,179.321439,179.447372,179.162415,0.066486,60,0.106447,0.251478,-0.064019,0.053514,60,0.000000,30.100000,42.000000,23.000000,4.436749,60,1648.966667,1777.000000,1460.000000,78.599600,60,3.010000,4.200000,2.300000,0.443675,60,164.911541,7.786793,60,60,60,60,60,60,60,60,60,60,60,60,60,60,60,60,60,60,60,60,60,60,60,60,60,60,60,60,60,60,12.9398,12.99,12.89,23.89,26,22,31.05,6877177
2026-10-03 19:04:00,23.116757,23.169298,23.048752,0.027409,60,14.678594,14.740215,14.625772,0.024726,60,19.160575,19.205006,19.090563,0.024371,60,81.783333,81.900000,81.400000,0.101124,60,28.724928,28.754486,28.698402,0.014359,60,28.883862,28.917374,28.861298,0.015165,60,28.687543,28.706413,28.663689,0.010870,60,28.000000,28.000000,28.000000,0.000000,60,28.017548,28.035538,28.002487,0.006933,60,28.102276,28.117874,28.088089,0.006462,60,27.991099,28.004562,27.972153,0.005874,60,1000.803333,1000.900000,1000.800000,0.018102,60,1000.803333,1000.900000,1000.800000,0.018102,60,24.790000,24.800000,24.600000,0.043957,60,0.051770,0.105873,-0.042075,0.029493,60,-0.016127,0.027821,-0.106307,0.029566,60,-0.001604,0.050457,-0.087858,0.029800,60,-0.000018,0.000551,-0.000959,0.000325,60,0.000547,0.001119,-0.000445,0.000312,60,-0.000172,0.000297,-0.001136,0.000316,60,1.303217,1.491568,1.110579,0.083852,60,-178.900509,-178.779633,-178.995499,0.050500,60,-0.228800,-0.119771,-0.332504,0.049938,60,7.330219,7.455671,7.167678,0.070581,60,179.321891,179.408386,179.165131,0.052636,60,0.111297,0.226320,0.002806,0.043536,60,0.000000,26.066667,31.000000,21.000000,2.169642,60,1641.133333,1755.000000,1531.000000,53.268895,60,2.606667,3.100000,2.100000,0.216964,60,164.113650,5.279752,60,60,60,60,60,60,60,60,60,60,60,60,60,60,60,60,60,60,60,60,60,60,60,60,60,60,60,60,60,60,12.9435,13.02,12.88,24.12,26,23,31.07,6877211
2026-10-03 19:05:00,23.124030,23.187609,23.048752,0.027602,60,14.677857,14.740215,14.622721,0.025898,60,19.154345,19.221790,19.090563,0.028815,60,81.911667,82.200000,81.300000,0.210803,60,28.712822,28.741127,28.685051,0.012651,60,28.872824,28.904022,28.845276,0.015197,60,28.680645,28.706413,28.650337,0.012200,60,28.000000,28.000000,28.000000,0.000000,60,28.007200,28.021255,27.991318,0.006713,60,28.092947,28.113235,28.076981,0.007755,60,27.985480,28.001450,27.970840,0.006675,60,1000.833333,1000.900000,1000.800000,0.047538,60,1000.833333,1000.900000,1000.800000,0.047538,60,24.750000,24.800000,24.600000,0.087333,60,0.040535,0.088723,-0.058310,0.034274,60,-0.018057,0.039356,-0.097938,0.030426,60,0.000376,0.048023,-0.091178,0.028295,60,0.000004,0.000524,-0.000996,0.000309,60,0.000428,0.000938,-0.000616,0.000362,60,-0.000193,0.000421,-0.001047,0.000325,60,1.311463,1.492920,1.174160,0.074268,60,-178.890970,-178.711197,-179.034882,0.061451,60,-0.237967,-0.146261,-0.372429,0.045849,60,7.338365,7.492798,7.179198,0.069532,60,179.323189,179.434280,179.216476,0.049450,60,0.108562,0.252980,0.001715,0.050405,60,0.000000,23.900000,30.000000,19.000000,2.377151,60,1589.933333,1654.000000,1455.000000,35.865033,60,2.390000,3.000000,1.900000,0.237715,60,158.995534,3.554427,60,60,60,60,60,60,60,60,60,60,60,60,60,60,60,60,60,60,60,60,60,60,60,60,60,60,60,60,60,60,12.9408,13.00,12.89,24.02,26,22,31.02,6877244
2026-10-03 19:06:00,23.116884,23.199818,23.067064,0.027540,60,14.673838,14.723431,14.622721,0.027943,60,19.145393,19.203480,19.040207,0.025085,60,82.031667,82.400000,81.300000,0.380228,60,28.705034,28.725105,28.669029,0.014125,60,28.864546,28.888000,28.829254,0.013420,60,28.672189,28.693062,28.650337,0.012834,60,28.000000,28.000000,28.000000,0.000000,60,27.999078,28.015518,27.982559,0.007892,60,28.087290,28.103775,28.071518,0.006609,60,27.975886,27.992538,27.955612,0.007876,60,1000.856667,1000.900000,1000.800000,0.049972,60,1000.856667,1000.900000,1000.800000,0.049972,60,24.670000,24.800000,24.400000,0.163955,60,0.058051,0.127596,-0.052136,0.039075,60,0.004124,0.059939,-0.091605,0.034403,60,0.030798,0.095161,-0.061523,0.034848,60,0.000336,0.001039,-0.000672,0.000381,60,0.000614,0.001349,-0.000551,0.000413,60,0.000044,0.000641,-0.000979,0.000368,60,1.315328,1.467002,1.040490,0.084884,60,-178.896753,-178.777313,-178.998093,0.056366,60,-0.235103,-0.147349,-0.372429,0.041594,60,7.329941,7.462588,7.136018,0.064618,60,179.314386,179.446503,179.163971,0.056655,60,0.116739,0.226753,-0.024101,0.056491,60,0.000000,24.783333,30.000000,20.000000,2.436249,60,1497.050000,1622.000000,1332.000000,64.032414,60,2.478333,3.000000,2.000000,0.243625,60,149.709937,6.343572,60,60,60,60,60,60,60,60,60,60,60,60,60,60,60,60,60,60,60,60,60,60,60,60,60,60,60,60,60,60,12.9408,12.99,12.89,24.06,26,22,31.02,6877278
2026-10-03 19:07:00,23.112205,23.186083,23.064013,0.025144,60,14.675771,14.740215,14.607462,0.029435,60,19.147554,19.203480,19.072252,0.026808,60,81.558333,82.000000,81.400000,0.231642,60,28.698714,28.725105,28.669029,0.013959,60,28.852753,28.874649,28.815903,0.012657,60,28.661018,28.693062,28.636986,0.015817,60,28.000000,28.000000,28.000000,0.000000,60,27.985600,28.001358,27.971329,0.007708,60,28.073726,28.091324,28.053635,0.007781,60,27.965847,27.981247,27.949265,0.007607,60,1000.866667,1000.900000,1000.800000,0.047538,60,1000.866667,1000.900000,1000.800000,0.047538,60,24.450000,24.600000,24.400000,0.087333,60,0.114002,0.169214,0.025153,0.032630,60,0.044238,0.082105,-0.035964,0.029262,60,0.046349,0.099366,-0.051785,0.031330,60,0.000506,0.001085,-0.000565,0.000342,60,0.001205,0.001789,0.000266,0.000345,60,0.000473,0.000878,-0.000384,0.000313,60,1.315409,1.491567,1.132760,0.087531,60,-178.891543,-178.735931,-179.010239,0.058243,60,-0.233721,-0.120035,-0.319237,0.040915,60,7.343545,7.478995,7.201059,0.065092,60,179.326207,179.487885,179.193588,0.055476,60,0.101433,0.251478,0.001534,0.055247,60,0.000000,27.033333,35.000000,19.000000,4.226497,60,1588.516667,1778.000000,1308.000000,145.872535,60,2.703333,3.500000,1.900000,0.422650,60,158.941422,14.471615,60,60,60,60,60,60,60,60,60,60,60,60,60,60,60,60,60,60,60,60,60,60,60,60,60,60,60,60,60,60,12.9432,13.02,12.89,24.15,26,23,31.01,6877312
2026-10-03 19:08:00,23.109484,23.167772,23.064013,0.024493,60,14.663818,14.721905,14.604410,0.026194,60,19.141095,19.200428,19.089037,0.023274,60,81.616667,81.800000,81.400000,0.129099,60,28.685585,28.711754,28.655678,0.014399,60,28.840959,28.874649,28.815903,0.014585,60,28.654343,28.679710,28.623634,0.012266,60,28.000000,28.000000,28.000000,0.000000,60,27.975875,27.987839,27.965408,0.006627,60,28.061101,28.079697,28.046432,0.006712,60,27.953237,27.971512,27.939529,0.006881,60,1000.900000,1000.900000,1000.900000,0.000000,60,1000.900000,1000.900000,1000.900000,0.000000,60,24.483333,24.600000,24.400000,0.099433,60,0.074782,0.129425,-0.026754,0.032642,60,0.015859,0.062201,-0.060392,0.028999,60,0.031038,0.081883,-0.070375,0.031610,60,0.000339,0.000894,-0.000768,0.000345,60,0.000790,0.001368,-0.000283,0.000345,60,0.000170,0.000665,-0.000646,0.000310,60,1.296591,1.425897,1.136782,0.074451,60,-178.883188,-178.750427,-178.995956,0.057628,60,-0.235021,-0.120632,-0.332154,0.042685,60,7.348186,7.507911,7.191108,0.067050,60,179.311458,179.433884,179.190964,0.054518,60,0.109156,0.226609,0.001715,0.048128,60,0.000000,23.650000,31.000000,18.000000,3.292647,60,1621.783333,1733.000000,1478.000000,59.435791,60,2.365000,3.100000,1.800000,0.329265,60,162.182554,5.890368,60,60,60,60,60,60,60,60,60,60,60,60,60,60,60,60,60,60,60,60,60,60,60,60,60,60,60,60,60,60,12.9424,12.99,12.89,24.05,26,22,31.02,6877346
2026-10-03 19:09:00,23.106508,23.169298,23.048752,0.025178,60,14.666972,14.721905,14.572366,0.029168,60,19.147529,19.203480,19.104296,0.025697,60,82.118333,82.400000,81.800000,0.176108,60,28.676417,28.711754,28.655678,0.013314,60,28.831435,28.861298,28.802551,0.013753,60,28.639345,28.679710,28.607613,0.014635,60,27.995000,28.000000,27.900000,0.021978,60,27.964233,27.983505,27.941818,0.007788,60,28.052037,28.069717,28.036240,0.006134,60,27.943957,27.957565,27.928696,0.006737,60,1000.900000,1000.900000,1000.900000,0.000000,60,1000.900000,1000.900000,1000.900000,0.000000,60,24.600000,24.600000,24.600000,0.000001,60,0.072053,0.142917,-0.031785,0.038332,60,0.020161,0.084593,-0.067856,0.031308,60,0.045379,0.132119,-0.061744,0.039201,60,0.000496,0.001443,-0.000674,0.000428,60,0.000762,0.001511,-0.000336,0.000405,60,0.000216,0.000904,-0.000725,0.000335,60,1.288903,1.492920,1.137515,0.073882,60,-178.887317,-178.777313,-178.995956,0.055901,60,-0.234468,-0.120101,-0.319578,0.043541,60,7.339032,7.531961,7.217030,0.070636,60,179.315408,179.434280,179.149475,0.055673,60,0.112940,0.224882,0.002988,0.050233,60,0.000000,22.083333,30.000000,16.000000,4.080926,60,1459.950000,1595.000000,1279.000000,82.565521,60,2.208333,3.000000,1.600000,0.408093,60,146.001575,8.182538,60,60,60,60,60,60,60,60,60,60,60,60,60,60,60,60,60,60,60,60,60,60,60,60,60,60,60,60,60,60,12.9416,13.02,12.89,24.13,26,22,31.01,6877379
2026-10-03 19:10:00,23.098930,23.167772,23.045700,0.023542,60,14.661021,14.735638,14.589150,0.030671,60,19.146410,19.200428,19.104296,0.024709,60,82.376667,82.500000,81.900000,0.139450,60,28.661686,28.685051,28.626305,0.011754,60,28.820175,28.845276,28.786530,0.011924,60,28.632847,28.663689,28.607613,0.011097,60,27.901667,28.000000,27.900000,0.012910,60,27.947536,27.965439,27.933853,0.006525,60,28.040077,28.063797,28.020187,0.010067,60,27.928486,27.944778,27.908676,0.007592,60,1000.900000,1000.900000,1000.900000,0.000000,60,1000.900000,1000.900000,1000.900000,0.000000,60,24.693333,24.800000,24.600000,0.100620,60,0.118366,0.165784,0.021723,0.031172,60,0.054941,0.096581,-0.044559,0.027039,60,0.073038,0.130127,-0.018368,0.031290,60,0.000798,0.001421,-0.000201,0.000342,60,0.001251,0.001752,0.000230,0.000329,60,0.000587,0.001032,-0.000476,0.000289,60,1.305572,1.463890,1.145083,0.071383,60,-178.903527,-178.778183,-179.065155,0.057459,60,-0.231888,-0.158904,-0.319578,0.034479,60,7.331717,7.462588,7.174836,0.066816,60,179.314958,179.447876,179.217575,0.053671,60,0.111966,0.226320,-0.024524,0.057412,60,0.000000,27.133333,37.000000,22.000000,3.233651,60,1531.850000,1682.000000,1389.000000,70.550817,60,2.713333,3.700000,2.200000,0.323365,60,153.182314,6.992255,60,60,60,60,60,60,60,60,60,60,60,60,60,60,60,60,60,60,60,60,60,60,60,60,60,60,60,60,60,60,12.9395,12.99,12.89,24.00,26,22,31.00,6877413
2026-10-03 19:11:00,23.096997,23.154039,23.031967,0.025597,60,14.660131,14.735638,14.604410,0.031701,60,19.136390,19.200428,19.070726,0.027026,60,82.405000,82.600000,82.300000,0.094645,60,28.651005,28.685051,28.612953,0.013344,60,28.806601,28.829254,28.773178,0.012683,60,28.617804,28.636986,28.580910,0.012891,60,27.900000,27.900000,27.900000,0.000000,60,27.934548,27.951675,27.917435,0.007935,60,28.026632,28.043961,28.009262,0.008260,60,27.915366,27.931503,27.897049,0.007036,60,1000.940000,1001.000000,1000.900000,0.049403,60,1000.940000,1001.000000,1000.900000,0.049403,60,24.686667,24.800000,24.600000,0.099943,60,0.105454,0.153893,0.004116,0.031922,60,0.051401,0.103819,-0.030761,0.027751,60,0.068929,0.106890,-0.014385,0.027277,60,0.000753,0.001167,-0.000157,0.000298,60,0.001115,0.001627,0.000044,0.000337,60,0.000549,0.001110,-0.000329,0.000297,60,1.309553,1.493823,1.086479,0.078508,60,-178.889981,-178.792618,-179.035782,0.048780,60,-0.235136,-0.146045,-0.319351,0.045479,60,7.344413,7.470022,7.197076,0.062068,60,179.327868,179.475449,179.230728,0.056495,60,0.105700,0.211312,0.014689,0.050575,60,0.000000,24.900000,29.000000,18.000000,2.088711,60,1527.700000,1662.000000,1412.000000,78.242626,60,2.490000,2.900000,1.800000,0.208871,60,152.768376,7.757758,60,60,60,60,60,60,60,60,60,60,60,60,60,60,60,60,60,60,60,60,60,60,60,60,60,60,60,60,60,60,12.9374,13.00,12.89,24.02,26,22,31.00,6877447
2026-10-03 19:12:00,23.093716,23.150988,23.031967,0.023427,60,14.664174,14.703593,14.621195,0.022855,60,19.138653,19.217213,19.085985,0.027577,60,82.630000,82.700000,82.500000,0.064572,60,28.636674,28.669029,28.599602,0.013092,60,28.795787,28.829254,28.773178,0.014236,60,28.605521,28.636986,28.580910,0.013626,60,27.900000,27.900000,27.900000,0.000000,60,27.921171,27.938461,27.905807,0.007559,60,28.013732,28.033127,27.992813,0.008177,60,27.900366,27.921799,27.885910,0.007407,60,1001.000000,1001.000000,1001.000000,0.000000,60,1001.000000,1001.000000,1001.000000,0.000000,60,24.800000,24.800000,24.800000,0.000001,60,0.094230,0.148862,0.000000,0.030224,60,0.039413,0.100426,-0.061296,0.028694,60,0.046655,0.090956,-0.051785,0.029732,60,0.000509,0.000993,-0.000565,0.000325,60,0.000996,0.001573,0.000000,0.000319,60,0.000421,0.001074,-0.000655,0.000307,60,1.299128,1.503601,1.105909,0.089142,60,-178.884783,-178.750427,-179.011627,0.058691,60,-0.232176,-0.159884,-0.359406,0.043655,60,7.338596,7.507911,7.218427,0.074998,60,179.322528,179.435303,179.219589,0.048603,60,0.119052,0.252679,0.015440,0.051209,60,0.000000,24.266667,29.000000,19.000000,2.378339,60,1590.616667,1653.000000,1501.000000,40.245472,60,2.426667,2.900000,1.900000,0.237834,60,159.062228,3.990165,60,60,60,60,60,60,60,60,60,60,60,60,60,60,60,60,60,60,60,60,60,60,60,60,60,60,60,60,60,60,12.9401,12.99,12.89,23.95,26,22,31.00,6877481
2026-10-03 19:13:00,23.097098,23.154039,23.030441,0.026279,60,14.657460,14.703593,14.586099,0.029827,60,19.134254,19.198902,19.102770,0.021372,60,82.706667,82.900000,82.500000,0.124692,60,28.623234,28.655678,28.599602,0.014959,60,28.782391,28.815903,28.759827,0.012305,60,28.591858,28.623634,28.567558,0.012995,60,27.900000,27.900000,27.900000,0.000000,60,27.907841,27.923843,27.890457,0.006591,60,28.001915,28.018906,27.981277,0.007857,60,27.889226,27.908890,27.875717,0.007113,60,1001.000000,1001.000000,1001.000000,0.000000,60,1001.000000,1001.000000,1001.000000,0.000000,60,24.800000,24.800000,24.800000,0.000001,60,0.085106,0.131712,-0.024467,0.031466,60,0.017812,0.058130,-0.081653,0.025851,60,0.046164,0.091399,-0.044040,0.030652,60,0.000504,0.000998,-0.000481,0.000335,60,0.000900,0.001392,-0.000259,0.000333,60,0.000190,0.000621,-0.000873,0.000276,60,1.299187,1.531750,1.083997,0.088231,60,-178.886894,-178.751617,-178.995956,0.055741,60,-0.241769,-0.146261,-0.319351,0.043786,60,7.324384,7.498967,7.164915,0.071877,60,179.330081,179.435425,179.190964,0.055829,60,0.116918,0.252679,0.040700,0.052795,60,0.000000,23.483333,28.000000,19.000000,2.213148,60,1489.016667,1596.000000,1328.000000,69.030942,60,2.348333,2.800000,1.900000,0.221315,60,148.910935,6.841446,60,60,60,60,60,60,60,60,60,60,60,60,60,60,60,60,60,60,60,60,60,60,60,60,60,60,60,60,60,60,12.9380,12.99,12.89,24.02,26,23,31.00,6877515
2026-10-03 19:14:00,23.091478,23.150988,23.041122,0.026037,60,14.654739,14.718852,14.602884,0.026865,60,19.131278,19.182116,19.070726,0.023108,60,82.396667,82.900000,82.100000,0.286396,60,28.610639,28.642326,28.586250,0.013655,60,28.770329,28.802551,28.746468,0.011931,60,28.577572,28.594261,28.551537,0.013060,60,27.900000,27.900000,27.900000,0.000000,60,27.895160,27.908951,27.873947,0.007835,60,27.989725,28.011063,27.978561,0.006892,60,27.877266,27.891098,27.857956,0.007311,60,1001.030000,1001.100000,1001.000000,0.046212,60,1001.030000,1001.100000,1001.000000,0.046212,60,24.710000,24.800000,24.600000,0.100338,60,0.098616,0.152292,0.004116,0.033432,60,0.027056,0.066499,-0.056094,0.027642,60,0.054559,0.107554,-0.017262,0.026901,60,0.000596,0.001174,-0.000188,0.000294,60,0.001042,0.001610,0.000044,0.000353,60,0.000289,0.000711,-0.000600,0.000295,60,1.302164,1.401232,1.071227,0.055697,60,-178.880352,-178.792328,-179.009537,0.048093,60,-0.244577,-0.160490,-0.334025,0.038309,60,7.331428,7.468732,7.196744,0.067676,60,179.328067,179.447754,179.108932,0.062646,60,0.116871,0.226609,-0.050462,0.059343,60,0.000000,22.383333,30.000000,17.000000,3.723911,60,1473.166667,1607.000000,1369.000000,56.009130,60,2.238333,3.000000,1.700000,0.372391,60,147.313700,5.551664,60,60,60,60,60,60,60,60,60,60,60,60,60,60,60,60,60,60,60,60,60,60,60,60,60,60,60,60,60,60,12.9402,13.03,12.89,24.04,26,22,31.00,6877548
2026-10-03 19:15:00,23.087841,23.163195,23.041122,0.027920,60,14.653366,14.718852,14.602884,0.026674,60,19.133084,19.214161,19.067675,0.028885,60,82.345000,82.600000,82.100000,0.121327,60,28.598890,28.626305,28.570229,0.011487,60,28.753013,28.786530,28.717094,0.014641,60,28.565467,28.594261,28.538185,0.013465,60,27.900000,27.900000,27.900000,0.000000,60,27.883185,27.900986,27.866440,0.007622,60,27.978590,27.998703,27.962692,0.007585,60,27.868173,27.888229,27.853348,0.007925,60,1001.098333,1001.100000,1001.000000,0.012910,60,1001.098333,1001.100000,1001.000000,0.012910,60,24.630000,24.800000,24.600000,0.072017,60,0.081421,0.139944,-0.039788,0.035369,60,0.014529,0.077808,-0.074189,0.031909,60,0.025756,0.084760,-0.066391,0.031003,60,0.000281,0.000926,-0.000725,0.000339,60,0.000861,0.001479,-0.000421,0.000374,60,0.000155,0.000832,-0.000793,0.000341,60,1.311360,1.492469,1.081170,0.083791,60,-178.891993,-178.780487,-178.995499,0.048041,60,-0.240990,-0.146623,-0.359652,0.039531,60,7.340205,7.492798,7.147375,0.067654,60,179.309639,179.434647,179.189636,0.053954,60,0.098814,0.187186,0.015440,0.037638,60,0.000000,20.850000,26.000000,16.000000,2.378042,60,1589.216667,1654.000000,1429.000000,42.353673,60,2.085000,2.600000,1.600000,0.237804,60,158.925824,4.196311,60,60,60,60,60,60,60,60,60,60,60,60,60,60,60,60,60,60,60,60,60,60,60,60,60,60,60,60,60,60,12.9372,12.99,12.89,24.01,26,22,31.00,6877582
2026-10-03 19:16:00,23.088426,23.146410,23.027390,0.020443,60,14.655909,14.732586,14.586099,0.032112,60,19.128303,19.212635,19.070726,0.028653,60,82.423333,82.500000,82.400000,0.042652,60,28.588387,28.612953,28.556877,0.013300,60,28.746426,28.773178,28.717094,0.012875,60,28.553895,28.580910,28.524834,0.014062,60,27.900000,27.900000,27.900000,0.000000,60,27.873608,27.892685,27.855606,0.007264,60,27.966649,27.977798,27.955765,0.006155,60,27.856915,27.870682,27.841110,0.006732,60,1001.100000,1001.100000,1001.100000,0.000053,60,1001.100000,1001.100000,1001.100000,0.000053,60,24.646667,24.800000,24.600000,0.085304,60,0.060414,0.110446,-0.037730,0.029392,60,-0.006258,0.039356,-0.098617,0.029532,60,0.012817,0.074358,-0.072809,0.030462,60,0.000140,0.000812,-0.000795,0.000333,60,0.000639,0.001167,-0.000399,0.000311,60,-0.000067,0.000421,-0.001054,0.000316,60,1.296784,1.492469,1.076951,0.079493,60,-178.893068,-178.779922,-179.064056,0.059060,60,-0.235419,-0.159884,-0.331921,0.039473,60,7.340358,7.497628,7.111236,0.069639,60,179.317351,179.434402,179.191147,0.054653,60,0.111304,0.225456,0.040800,0.046048,60,0.000000,21.150000,26.000000,15.000000,2.065249,60,1557.083333,1625.000000,1476.000000,41.905985,60,2.115000,2.600000,1.500000,0.206525,60,155.708942,4.154977,60,60,60,60,60,60,60,60,60,60,60,60,60,60,60,60,60,60,60,60,60,60,60,60,60,60,60,60,60,60,12.9377,12.99,12.89,24.08,26,22,31.00,6877616
2026-10-03 19:17:00,23.084052,23.149462,23.012131,0.027219,60,14.649780,14.700541,14.584573,0.026114,60,19.122962,19.180590,19.067675,0.025448,60,82.513333,82.700000,82.400000,0.081233,60,28.576860,28.599602,28.556877,0.012237,60,28.737122,28.773178,28.717094,0.012751,60,28.546419,28.567558,28.511482,0.014184,60,27.900000,27.900000,27.900000,0.000000,60,27.864899,27.882828,27.848709,0.006425,60,27.959543,27.973190,27.941483,0.007232,60,27.850216,27.863449,27.833817,0.006309,60,1001.105000,1001.200000,1001.100000,0.021978,60,1001.105000,1001.200000,1001.100000,0.021978,60,24.753333,24.800000,24.600000,0.085304,60,0.062438,0.107473,-0.034986,0.030209,60,-0.016568,0.046594,-0.106533,0.029573,60,-0.000011,0.047138,-0.116849,0.032612,60,-0.000000,0.000515,-0.001276,0.000356,60,0.000660,0.001136,-0.000370,0.000319,60,-0.000177,0.000498,-0.001139,0.000316,60,1.323428,1.532671,1.189487,0.062053,60,-178.894355,-178.739838,-179.009064,0.053557,60,-0.244761,-0.160262,-0.372429,0.044123,60,7.343272,7.501025,7.179197,0.068953,60,179.309927,179.475098,179.217957,0.052106,60,0.112456,0.251778,-0.024609,0.056568,60,0.000000,23.933333,30.000000,20.000000,1.715993,60,1561.950000,1709.000000,1455.000000,49.583152,60,2.393333,3.000000,2.000000,0.171599,60,156.191161,4.913274,60,60,60,60,60,60,60,60,60,60,60,60,60,60,60,60,60,60,60,60,60,60,60,60,60,60,60,60,60,60,12.9361,12.99,12.89,23.97,27,22,31.00,6877650
2026-10-03 19:18:00,23.074947,23.163195,23.025864,0.028510,60,14.647389,14.717326,14.584573,0.031365,60,19.120038,19.195850,19.066149,0.028111,60,82.261667,82.700000,82.100000,0.151927,60,28.567069,28.599602,28.543526,0.011398,60,28.727998,28.746468,28.703743,0.011449,60,28.535025,28.567558,28.495461,0.013682,60,27.895000,27.900000,27.800000,0.021978,60,27.858119,27.878433,27.846237,0.007166,60,27.951607,27.965500,27.939163,0.006682,60,27.841257,27.854385,27.823929,0.007092,60,1001.181667,1001.200000,1001.100000,0.039021,60,1001.181667,1001.200000,1001.100000,0.039021,60,24.620000,24.800000,24.400000,0.087914,60,0.053459,0.095354,-0.030413,0.027882,60,-0.014140,0.030083,-0.108569,0.028677,60,0.003615,0.048244,-0.085424,0.030930,60,0.000039,0.000527,-0.000933,0.000338,60,0.000565,0.001008,-0.000321,0.000295,60,-0.000151,0.000322,-0.001161,0.000307,60,1.309416,1.462561,1.081170,0.089061,60,-178.899209,-178.751617,-178.994064,0.048934,60,-0.237976,-0.119507,-0.319010,0.043535,60,7.344408,7.495576,7.170865,0.072390,60,179.308867,179.447510,179.163971,0.061468,60,0.107636,0.224308,0.001806,0.047650,60,0.000000,21.833333,27.000000,17.000000,2.308178,60,1574.566667,1681.000000,1447.000000,49.083936,60,2.183333,2.700000,1.700000,0.230818,60,157.459355,4.864120,60,60,60,60,60,60,60,60,60,60,60,60,60,60,60,60,60,60,60,60,60,60,60,60,60,60,60,60,60,60,12.9373,13.00,12.88,24.06,26,22,31.00,6877684
2026-10-03 19:19:00,23.076270,23.128099,23.025864,0.026373,60,14.648152,14.717326,14.599833,0.023812,60,19.122352,19.180590,19.066149,0.028450,60,82.406667,82.600000,82.100000,0.186735,60,28.556833,28.586250,28.530174,0.013279,60,28.714424,28.746468,28.674370,0.011748,60,28.529729,28.551537,28.511482,0.010420,60,27.896667,27.900000,27.800000,0.018102,60,27.852903,27.869736,27.838394,0.006706,60,27.944221,27.959152,27.926987,0.008038,60,27.835421,27.854141,27.816788,0.007768,60,1001.200000,1001.200000,1001.200000,0.000038,60,1001.200000,1001.200000,1001.200000,0.000038,60,24.696667,24.800000,24.400000,0.107304,60,0.044335,0.090781,-0.041846,0.028879,60,-0.018087,0.024202,-0.109248,0.028627,60,-0.007321,0.037179,-0.083874,0.030702,60,-0.000080,0.000406,-0.000916,0.000335,60,0.000469,0.000960,-0.000442,0.000305,60,-0.000193,0.000259,-0.001168,0.000306,60,1.311400,1.529451,1.110579,0.076445,60,-178.890336,-178.751022,-178.969040,0.055271,60,-0.243392,-0.107535,-0.332854,0.046624,60,7.343881,7.470022,7.230392,0.056688,60,179.331186,179.446747,179.215210,0.054334,60,0.108225,0.251928,0.001987,0.056031,60,0.000000,20.483333,24.000000,18.000000,1.359108,60,1642.416667,1749.000000,1541.000000,55.541492,60,2.048333,2.400000,1.800000,0.135911,60,164.241955,5.506302,60,60,60,60,60,60,60,60,60,60,60,60,60,60,60,60,60,60,60,60,60,60,60,60,60,60,60,60,60,60,12.9355,13.00,12.88,24.05,26,22,31.00,6877717
2026-10-03 19:20:00,23.075278,23.131151,23.025864,0.029018,60,14.650136,14.732586,14.599833,0.025122,60,19.112052,19.177538,19.066149,0.025302,60,82.478333,82.900000,82.200000,0.222537,60,28.551759,28.570229,28.530174,0.011813,60,28.711976,28.730446,28.690392,0.009861,60,28.517401,28.551537,28.495461,0.014385,60,27.870000,27.900000,27.800000,0.046212,60,27.844958,27.857925,27.827377,0.007161,60,27.934625,27.958298,27.917892,0.008104,60,27.828249,27.857407,27.810989,0.008611,60,1001.200000,1001.200000,1001.200000,0.000038,60,1001.200000,1001.200000,1001.200000,0.000038,60,24.613333,24.800000,24.400000,0.137121,60,0.037608,0.087579,-0.076146,0.031844,60,-0.021552,0.018321,-0.090700,0.026162,60,-0.002040,0.039392,-0.086088,0.027895,60,-0.000022,0.000430,-0.000940,0.000305,60,0.000398,0.000926,-0.000805,0.000337,60,-0.000230,0.000196,-0.000970,0.000280,60,1.304146,1.469230,1.174160,0.065071,60,-178.884056,-178.751892,-179.009766,0.056164,60,-0.236298,-0.120433,-0.319351,0.043324,60,7.340396,7.548504,7.191108,0.063539,60,179.331055,179.434647,179.231628,0.050074,60,0.113275,0.213141,0.015722,0.040326,60,0.000000,18.600000,25.000000,13.000000,2.811598,60,1657.350000,1794.000000,1478.000000,64.175296,60,1.860000,2.500000,1.300000,0.281160,60,165.741479,6.358457,60,60,60,60,60,60,60,60,60,60,60,60,60,60,60,60,60,60,60,60,60,60,60,60,60,60,60,60,60,60,12.9366,12.99,12.89,23.96,26,22,31.00,6877751
2026-10-03 19:21:00,23.068971,23.117418,23.009079,0.026869,60,14.645711,14.732586,14.584573,0.033506,60,19.118995,19.177538,19.049362,0.024758,60,82.696667,82.800000,82.500000,0.088234,60,28.544149,28.570229,28.514153,0.010674,60,28.705212,28.730446,28.674370,0.012768,60,28.511660,28.538185,28.495461,0.012171,60,27.900000,27.900000,27.900000,0.000000,60,27.837588,27.847641,27.818832,0.006434,60,27.930036,27.951523,27.916153,0.008091,60,27.821347,27.838852,27.797409,0.008052,60,1001.221667,1001.300000,1001.200000,0.041545,60,1001.221667,1001.300000,1001.200000,0.041545,60,24.800000,24.800000,24.800000,0.000001,60,0.017813,0.075003,-0.076603,0.030598,60,-0.029672,0.005881,-0.133450,0.027588,60,-0.008288,0.036958,-0.101579,0.032125,60,-0.000091,0.000404,-0.001109,0.000351,60,0.000188,0.000793,-0.000810,0.000323,60,-0.000317,0.000063,-0.001427,0.000295,60,1.318811,1.499080,1.084705,0.085484,60,-178.893467,-178.819473,-178.995010,0.042698,60,-0.232485,-0.120300,-0.319806,0.045385,60,7.335230,7.472836,7.191108,0.061572,60,179.314298,179.434006,179.230179,0.049184,60,0.121085,0.251778,0.001806,0.055302,60,0.000000,19.450000,25.000000,15.000000,2.197263,60,1670.150000,1805.000000,1565.000000,59.239481,60,1.945000,2.500000,1.500000,0.219726,60,167.010708,5.871321,60,60,60,60,60,60,60,60,60,60,60,60,60,60,60,60,60,60,60,60,60,60,60,60,60,60,60,60,60,60,12.9315,12.99,12.88,24.00,27,23,31.00,6877785
2026-10-03 19:22:00,23.062969,23.100634,23.007553,0.021594,60,14.638259,14.714274,14.567788,0.028320,60,19.111442,19.162279,19.031052,0.025738,60,82.793333,83.200000,82.300000,0.232792,60,28.536761,28.556877,28.514153,0.011722,60,28.697468,28.730446,28.674370,0.012387,60,28.503783,28.524834,28.482109,0.011759,60,27.836667,27.900000,27.800000,0.048596,60,27.831458,27.847153,27.811081,0.007549,60,27.924386,27.943527,27.907272,0.007736,60,27.814281,27.827499,27.802536,0.006008,60,1001.281667,1001.300000,1001.200000,0.039020,60,1001.281667,1001.300000,1001.200000,0.039020,60,24.656667,24.800000,24.400000,0.116977,60,0.033923,0.077518,-0.042989,0.028675,60,-0.015132,0.033023,-0.107438,0.028416,60,-0.007912,0.036737,-0.103349,0.030362,60,-0.000086,0.000401,-0.001129,0.000332,60,0.000359,0.000819,-0.000454,0.000303,60,-0.000162,0.000353,-0.001149,0.000304,60,1.299288,1.454032,1.140456,0.076380,60,-178.892845,-178.792618,-178.997375,0.043382,60,-0.232523,-0.159431,-0.319351,0.037294,60,7.337122,7.466685,7.197075,0.064009,60,179.311467,179.446884,179.164169,0.057764,60,0.112343,0.226609,-0.050462,0.051564,60,0.000000,21.033333,24.000000,18.000000,1.301455,60,1725.416667,1801.000000,1624.000000,48.906445,60,2.103333,2.400000,1.800000,0.130146,60,172.543172,4.848642,60,60,60,60,60,60,60,60,60,60,60,60,60,60,60,60,60,60,60,60,60,60,60,60,60,60,60,60,60,60,12.9346,12.99,12.89,24.10,26,22,30.98,6877819
2026-10-03 19:23:00,23.065817,23.114367,23.022812,0.022695,60,14.642735,14.714274,14.581521,0.026721,60,19.112154,19.177538,19.063097,0.026649,60,82.951667,83.100000,82.400000,0.170236,60,28.527682,28.556877,28.500801,0.013615,60,28.687855,28.717094,28.647667,0.013655,60,28.495995,28.524834,28.468758,0.012912,60,27.811667,27.900000,27.800000,0.032373,60,27.822945,27.841873,27.804642,0.006687,60,27.917096,27.936539,27.894608,0.007291,60,27.807164,27.826462,27.792191,0.007035,60,1001.300000,1001.300000,1001.300000,0.000000,60,1001.300000,1001.300000,1001.300000,0.000000,60,24.620000,24.800000,24.400000,0.070830,60,0.032734,0.074545,-0.059682,0.033666,60,-0.012384,0.026011,-0.104498,0.028649,60,0.006672,0.044925,-0.088522,0.028836,60,0.000073,0.000491,-0.000967,0.000315,60,0.000346,0.000788,-0.000631,0.000356,60,-0.000132,0.000278,-0.001117,0.000306,60,1.308847,1.452266,1.176036,0.067579,60,-178.892836,-178.780487,-179.010239,0.055307,60,-0.238111,-0.120565,-0.358177,0.040856,60,7.340422,7.511331,7.226399,0.057417,60,179.317635,179.433640,179.152664,0.049983,60,0.116834,0.252980,0.001353,0.051726,60,0.000000,16.366667,20.000000,12.000000,2.277128,60,1708.250000,1879.000000,1538.000000,81.152216,60,1.636667,2.000000,1.200000,0.227713,60,170.828461,8.041672,60,60,60,60,60,60,60,60,60,60,60,60,60,60,60,60,60,60,60,60,60,60,60,60,60,60,60,60,60,60,12.9342,12.98,12.88,24.06,26,22,30.99,6877852
2026-10-03 19:24:00,23.062664,23.128099,22.977036,0.028499,60,14.634241,14.714274,14.566262,0.026458,60,19.097251,19.162279,19.034103,0.027058,60,83.161667,83.500000,82.600000,0.235848,60,28.522341,28.543526,28.500801,0.014542,60,28.685273,28.703743,28.647667,0.013751,60,28.490342,28.511482,28.455406,0.013529,60,27.833333,27.900000,27.800000,0.047538,60,27.817688,27.839371,27.807968,0.006923,60,27.911396,27.925552,27.895645,0.006969,60,27.800366,27.818008,27.785599,0.006684,60,1001.300000,1001.300000,1001.300000,0.000000,60,1001.300000,1001.300000,1001.300000,0.000000,60,24.746667,25.000000,24.600000,0.146677,60,0.024978,0.080491,-0.071573,0.030479,60,-0.023109,0.017642,-0.116486,0.025710,60,0.012707,0.072145,-0.071481,0.030062,60,0.000139,0.000788,-0.000781,0.000328,60,0.000264,0.000851,-0.000757,0.000322,60,-0.000247,0.000189,-0.001245,0.000275,60,1.308347,1.525327,1.173035,0.072343,60,-178.885340,-178.738327,-179.010239,0.052291,60,-0.244455,-0.146551,-0.333088,0.037752,60,7.337692,7.488691,7.180799,0.053250,60,179.312375,179.447510,179.163177,0.064519,60,0.106643,0.187186,-0.024101,0.045302,60,0.000000,15.216667,19.000000,11.000000,1.887440,60,1642.000000,1973.000000,1473.000000,105.369246,60,1.521667,1.900000,1.100000,0.188744,60,164.136518,10.415832,60,60,60,60,60,60,60,60,60,60,60,60,60,60,60,60,60,60,60,60,60,60,60,60,60,60,60,60,60,60,12.9340,12.99,12.88,24.07,26,23,30.99,6877888
2026-10-03 19:25:00,23.056713,23.114367,22.963303,0.028582,60,14.637140,14.699016,14.581521,0.027666,60,19.102719,19.143969,19.047836,0.021281,60,83.350000,83.700000,83.000000,0.254119,60,28.515888,28.543526,28.487450,0.013300,60,28.674770,28.703743,28.634315,0.015538,60,28.478282,28.511482,28.439384,0.014056,60,27.856667,27.900000,27.800000,0.049972,60,27.806291,27.824326,27.790298,0.007666,60,27.907685,27.922256,27.891708,0.006307,60,27.794147,27.806992,27.779892,0.005047,60,1001.301667,1001.400000,1001.300000,0.012910,60,1001.301667,1001.400000,1001.300000,0.012910,60,24.800000,25.000000,24.600000,0.142615,60,0.020614,0.069972,-0.066313,0.029484,60,-0.013009,0.033249,-0.104272,0.028519,60,0.010962,0.067498,-0.073473,0.031348,60,0.000120,0.000737,-0.000802,0.000342,60,0.000218,0.000740,-0.000701,0.000312,60,-0.000139,0.000355,-0.001115,0.000305,60,1.312208,1.469230,1.175285,0.070905,60,-178.876851,-178.750427,-178.995956,0.055381,60,-0.239147,-0.145972,-0.332620,0.046909,60,7.337545,7.474887,7.160954,0.065842,60,179.314781,179.435425,179.217026,0.050310,60,0.110368,0.186512,0.001715,0.046145,60,0.000000,11.016667,19.000000,5.000000,3.285777,60,1977.983333,2185.000000,1515.000000,189.798688,60,1.101667,1.900000,0.500000,0.328578,60,198.271094,18.698084,60,60,60,60,60,60,60,60,60,60,60,60,60,60,60,60,60,60,60,60,60,60,60,60,60,60,60,60,60,60,12.9337,12.99,12.89,24.12,26,22,30.98,6877922
2026-10-03 19:26:00,23.052288,23.144884,23.004501,0.027235,60,14.630223,14.699016,14.566262,0.028731,60,19.098446,19.159227,19.031052,0.024584,60,83.518333,83.700000,83.000000,0.220548,60,28.504718,28.530174,28.471428,0.012500,60,28.671432,28.690392,28.634315,0.013153,60,28.470493,28.495461,28.439384,0.011507,60,27.821667,27.900000,27.800000,0.041545,60,27.798502,27.818344,27.784988,0.007539,60,27.900562,27.920242,27.887589,0.006385,60,27.785008,27.804855,27.766861,0.007995,60,1001.371667,1001.400000,1001.300000,0.045442,60,1001.371667,1001.400000,1001.300000,0.045442,60,24.800000,25.000000,24.600000,0.127559,60,0.050745,0.104043,-0.047791,0.032847,60,0.009654,0.056773,-0.081427,0.030701,60,0.019910,0.069490,-0.068162,0.030740,60,0.000217,0.000759,-0.000744,0.000336,60,0.000536,0.001100,-0.000505,0.000347,60,0.000103,0.000607,-0.000870,0.000328,60,1.313918,1.527158,1.146922,0.070863,60,-178.899586,-178.818924,-179.008606,0.053936,60,-0.243119,-0.146841,-0.332620,0.038967,60,7.342335,7.512031,7.174836,0.072983,60,179.315708,179.407303,179.192093,0.048294,60,0.117373,0.225456,0.041300,0.044029,60,0.000000,15.150000,20.000000,11.000000,2.622103,60,1951.216667,2046.000000,1860.000000,38.080687,60,1.515000,2.000000,1.100000,0.262210,60,195.122837,3.775132,60,60,60,60,60,60,60,60,60,60,60,60,60,60,60,60,60,60,60,60,60,60,60,60,60,60,60,60,60,60,12.9337,12.98,12.89,24.12,26,22,30.98,6877956
2026-10-03 19:27:00,23.054983,23.112841,23.007553,0.024946,60,14.624348,14.714274,14.549478,0.031901,60,19.103787,19.176012,19.047836,0.026839,60,83.346667,83.500000,83.100000,0.115666,60,28.499955,28.530174,28.471428,0.013233,60,28.663377,28.690392,28.647667,0.010231,60,28.464841,28.495461,28.439384,0.011577,60,27.800000,27.800000,27.800000,0.000001,60,27.789440,27.802200,27.772141,0.005998,60,27.891883,27.902145,27.870468,0.006702,60,27.773409,27.787979,27.758163,0.006567,60,1001.400000,1001.400000,1001.400000,0.000000,60,1001.400000,1001.400000,1001.400000,0.000000,60,24.746667,24.800000,24.600000,0.089190,60,0.050158,0.096955,-0.040474,0.032497,60,-0.009598,0.039809,-0.094319,0.030416,60,0.000907,0.038064,-0.079670,0.028274,60,0.000010,0.000416,-0.000870,0.000309,60,0.000530,0.001025,-0.000428,0.000343,60,-0.000103,0.000426,-0.001008,0.000325,60,1.326282,1.455803,1.211008,0.064623,60,-178.891172,-178.788025,-179.009064,0.046981,60,-0.232104,-0.146551,-0.332854,0.039928,60,7.358741,7.488689,7.218427,0.061387,60,179.320496,179.447754,179.191513,0.061672,60,0.124226,0.226320,0.014689,0.050847,60,0.000000,15.500000,18.000000,11.000000,1.789802,60,1793.116667,1967.000000,1641.000000,81.557111,60,1.550000,1.800000,1.100000,0.178980,60,179.307393,8.081010,60,60,60,60,60,60,60,60,60,60,60,60,60,60,60,60,60,60,60,60,60,60,60,60,60,60,60,60,60,60,12.9346,12.99,12.89,24.08,26,23,30.97,6877989
2026-10-03 19:28:00,23.042115,23.096056,22.972458,0.026937,60,14.627782,14.699016,14.581521,0.025596,60,19.088910,19.159227,19.012741,0.028378,60,83.210000,83.400000,83.000000,0.120310,60,28.488295,28.530174,28.458076,0.012664,60,28.659238,28.674370,28.634315,0.011121,60,28.457142,28.495461,28.412682,0.013579,60,27.800000,27.800000,27.800000,0.000001,60,27.783365,27.796890,27.772507,0.005380,60,27.885297,27.903427,27.864059,0.007829,60,27.767808,27.781265,27.752945,0.006930,60,1001.400000,1001.400000,1001.400000,0.000000,60,1001.400000,1001.400000,1001.400000,0.000000,60,24.663333,24.800000,24.600000,0.093820,60,0.029631,0.087579,-0.060368,0.032184,60,-0.044694,0.013345,-0.152902,0.035542,60,-0.030769,0.014385,-0.126808,0.029779,60,-0.000336,0.000157,-0.001385,0.000325,60,0.000313,0.000926,-0.000638,0.000340,60,-0.000478,0.000143,-0.001635,0.000380,60,1.314747,1.488868,1.134951,0.072793,60,-178.892825,-178.751892,-178.995010,0.052983,60,-0.242506,-0.146261,-0.332270,0.047647,60,7.348372,7.476188,7.218427,0.054198,60,179.305448,179.448502,179.151260,0.061022,60,0.114158,0.225600,0.001715,0.048261,60,0.000000,16.800000,22.000000,12.000000,2.529822,60,1798.183333,2110.000000,1559.000000,160.135270,60,1.680000,2.200000,1.200000,0.252982,60,179.770950,15.889869,60,60,60,60,60,60,60,60,60,60,60,60,60,60,60,60,60,60,60,60,60,60,60,60,60,60,60,60,60,60,12.9325,12.99,12.87,24.07,26,22,30.96,6878023
2026-10-03 19:29:00,23.039673,23.096056,22.977036,0.024637,60,14.628290,14.695964,14.566262,0.029250,60,19.091783,19.143969,19.044785,0.025646,60,83.438333,83.700000,82.900000,0.253178,60,28.478771,28.514153,28.458076,0.014041,60,28.648424,28.690392,28.618294,0.014994,60,28.450244,28.468758,28.426033,0.012781,60,27.800000,27.800000,27.800000,0.000001,60,27.778624,27.797928,27.764359,0.007471,60,27.880203,27.891556,27.868851,0.006257,60,27.765209,27.783127,27.747665,0.006900,60,1001.400000,1001.400000,1001.400000,0.000000,60,1001.400000,1001.400000,1001.400000,0.000000,60,24.736667,24.800000,24.600000,0.093820,60,0.023107,0.069057,-0.066771,0.028418,60,-0.016044,0.033928,-0.140461,0.034150,60,-0.004754,0.043818,-0.088079,0.028850,60,-0.000052,0.000478,-0.000962,0.000315,60,0.000244,0.000730,-0.000706,0.000300,60,-0.000172,0.000363,-0.001502,0.000365,60,1.320574,1.491568,1.174160,0.067105,60,-178.890762,-178.778763,-178.996201,0.049918,60,-0.243680,-0.147131,-0.332854,0.042655,60,7.338452,7.527836,7.074457,0.082715,60,179.320199,179.446884,179.191147,0.051949,60,0.112477,0.226320,0.002533,0.049627,60,0.000000,11.716667,18.000000,7.000000,2.649539,60,1821.533333,1962.000000,1582.000000,108.544214,60,1.171667,1.800000,0.700000,0.264954,60,182.198298,10.753908,60,60,60,60,60,60,60,60,60,60,60,60,60,60,60,60,60,60,60,60,60,60,60,60,60,60,60,60,60,60,12.9344,12.98,12.89,24.06,26,22,30.95,6878057
2026-10-03 19:30:00,23.043844,23.096056,22.990768,0.024127,60,14.627222,14.680705,14.566262,0.030542,60,19.092724,19.157701,19.012741,0.030667,60,83.558333,83.800000,83.400000,0.148771,60,28.471828,28.500801,28.444725,0.013318,60,28.645486,28.674370,28.618294,0.013095,60,28.440141,28.482109,28.412682,0.013784,60,27.800000,27.800000,27.800000,0.000001,60,27.771920,27.788467,27.754318,0.007147,60,27.875553,27.887161,27.861923,0.006596,60,27.756460,27.770615,27.724167,0.007987,60,1001.400000,1001.400000,1001.400000,0.000000,60,1001.400000,1001.400000,1001.400000,0.000000,60,24.800000,24.800000,24.800000,0.000001,60,0.030218,0.072945,-0.051450,0.027677,60,-0.019987,0.019000,-0.106760,0.028256,60,-0.006119,0.048466,-0.086973,0.032036,60,-0.000067,0.000529,-0.000950,0.000350,60,0.000319,0.000771,-0.000544,0.000293,60,-0.000214,0.000203,-0.001141,0.000302,60,1.307411,1.427203,1.148027,0.067630,60,-178.893880,-178.751892,-179.010925,0.055108,60,-0.246210,-0.159657,-0.333556,0.041899,60,7.325919,7.443407,7.096146,0.071791,60,179.305241,179.434280,179.192459,0.049016,60,0.124836,0.265552,0.014221,0.048264,60,0.000000,13.683333,17.000000,11.000000,1.534813,60,1762.433333,1956.000000,1649.000000,67.094764,60,1.368333,1.700000,1.100000,0.153481,60,176.229158,6.644635,60,60,60,60,60,60,60,60,60,60,60,60,60,60,60,60,60,60,60,60,60,60,60,60,60,60,60,60,60,60,12.9291,12.98,12.88,24.05,26,22,30.91,6878091
2026-10-03 19:31:00,23.036469,23.126574,22.990768,0.025348,60,14.632207,14.714274,14.566262,0.030104,60,19.085832,19.125658,19.044785,0.024218,60,83.586667,83.900000,82.700000,0.335709,60,28.466443,28.487450,28.444725,0.011681,60,28.640190,28.661018,28.618294,0.012279,60,28.434177,28.468758,28.412682,0.012749,60,27.800000,27.800000,27.800000,0.000001,60,27.765204,27.780869,27.753799,0.006007,60,27.869224,27.884140,27.852310,0.007055,60,27.750482,27.766220,27.729446,0.008261,60,1001.406667,1001.500000,1001.400000,0.025155,60,1001.406667,1001.500000,1001.400000,0.025155,60,24.763333,24.800000,24.600000,0.078041,60,0.022592,0.070658,-0.088951,0.035626,60,-0.029717,0.012893,-0.135259,0.030972,60,-0.023178,0.026999,-0.106226,0.029633,60,-0.000253,0.000295,-0.001160,0.000324,60,0.000239,0.000747,-0.000940,0.000377,60,-0.000318,0.000138,-0.001446,0.000331,60,1.295385,1.397802,1.109859,0.074321,60,-178.892927,-178.775864,-179.009537,0.050964,60,-0.236602,-0.147204,-0.332620,0.043726,60,7.333025,7.501740,7.158975,0.065468,60,179.315421,179.435684,179.217957,0.047947,60,0.117068,0.211733,0.001081,0.046506,60,0.000000,15.283333,18.000000,12.000000,1.530389,60,1750.400000,1884.000000,1625.000000,60.534400,60,1.528333,1.800000,1.200000,0.153039,60,175.042567,5.999344,60,60,60,60,60,60,60,60,60,60,60,60,60,60,60,60,60,60,60,60,60,60,60,60,60,60,60,60,60,60,12.9329,12.98,12.88,24.03,26,22,30.90,6878125
2026-10-03 19:32:00,23.041454,23.096056,22.972458,0.028195,60,14.626103,14.695964,14.581521,0.026486,60,19.087765,19.140917,19.012741,0.027305,60,82.951667,83.100000,82.600000,0.189997,60,28.463417,28.487450,28.444725,0.011738,60,28.632357,28.661018,28.604942,0.013870,60,28.429371,28.455406,28.399330,0.012826,60,27.800000,27.800000,27.800000,0.000001,60,27.761845,27.778000,27.746689,0.006803,60,27.862445,27.882095,27.848404,0.007506,60,27.745244,27.761337,27.731674,0.006823,60,1001.431667,1001.500000,1001.400000,0.046910,60,1001.431667,1001.500000,1001.400000,0.046910,60,24.600000,24.600000,24.600000,0.000001,60,0.019479,0.057853,-0.089180,0.029386,60,-0.031677,0.020357,-0.104498,0.025443,60,-0.021315,0.040499,-0.131012,0.030650,60,-0.000233,0.000442,-0.001431,0.000335,60,0.000206,0.000612,-0.000943,0.000311,60,-0.000339,0.000218,-0.001117,0.000272,60,1.307682,1.488868,1.136782,0.068320,60,-178.887701,-178.792328,-178.967834,0.040940,60,-0.240298,-0.146189,-0.332621,0.042682,60,7.349824,7.515482,7.246571,0.063116,60,179.315645,179.433380,179.163177,0.059954,60,0.122273,0.213988,0.014876,0.049849,60,0.000000,15.933333,19.000000,11.000000,1.903313,60,1828.500000,1952.000000,1547.000000,86.525493,60,1.593333,1.900000,1.100000,0.190331,60,182.880505,8.563409,60,60,60,60,60,60,60,60,60,60,60,60,60,60,60,60,60,60,60,60,60,60,60,60,60,60,60,60,60,60,12.9285,12.98,12.88,24.02,26,22,30.85,6878158
2026-10-03 19:33:00,23.034765,23.094530,22.972458,0.026657,60,14.610463,14.695964,14.547952,0.026554,60,19.081712,19.140917,19.011215,0.027521,60,83.115000,83.500000,82.900000,0.235656,60,28.459011,28.487450,28.431374,0.010792,60,28.624302,28.661018,28.604942,0.013911,60,28.420559,28.455406,28.399330,0.012606,60,27.800000,27.800000,27.800000,0.000001,60,27.756705,27.773453,27.740280,0.006278,60,27.856591,27.869247,27.841507,0.006772,60,27.738366,27.755234,27.721115,0.008362,60,1001.453333,1001.500000,1001.400000,0.050310,60,1001.453333,1001.500000,1001.400000,0.050310,60,24.663333,24.800000,24.600000,0.093820,60,0.011612,0.049849,-0.073402,0.030096,60,-0.037083,0.012666,-0.119200,0.029097,60,-0.025107,0.032310,-0.115742,0.028302,60,-0.000274,0.000353,-0.001264,0.000309,60,0.000123,0.000527,-0.000776,0.000318,60,-0.000396,0.000135,-0.001274,0.000311,60,1.296112,1.493823,1.028067,0.080083,60,-178.894669,-178.776733,-179.063843,0.058293,60,-0.236588,-0.146406,-0.358668,0.047658,60,7.340057,7.494853,7.191108,0.061827,60,179.316661,179.474365,179.218124,0.049863,60,0.103878,0.225600,-0.023932,0.047442,60,0.000000,14.083333,18.000000,10.000000,2.172959,60,1663.933333,1800.000000,1556.000000,52.315816,60,1.408333,1.800000,1.000000,0.217296,60,166.390548,5.184496,60,60,60,60,60,60,60,60,60,60,60,60,60,60,60,60,60,60,60,60,60,60,60,60,60,60,60,60,60,60,12.9311,12.99,12.88,24.11,26,23,30.89,6878192
2026-10-03 19:34:00,23.032501,23.080797,22.989243,0.023119,60,14.611658,14.677653,14.547952,0.026603,60,19.075863,19.125658,19.029526,0.023791,60,82.740000,83.500000,82.500000,0.247153,60,28.455006,28.487450,28.431374,0.011746,60,28.620831,28.647667,28.591591,0.014802,60,28.419135,28.439384,28.399330,0.011914,60,27.800000,27.800000,27.800000,0.000001,60,27.751931,27.766129,27.740128,0.006064,60,27.853975,27.871353,27.835648,0.007569,60,27.736108,27.751419,27.718643,0.006148,60,1001.446667,1001.500000,1001.400000,0.050310,60,1001.446667,1001.500000,1001.400000,0.050310,60,24.606667,24.800000,24.600000,0.036204,60,0.014715,0.062197,-0.077975,0.031116,60,-0.032729,0.029630,-0.136842,0.027177,60,-0.032204,0.004647,-0.118841,0.028622,60,-0.000352,0.000051,-0.001298,0.000313,60,0.000156,0.000657,-0.000824,0.000329,60,-0.000350,0.000317,-0.001463,0.000291,60,1.345419,1.460348,1.212541,0.063713,60,-178.896426,-178.792328,-179.075897,0.054956,60,-0.237554,-0.147131,-0.332504,0.043523,60,7.361123,7.527836,7.214170,0.070104,60,179.317940,179.434280,179.217026,0.048348,60,0.114782,0.213564,0.001534,0.055188,60,0.000000,19.766667,23.000000,18.000000,1.280448,60,1657.466667,1719.000000,1603.000000,25.882699,60,1.976667,2.300000,1.800000,0.128045,60,165.746522,2.566321,60,60,60,60,60,60,60,60,60,60,60,60,60,60,60,60,60,60,60,60,60,60,60,60,60,60,60,60,60,60,12.9308,12.98,12.88,24.07,26,22,30.85,6878226
2026-10-03 19:35:00,23.024719,23.077745,22.972458,0.024281,60,14.618092,14.680705,14.547952,0.028471,60,19.077261,19.154650,19.026474,0.026999,60,83.090000,83.900000,82.500000,0.373122,60,28.449487,28.487450,28.431374,0.013220,60,28.616291,28.647667,28.591591,0.012149,60,28.412637,28.439384,28.383308,0.011639,60,27.800000,27.800000,27.800000,0.000001,60,27.749922,27.766281,27.738602,0.006378,60,27.850993,27.867203,27.839035,0.006322,60,27.731459,27.745193,27.717422,0.006058,60,1001.436667,1001.500000,1001.400000,0.048596,60,1001.436667,1001.500000,1001.400000,0.048596,60,24.670000,24.800000,24.600000,0.096199,60,-0.005522,0.038873,-0.095811,0.034144,60,-0.070136,-0.027368,-0.172580,0.027865,60,-0.054301,0.004205,-0.142963,0.029942,60,-0.000593,0.000046,-0.001561,0.000327,60,-0.000058,0.000411,-0.001013,0.000361,60,-0.000750,-0.000293,-0.001845,0.000298,60,1.323447,1.466112,1.174159,0.063213,60,-178.921340,-178.819473,-179.038727,0.047639,60,-0.242282,-0.146406,-0.332620,0.040235,60,7.344669,7.527836,7.188307,0.070953,60,179.301133,179.446503,179.165527,0.059128,60,0.109761,0.213141,-0.024609,0.052071,60,0.000000,21.350000,28.000000,17.000000,3.107263,60,1631.133333,1787.000000,1509.000000,51.575013,60,2.135000,2.800000,1.700000,0.310726,60,163.112517,5.110914,60,60,60,60,60,60,60,60,60,60,60,60,60,60,60,60,60,60,60,60,60,60,60,60,60,60,60,60,60,60,12.9306,12.99,12.89,24.02,26,22,30.82,6878260
2026-10-03 19:36:00,23.021769,23.080797,22.958725,0.026515,60,14.607869,14.663920,14.531166,0.024130,60,19.082221,19.139391,19.011215,0.025494,60,83.030000,83.500000,82.800000,0.133150,60,28.447796,28.487450,28.402000,0.014772,60,28.615712,28.647667,28.578239,0.012942,60,28.410768,28.439384,28.383308,0.011169,60,27.800000,27.800000,27.800000,0.000001,60,27.748366,27.767654,27.732529,0.006416,60,27.849093,27.862991,27.835892,0.006608,60,27.728462,27.738571,27.712631,0.005755,60,1001.410000,1001.500000,1001.400000,0.030253,60,1001.410000,1001.500000,1001.400000,0.030253,60,24.606667,24.800000,24.600000,0.036204,60,-0.002351,0.052136,-0.105187,0.030765,60,-0.074555,-0.011083,-0.168508,0.026231,60,-0.061220,-0.014163,-0.157790,0.030007,60,-0.000669,-0.000155,-0.001723,0.000328,60,-0.000025,0.000551,-0.001112,0.000325,60,-0.000797,-0.000118,-0.001801,0.000280,60,1.306506,1.557137,1.108061,0.093523,60,-178.890199,-178.791183,-179.009537,0.048075,60,-0.242574,-0.120101,-0.332854,0.045640,60,7.331307,7.484586,7.105324,0.083504,60,179.325770,179.433884,179.192657,0.055457,60,0.127846,0.264938,0.001262,0.050550,60,0.000000,26.133333,30.000000,21.000000,2.258443,60,1592.466667,1671.000000,1509.000000,34.424797,60,2.613333,3.000000,2.100000,0.225844,60,159.247311,3.412797,60,60,60,60,60,60,60,60,60,60,60,60,60,60,60,60,60,60,60,60,60,60,60,60,60,60,60,60,60,60,12.9269,12.98,12.88,24.00,26,22,30.79,6878294
2026-10-03 19:37:00,23.024694,23.080797,22.972458,0.024181,60,14.608047,14.663920,14.563210,0.024938,60,19.080237,19.139391,19.026474,0.023250,60,82.771667,83.200000,82.600000,0.130308,60,28.446461,28.471428,28.415352,0.010969,60,28.613087,28.647667,28.578239,0.013927,60,28.404359,28.426033,28.383308,0.013438,60,27.800000,27.800000,27.800000,0.000001,60,27.747042,27.757309,27.734665,0.005830,60,27.845041,27.858322,27.831406,0.006919,60,27.728078,27.743759,27.714005,0.006170,60,1001.471667,1001.500000,1001.400000,0.045442,60,1001.471667,1001.500000,1001.400000,0.045442,60,24.600000,24.600000,24.600000,0.000001,60,0.001307,0.047791,-0.092381,0.032811,60,-0.072591,-0.035737,-0.149961,0.024385,60,-0.060302,-0.015270,-0.145176,0.031642,60,-0.000658,-0.000167,-0.001585,0.000346,60,0.000014,0.000505,-0.000976,0.000347,60,-0.000776,-0.000382,-0.001603,0.000261,60,1.311222,1.506324,1.132760,0.080779,60,-178.892775,-178.750122,-179.009537,0.053260,60,-0.239782,-0.119573,-0.319806,0.042220,60,7.345916,7.462588,7.198236,0.058085,60,179.315454,179.407440,179.217026,0.047817,60,0.112089,0.225600,0.015158,0.049402,60,0.000000,26.033333,34.000000,20.000000,3.359614,60,1651.616667,1729.000000,1583.000000,24.262751,60,2.603333,3.400000,2.000000,0.335961,60,165.161570,2.405460,60,60,60,60,60,60,60,60,60,60,60,60,60,60,60,60,60,60,60,60,60,60,60,60,60,60,60,60,60,60,12.9323,12.99,12.88,24.08,26,23,30.80,6878327
2026-10-03 19:38:00,23.015691,23.062485,22.943466,0.028104,60,14.603800,14.677653,14.547952,0.026690,60,19.074286,19.122606,19.026474,0.024447,60,82.880000,83.500000,82.700000,0.219244,60,28.441921,28.487450,28.415352,0.012529,60,28.610772,28.647667,28.591591,0.012413,60,28.402312,28.439384,28.369957,0.014701,60,27.800000,27.800000,27.800000,0.000001,60,27.745455,27.759811,27.728836,0.006482,60,27.843190,27.863266,27.826065,0.007340,60,27.725304,27.736832,27.708145,0.007677,60,1001.500000,1001.500000,1001.500000,0.000000,60,1001.500000,1001.500000,1001.500000,0.000000,60,24.613333,24.800000,24.600000,0.050310,60,0.000492,0.049849,-0.088037,0.029301,60,-0.074000,-0.024654,-0.147021,0.026939,60,-0.063869,-0.019475,-0.156241,0.031760,60,-0.000697,-0.000213,-0.001706,0.000347,60,0.000005,0.000527,-0.000931,0.000310,60,-0.000791,-0.000264,-0.001572,0.000288,60,1.322476,1.454032,1.080113,0.069190,60,-178.891639,-178.751617,-178.996902,0.053929,60,-0.247402,-0.160642,-0.333439,0.037774,60,7.335799,7.494853,7.191108,0.067341,60,179.312090,179.435043,179.163574,0.053484,60,0.124283,0.226609,0.041801,0.043798,60,0.000000,24.066667,27.000000,20.000000,1.812075,60,1719.333333,1791.000000,1633.000000,39.036561,60,2.406667,2.700000,2.000000,0.181208,60,171.934277,3.870171,60,60,60,60,60,60,60,60,60,60,60,60,60,60,60,60,60,60,60,60,60,60,60,60,60,60,60,60,60,60,12.9266,12.99,12.88,24.11,26,22,30.75,6878361
2026-10-03 19:39:00,23.022507,23.077745,22.958725,0.024157,60,14.601562,14.662395,14.547952,0.029273,60,19.068106,19.107347,18.994431,0.025700,60,83.298333,83.800000,83.100000,0.221315,60,28.436269,28.471428,28.415352,0.013046,60,28.607657,28.634315,28.578239,0.011313,60,28.401199,28.426033,28.369957,0.010246,60,27.800000,27.800000,27.800000,0.000001,60,27.744215,27.759476,27.731705,0.006346,60,27.840007,27.858536,27.816544,0.007463,60,27.725717,27.737320,27.714249,0.005988,60,1001.500000,1001.500000,1001.500000,0.000000,60,1001.500000,1001.500000,1001.500000,0.000000,60,24.690000,24.800000,24.600000,0.100338,60,-0.013125,0.028583,-0.120965,0.031695,60,-0.073145,-0.029178,-0.157425,0.027967,60,-0.062825,-0.014163,-0.156241,0.030456,60,-0.000686,-0.000155,-0.001706,0.000333,60,-0.000139,0.000302,-0.001279,0.000335,60,-0.000782,-0.000312,-0.001683,0.000299,60,1.323043,1.531750,1.186460,0.080537,60,-178.902290,-178.792328,-179.010239,0.055152,60,-0.247650,-0.120035,-0.331572,0.041588,60,7.347402,7.574656,7.224404,0.066336,60,179.326798,179.447510,179.191513,0.056931,60,0.117736,0.225600,0.001806,0.055375,60,0.000000,22.416667,29.000000,19.000000,2.714004,60,1631.900000,1762.000000,1543.000000,52.198351,60,2.241667,2.900000,1.900000,0.271400,60,163.187679,5.173603,60,60,60,60,60,60,60,60,60,60,60,60,60,60,60,60,60,60,60,60,60,60,60,60,60,60,60,60,60,60,12.9285,12.98,12.88,24.11,26,22,30.65,6878395
2026-10-03 19:40:00,23.005366,23.064013,22.943466,0.029111,60,14.612014,14.680705,14.547952,0.029782,60,19.064342,19.122606,18.992905,0.027390,60,83.546667,83.900000,83.100000,0.279507,60,28.436269,28.458076,28.415352,0.010592,60,28.605654,28.634315,28.578239,0.011487,60,28.396838,28.426033,28.369957,0.014094,60,27.800000,27.800000,27.800000,0.000001,60,27.742082,27.754196,27.727707,0.006267,60,27.837588,27.853043,27.819534,0.007560,60,27.720881,27.741928,27.702225,0.006977,60,1001.500000,1001.500000,1001.500000,0.000000,60,1001.500000,1001.500000,1001.500000,0.000000,60,24.760000,24.800000,24.600000,0.080675,60,0.000530,0.045047,-0.090781,0.029118,60,-0.073280,-0.024202,-0.158330,0.029491,60,-0.056554,-0.002656,-0.149602,0.031244,60,-0.000618,-0.000029,-0.001634,0.000341,60,0.000006,0.000476,-0.000960,0.000308,60,-0.000783,-0.000259,-0.001693,0.000315,60,1.318617,1.503601,1.211391,0.055422,60,-178.897697,-178.792618,-179.007889,0.048676,60,-0.242723,-0.159506,-0.332620,0.035599,60,7.322177,7.419727,7.155777,0.065310,60,179.315877,179.407990,179.219406,0.045251,60,0.104482,0.226320,0.015440,0.048806,60,0.000000,23.650000,28.000000,20.000000,1.744969,60,1608.733333,1716.000000,1531.000000,36.382556,60,2.365000,2.800000,2.000000,0.174497,60,160.873008,3.606754,60,60,60,60,60,60,60,60,60,60,60,60,60,60,60,60,60,60,60,60,60,60,60,60,60,60,60,60,60,60,12.9274,12.98,12.88,23.99,26,22,30.67,6878429
2026-10-03 19:41:00,23.001806,23.062485,22.940414,0.025741,60,14.607106,14.677653,14.531166,0.031359,60,19.054729,19.107347,18.960861,0.026493,60,83.536667,84.100000,83.200000,0.282223,60,28.435735,28.458076,28.402000,0.012102,60,28.601382,28.618294,28.578239,0.011495,60,28.395814,28.426033,28.369957,0.012749,60,27.800000,27.800000,27.800000,0.000001,60,27.741940,27.756546,27.731705,0.006963,60,27.834899,27.857254,27.820999,0.007459,60,27.719240,27.735123,27.706711,0.006849,60,1001.500000,1001.500000,1001.500000,0.000000,60,1001.500000,1001.500000,1001.500000,0.000000,60,24.763333,24.800000,24.600000,0.078041,60,0.001326,0.046419,-0.109074,0.031265,60,-0.069680,-0.022166,-0.167830,0.027309,60,-0.048857,0.004426,-0.140971,0.029534,60,-0.000534,0.000048,-0.001539,0.000323,60,0.000014,0.000491,-0.001153,0.000330,60,-0.000745,-0.000237,-0.001794,0.000292,60,1.313008,1.490217,1.108061,0.069731,60,-178.882187,-178.752502,-179.064499,0.066003,60,-0.239422,-0.146986,-0.358791,0.043342,60,7.332233,7.439762,7.207041,0.056309,60,179.311451,179.474731,179.165527,0.058244,60,0.108894,0.213141,0.001534,0.047383,60,0.000000,23.150000,27.000000,18.000000,1.885044,60,1572.300000,1761.000000,1464.000000,56.126763,60,2.315000,2.700000,1.800000,0.188504,60,157.225110,5.559409,60,60,60,60,60,60,60,60,60,60,60,60,60,60,60,60,60,60,60,60,60,60,60,60,60,60,60,60,60,60,12.9260,12.98,12.88,23.98,26,22,30.64,6878463
2026-10-03 19:42:00,23.008723,23.062485,22.970932,0.021448,60,14.597696,14.677653,14.531166,0.032235,60,19.065919,19.139391,18.994431,0.025838,60,83.533333,84.100000,83.200000,0.282643,60,28.432575,28.458076,28.402000,0.012246,60,28.594929,28.618294,28.578239,0.011948,60,28.392610,28.426033,28.356606,0.014876,60,27.800000,27.800000,27.800000,0.000001,60,27.737386,27.752518,27.715652,0.007006,60,27.830312,27.847916,27.816330,0.007032,60,27.717427,27.736069,27.704514,0.007454,60,1001.535000,1001.600000,1001.500000,0.048099,60,1001.535000,1001.600000,1001.500000,0.048099,60,24.750000,24.800000,24.600000,0.087333,60,0.021319,0.077061,-0.072487,0.030500,60,-0.049848,0.003393,-0.139557,0.027447,60,-0.026125,0.013500,-0.107554,0.026672,60,-0.000285,0.000147,-0.001174,0.000291,60,0.000225,0.000815,-0.000766,0.000322,60,-0.000533,0.000036,-0.001492,0.000293,60,1.316440,1.454917,1.174160,0.063340,60,-178.896912,-178.748627,-179.010468,0.058059,60,-0.240677,-0.119705,-0.332621,0.045369,60,7.341293,7.498967,7.204204,0.064711,60,179.313237,179.448502,179.217026,0.058292,60,0.111413,0.225600,0.002078,0.051380,60,0.000000,21.250000,26.000000,19.000000,2.079969,60,1541.200000,1622.000000,1451.000000,40.809520,60,2.125000,2.600000,1.900000,0.207997,60,154.120586,4.045755,60,60,60,60,60,60,60,60,60,60,60,60,60,60,60,60,60,60,60,60,60,60,60,60,60,60,60,60,60,60,12.9257,12.98,12.87,24.00,26,22,30.59,6878496
2026-10-03 19:43:00,23.000025,23.062485,22.911421,0.027320,60,14.607970,14.677653,14.547952,0.025722,60,19.054881,19.107347,18.992905,0.028648,60,83.548333,84.200000,83.400000,0.158907,60,28.431685,28.458076,28.402000,0.011541,60,28.593772,28.618294,28.562218,0.012683,60,28.390652,28.412682,28.356606,0.013559,60,27.800000,27.800000,27.800000,0.000001,60,27.732995,27.745529,27.718338,0.006413,60,27.824238,27.843430,27.810379,0.007433,60,27.712428,27.732620,27.696518,0.007315,60,1001.593333,1001.600000,1001.500000,0.025155,60,1001.593333,1001.600000,1001.500000,0.025155,60,24.806667,25.000000,24.800000,0.036204,60,0.035950,0.078661,-0.050307,0.029684,60,-0.035786,0.010405,-0.117164,0.024575,60,-0.012021,0.031647,-0.100472,0.028992,60,-0.000131,0.000346,-0.001097,0.000317,60,0.000380,0.000831,-0.000532,0.000314,60,-0.000383,0.000111,-0.001252,0.000263,60,1.295653,1.450062,1.108061,0.086057,60,-178.887534,-178.779037,-179.063400,0.047051,60,-0.238353,-0.160035,-0.332271,0.034873,60,7.344817,7.491472,7.137473,0.074472,60,179.310949,179.447128,179.165131,0.057739,60,0.113333,0.212859,0.001715,0.049180,60,0.000000,23.583333,26.000000,20.000000,1.586935,60,1532.083333,1610.000000,1440.000000,41.632489,60,2.358333,2.600000,2.000000,0.158693,60,153.209360,4.127457,60,60,60,60,60,60,60,60,60,60,60,60,60,60,60,60,60,60,60,60,60,60,60,60,60,60,60,60,60,60,12.9273,12.98,12.88,23.98,26,22,30.53,6878530
2026-10-03 19:44:00,22.996185,23.048752,22.938889,0.024097,60,14.595127,14.677653,14.547952,0.031165,60,19.054703,19.107347,19.008163,0.025604,60,83.496667,84.100000,83.300000,0.186826,60,28.426078,28.458076,28.388649,0.014472,60,28.588253,28.618294,28.562218,0.013736,60,28.389628,28.412682,28.356606,0.013713,60,27.793333,27.800000,27.700000,0.025155,60,27.725168,27.741714,27.709091,0.006994,60,27.817888,27.828720,27.799911,0.006460,60,27.704128,27.716873,27.683456,0.006653,60,1001.600000,1001.600000,1001.600000,0.000053,60,1001.600000,1001.600000,1001.600000,0.000053,60,24.800000,24.800000,24.800000,0.000001,60,0.053794,0.097641,-0.056481,0.032238,60,-0.024243,0.027142,-0.118748,0.030114,60,0.004400,0.050236,-0.082547,0.030465,60,0.000048,0.000549,-0.000901,0.000333,60,0.000569,0.001032,-0.000597,0.000341,60,-0.000259,0.000290,-0.001269,0.000322,60,1.312644,1.463890,1.108780,0.073661,60,-178.896578,-178.793198,-179.009064,0.047429,60,-0.233207,-0.107472,-0.359037,0.053434,60,7.332015,7.459767,7.168880,0.065447,60,179.303881,179.407028,179.219040,0.043080,60,0.124227,0.211733,0.014502,0.042362,60,0.000000,22.166667,28.000000,17.000000,2.538962,60,1517.383333,1603.000000,1405.000000,49.891439,60,2.216667,2.800000,1.700000,0.253896,60,151.741162,4.945603,60,60,60,60,60,60,60,60,60,60,60,60,60,60,60,60,60,60,60,60,60,60,60,60,60,60,60,60,60,60,12.9280,12.98,12.87,24.08,26,22,30.54,6878564
2026-10-03 19:45:00,22.999364,23.077745,22.957199,0.028570,60,14.600570,14.659343,14.544900,0.025115,60,19.059205,19.122606,18.979172,0.027973,60,83.920000,84.300000,83.500000,0.308523,60,28.417622,28.444725,28.388649,0.013764,60,28.579397,28.604942,28.562218,0.011752,60,28.380638,28.412682,28.340584,0.014880,60,27.745000,27.800000,27.700000,0.050169,60,27.716302,27.730057,27.700790,0.006930,60,27.808466,27.818283,27.795486,0.005930,60,27.698414,27.722000,27.683456,0.007329,60,1001.600000,1001.600000,1001.600000,0.000053,60,1001.600000,1001.600000,1001.600000,0.000053,60,24.880000,25.000000,24.800000,0.098806,60,0.054434,0.104729,-0.040703,0.031046,60,-0.011600,0.021488,-0.081879,0.025990,60,0.013264,0.060416,-0.076571,0.027422,60,0.000145,0.000660,-0.000836,0.000299,60,0.000575,0.001107,-0.000430,0.000328,60,-0.000124,0.000230,-0.000875,0.000278,60,1.306575,1.462117,1.081170,0.080004,60,-178.892849,-178.791763,-178.995499,0.044375,60,-0.243875,-0.146986,-0.358177,0.044202,60,7.338020,7.549793,7.174836,0.079142,60,179.306613,179.407028,179.123489,0.057382,60,0.111572,0.214555,-0.024946,0.048730,60,0.000000,20.883333,25.000000,17.000000,1.637398,60,1489.233333,1607.000000,1361.000000,59.101282,60,2.088333,2.500000,1.700000,0.163740,60,148.923101,5.858031,60,60,60,60,60,60,60,60,60,60,60,60,60,60,60,60,60,60,60,60,60,60,60,60,60,60,60,60,60,60,12.9270,12.98,12.89,24.06,26,23,30.41,6878598
2026-10-03 19:46:00,23.002162,23.062485,22.940414,0.023517,60,14.590168,14.627298,14.529640,0.024028,60,19.049185,19.104296,18.976120,0.027228,60,84.255000,84.500000,84.100000,0.081146,60,28.416687,28.444725,28.388649,0.012068,60,28.571608,28.604942,28.548866,0.013003,60,28.374140,28.399330,28.340584,0.013140,60,27.700000,27.700000,27.700000,0.000000,60,27.707391,27.724838,27.690292,0.008044,60,27.798359,27.815414,27.784225,0.006989,60,27.691340,27.703415,27.673935,0.007595,60,1001.603333,1001.700000,1001.600000,0.018102,60,1001.603333,1001.700000,1001.600000,0.018102,60,24.990000,25.000000,24.800000,0.043957,60,0.069439,0.111361,-0.021723,0.029479,60,-0.000166,0.056094,-0.105176,0.029760,60,0.028866,0.083653,-0.063957,0.028691,60,0.000315,0.000913,-0.000698,0.000313,60,0.000734,0.001177,-0.000230,0.000312,60,-0.000002,0.000600,-0.001124,0.000318,60,1.313224,1.450062,1.134585,0.058944,60,-178.904191,-178.781067,-179.062302,0.050636,60,-0.235465,-0.107030,-0.373061,0.047029,60,7.348922,7.494853,7.203052,0.063726,60,179.307824,179.433243,179.217575,0.055698,60,0.113529,0.225888,0.001987,0.053907,60,0.000000,19.716667,24.000000,16.000000,1.940572,60,1500.300000,1618.000000,1350.000000,54.531378,60,1.971667,2.400000,1.600000,0.194057,60,150.030953,5.404472,60,60,60,60,60,60,60,60,60,60,60,60,60,60,60,60,60,60,60,60,60,60,60,60,60,60,60,60,60,60,12.9257,13.00,12.88,24.00,26,22,30.36,6878631
2026-10-03 19:47:00,22.989573,23.062485,22.926680,0.028430,60,14.598205,14.709697,14.544900,0.031212,60,19.052720,19.104296,18.989853,0.024338,60,84.306667,84.500000,84.100000,0.150555,60,28.407653,28.431374,28.372627,0.012448,60,28.565200,28.591591,28.535515,0.014088,60,28.363726,28.383308,28.327232,0.011600,60,27.700000,27.700000,27.700000,0.000000,60,27.695368,27.711868,27.679184,0.007345,60,27.790318,27.808640,27.777054,0.006931,60,27.682956,27.697189,27.657578,0.006843,60,1001.681667,1001.700000,1001.600000,0.039021,60,1001.681667,1001.700000,1001.600000,0.039021,60,24.966667,25.000000,24.800000,0.075165,60,0.066016,0.133313,-0.015778,0.029807,60,0.002891,0.039583,-0.089796,0.027805,60,0.028216,0.071260,-0.050236,0.030286,60,0.000308,0.000778,-0.000549,0.000331,60,0.000698,0.001409,-0.000167,0.000315,60,0.000031,0.000423,-0.000960,0.000297,60,1.309250,1.489317,1.149134,0.068038,60,-178.897575,-178.749542,-179.037598,0.056819,60,-0.236785,-0.146623,-0.332620,0.045522,60,7.355120,7.491472,7.204204,0.067779,60,179.314245,179.473907,179.217957,0.056887,60,0.108471,0.212436,0.002442,0.046850,60,0.000000,20.850000,26.000000,18.000000,1.972910,60,1470.666667,1554.000000,1373.000000,39.735424,60,2.085000,2.600000,1.800000,0.197291,60,147.066721,3.939178,60,60,60,60,60,60,60,60,60,60,60,60,60,60,60,60,60,60,60,60,60,60,60,60,60,60,60,60,60,60,12.9245,12.98,12.88,24.00,26,22,30.35,6878665
2026-10-03 19:48:00,22.990463,23.031967,22.938889,0.025184,60,14.595509,14.659343,14.529640,0.028755,60,19.040309,19.104296,18.976120,0.026024,60,84.400000,84.600000,84.100000,0.086358,60,28.397327,28.415352,28.359276,0.012444,60,28.557634,28.591591,28.535515,0.011583,60,28.355849,28.383308,28.313881,0.013519,60,27.700000,27.700000,27.700000,0.000000,60,27.685013,27.708694,27.668533,0.007291,60,27.778614,27.796677,27.760788,0.008046,60,27.672118,27.684219,27.656540,0.006811,60,1001.698333,1001.700000,1001.600000,0.012910,60,1001.698333,1001.700000,1001.600000,0.012910,60,24.996667,25.000000,24.800000,0.025820,60,0.073105,0.120279,-0.025153,0.035233,60,0.007328,0.062201,-0.062880,0.027166,60,0.029282,0.083653,-0.073916,0.032027,60,0.000320,0.000913,-0.000807,0.000350,60,0.000773,0.001271,-0.000266,0.000372,60,0.000078,0.000665,-0.000672,0.000290,60,1.308271,1.506324,1.083643,0.075850,60,-178.895041,-178.752792,-179.009064,0.051505,60,-0.246763,-0.147204,-0.333205,0.044354,60,7.346384,7.495576,7.220160,0.060786,60,179.327703,179.475449,179.190964,0.062182,60,0.112447,0.186108,0.001806,0.041517,60,0.000000,22.800000,29.000000,14.000000,3.134283,60,1482.150000,1645.000000,1374.000000,62.287149,60,2.280000,2.900000,1.400000,0.313428,60,148.206868,6.172853,60,60,60,60,60,60,60,60,60,60,60,60,60,60,60,60,60,60,60,60,60,60,60,60,60,60,60,60,60,60,12.9232,12.99,12.87,23.99,26,22,30.35,6878699
2026-10-03 19:49:00,22.989039,23.045700,22.925154,0.026279,60,14.591974,14.645609,14.493019,0.031488,60,19.050075,19.121080,18.974594,0.030630,60,84.596667,84.700000,84.000000,0.158346,60,28.386780,28.415352,28.359276,0.012833,60,28.549089,28.578239,28.506142,0.012861,60,28.346903,28.369957,28.313881,0.012706,60,27.700000,27.700000,27.700000,0.000000,60,27.673518,27.690567,27.650497,0.008661,60,27.772059,27.785263,27.754807,0.006782,60,27.659916,27.676987,27.646072,0.007375,60,1001.700000,1001.700000,1001.700000,0.000052,60,1001.700000,1001.700000,1001.700000,0.000052,60,24.986667,25.000000,24.800000,0.050310,60,0.055715,0.123480,-0.066771,0.035872,60,-0.003234,0.043654,-0.092962,0.029294,60,0.016852,0.062187,-0.071260,0.028412,60,0.000184,0.000679,-0.000778,0.000310,60,0.000589,0.001305,-0.000706,0.000379,60,-0.000035,0.000467,-0.000994,0.000313,60,1.310180,1.449181,1.082582,0.068135,60,-178.892155,-178.780487,-178.996201,0.049290,60,-0.252017,-0.159808,-0.332854,0.035648,60,7.334654,7.553928,7.160954,0.067453,60,179.320981,179.475098,179.151260,0.066944,60,0.114145,0.226320,0.002260,0.044800,60,0.000000,19.600000,22.000000,17.000000,1.440339,60,1528.250000,1713.000000,1420.000000,64.649151,60,1.960000,2.200000,1.700000,0.144034,60,152.815658,6.405597,60,60,60,60,60,60,60,60,60,60,60,60,60,60,60,60,60,60,60,60,60,60,60,60,60,60,60,60,60,60,12.9253,12.98,12.87,24.02,26,22,30.28,6878733
2026-10-03 19:50:00,22.988658,23.045700,22.938889,0.027091,60,14.592584,14.659343,14.543374,0.029980,60,19.045879,19.104296,18.989853,0.027400,60,84.755000,85.000000,84.100000,0.215048,60,28.375120,28.402000,28.345924,0.013615,60,28.538452,28.562218,28.506142,0.012732,60,28.338225,28.369957,28.313881,0.013420,60,27.700000,27.700000,27.700000,0.000000,60,27.666143,27.681564,27.649643,0.006887,60,27.765483,27.780716,27.754074,0.005504,60,27.652452,27.669113,27.637527,0.007242,60,1001.705000,1001.800000,1001.700000,0.021978,60,1001.705000,1001.800000,1001.700000,0.021978,60,24.996667,25.000000,24.800000,0.025820,60,0.036469,0.083921,-0.065627,0.031875,60,-0.019984,0.027821,-0.112867,0.027873,60,0.004146,0.058646,-0.089407,0.031702,60,0.000045,0.000640,-0.000976,0.000346,60,0.000385,0.000887,-0.000694,0.000337,60,-0.000214,0.000297,-0.001207,0.000298,60,1.309458,1.492920,1.146185,0.067436,60,-178.896013,-178.779037,-179.036697,0.052876,60,-0.244124,-0.159657,-0.332854,0.040216,60,7.326928,7.501740,7.179198,0.061675,60,179.316851,179.447372,179.193207,0.054306,60,0.113568,0.213423,0.015440,0.044121,60,0.000000,20.400000,27.000000,16.000000,2.835609,60,1556.933333,1669.000000,1359.000000,70.978838,60,2.040000,2.700000,1.600000,0.283561,60,155.712457,7.028284,60,60,60,60,60,60,60,60,60,60,60,60,60,60,60,60,60,60,60,60,60,60,60,60,60,60,60,60,60,60,12.9245,12.99,12.88,24.12,26,23,30.25,6878767
2026-10-03 19:51:00,22.980062,23.027390,22.922102,0.026446,60,14.589380,14.659343,14.543374,0.027151,60,19.048320,19.118029,18.989853,0.023845,60,84.696667,85.100000,84.400000,0.212305,60,28.368355,28.402000,28.345924,0.012680,60,28.530308,28.562218,28.506142,0.014867,60,28.329903,28.356606,28.281837,0.013598,60,27.700000,27.700000,27.700000,0.000000,60,27.658157,27.671249,27.643631,0.006552,60,27.756314,27.770859,27.732376,0.007282,60,27.643986,27.656662,27.631393,0.006890,60,1001.786667,1001.800000,1001.700000,0.034280,60,1001.786667,1001.800000,1001.700000,0.034280,60,25.005000,25.100000,25.000000,0.021978,60,0.034529,0.077289,-0.054651,0.031284,60,-0.026336,0.014702,-0.110605,0.027670,60,-0.006300,0.035630,-0.095161,0.025975,60,-0.000069,0.000389,-0.001039,0.000284,60,0.000365,0.000817,-0.000578,0.000331,60,-0.000282,0.000157,-0.001182,0.000296,60,1.311954,1.497897,1.148027,0.071515,60,-178.894966,-178.778763,-179.009537,0.052097,60,-0.243375,-0.106841,-0.358791,0.046695,60,7.341982,7.509268,7.214170,0.068414,60,179.313766,179.407440,179.165527,0.048802,60,0.107311,0.213423,0.015252,0.047412,60,0.000000,20.050000,27.000000,17.000000,2.250612,60,1615.750000,1702.000000,1505.000000,49.124755,60,2.005000,2.700000,1.700000,0.225061,60,161.576408,4.870254,60,60,60,60,60,60,60,60,60,60,60,60,60,60,60,60,60,60,60,60,60,60,60,60,60,60,60,60,60,60,12.9238,12.98,12.88,24.10,26,22,30.23,6878800
2026-10-03 19:52:00,22.977188,23.027390,22.935835,0.021608,60,14.593245,14.644083,14.543374,0.026740,60,19.037995,19.089037,18.989853,0.024531,60,84.545000,85.000000,84.300000,0.189938,60,28.360299,28.388649,28.332573,0.012555,60,28.522074,28.562218,28.492790,0.014130,60,28.319132,28.340584,28.297859,0.010827,60,27.700000,27.700000,27.700000,0.000000,60,27.651667,27.669388,27.635483,0.007841,60,27.750130,27.765244,27.736221,0.006939,60,27.637748,27.657761,27.624161,0.008035,60,1001.800000,1001.800000,1001.800000,0.000000,60,1001.800000,1001.800000,1001.800000,0.000000,60,25.000000,25.000000,25.000000,0.000000,60,0.035032,0.077747,-0.061969,0.029793,60,-0.027565,0.013797,-0.113545,0.026659,60,-0.015263,0.038064,-0.121054,0.030649,60,-0.000167,0.000416,-0.001322,0.000335,60,0.000370,0.000822,-0.000655,0.000315,60,-0.000295,0.000147,-0.001214,0.000285,60,1.302520,1.463447,1.147290,0.074997,60,-178.894583,-178.792328,-178.996902,0.052443,60,-0.233499,-0.120433,-0.333088,0.045864,60,7.333975,7.483105,7.194261,0.065285,60,179.316368,179.446884,179.191513,0.059172,60,0.119047,0.213847,-0.024101,0.049247,60,0.000000,24.616667,28.000000,21.000000,1.657972,60,1563.350000,1647.000000,1442.000000,42.250594,60,2.461667,2.800000,2.100000,0.165797,60,156.334604,4.188238,60,60,60,60,60,60,60,60,60,60,60,60,60,60,60,60,60,60,60,60,60,60,60,60,60,60,60,60,60,60,12.9243,12.98,12.88,24.10,26,22,30.11,6878834
2026-10-03 19:53:00,22.978638,23.027390,22.935835,0.020318,60,14.583963,14.644083,14.511330,0.027208,60,19.044938,19.102770,18.974594,0.027919,60,84.096610,84.300000,83.900000,0.148517,59,28.349129,28.372627,28.316551,0.013245,60,28.514998,28.548866,28.479439,0.014329,60,28.314994,28.340584,28.297859,0.012556,60,27.700000,27.700000,27.700000,0.000000,59,27.643887,27.657455,27.629318,0.006660,60,27.742726,27.756851,27.726089,0.006565,60,27.630230,27.648819,27.616226,0.006701,60,1001.800000,1001.800000,1001.800000,0.000000,59,1001.800000,1001.800000,1001.800000,0.000000,59,24.840678,25.000000,24.600000,0.132767,59,0.037581,0.099699,-0.076832,0.033908,60,-0.028733,0.012440,-0.110605,0.028993,60,-0.021363,0.040720,-0.133447,0.032729,60,-0.000233,0.000445,-0.001457,0.000357,60,0.000397,0.001054,-0.000812,0.000358,60,-0.000307,0.000133,-0.001182,0.000310,60,1.309242,1.446985,1.029768,0.072831,60,-178.907469,-178.779922,-179.010239,0.055431,60,-0.242386,-0.120565,-0.359406,0.044887,60,7.336343,7.481228,7.220160,0.068668,60,179.310308,179.448135,179.164734,0.066919,60,0.114300,0.227042,0.014689,0.045811,60,0.000000,22.316667,27.000000,18.000000,2.228412,60,1644.100000,1763.000000,1528.000000,62.392063,60,2.231667,2.700000,1.800000,0.222841,60,164.407242,6.184992,60,60,60,60,60,60,60,60,60,60,60,60,60,60,60,60,60,60,60,60,60,60,59,59,59,59,59,59,60,60,12.9233,12.99,12.87,24.00,26,22,30.16,6878870
2026-10-03 19:54:00,22.979502,23.027390,22.935835,0.024968,60,14.580250,14.641031,14.526588,0.027064,60,19.035706,19.102770,18.988327,0.028250,60,84.626667,85.000000,84.200000,0.279143,60,28.342052,28.372627,28.316551,0.010943,60,28.510236,28.548866,28.479439,0.013423,60,28.306627,28.340584,28.268486,0.013784,60,27.700000,27.700000,27.700000,0.000000,60,27.639829,27.660294,27.617966,0.007795,60,27.737627,27.753281,27.721146,0.007678,60,27.625734,27.641678,27.608902,0.006692,60,1001.800000,1001.800000,1001.800000,0.000000,60,1001.800000,1001.800000,1001.800000,0.000000,60,24.993333,25.000000,24.800000,0.036204,60,0.009131,0.061283,-0.081634,0.032143,60,-0.052298,-0.009047,-0.136390,0.029030,60,-0.030872,0.032310,-0.119505,0.029873,60,-0.000337,0.000353,-0.001305,0.000326,60,0.000097,0.000648,-0.000863,0.000340,60,-0.000559,-0.000097,-0.001458,0.000310,60,1.284209,1.464779,1.129849,0.078102,60,-178.899557,-178.796890,-179.036697,0.051670,60,-0.239853,-0.106652,-0.331340,0.045648,60,7.333948,7.462588,7.220160,0.062508,60,179.317409,179.447128,179.192093,0.057187,60,0.122481,0.225456,0.015252,0.046563,60,0.000000,20.083333,28.000000,16.000000,2.924425,60,1605.166667,1741.000000,1468.000000,63.786765,60,2.008333,2.800000,1.600000,0.292442,60,160.515420,6.320747,60,60,60,60,60,60,60,60,60,60,60,60,60,60,60,60,60,60,60,60,60,60,60,60,60,60,60,60,60,60,12.9233,12.98,12.87,24.09,27,22,30.12,6878903
2026-10-03 19:55:00,22.979833,23.027390,22.922102,0.025346,60,14.589100,14.641031,14.543374,0.025460,60,19.039088,19.089037,18.957809,0.029889,60,84.630000,85.000000,84.300000,0.164986,60,28.340628,28.372627,28.316551,0.011650,60,28.501513,28.548866,28.463417,0.013588,60,28.301197,28.327232,28.268486,0.014024,60,27.700000,27.700000,27.700000,0.000000,60,27.637409,27.663528,27.622696,0.008935,60,27.735102,27.757217,27.714432,0.007179,60,27.621891,27.637436,27.605545,0.006777,60,1001.810000,1001.900000,1001.800000,0.030253,60,1001.810000,1001.900000,1001.800000,0.030253,60,24.970000,25.000000,24.800000,0.072017,60,0.017131,0.054194,-0.082549,0.029998,60,-0.055125,-0.007012,-0.129604,0.029780,60,-0.044475,0.000885,-0.131676,0.028942,60,-0.000486,0.000010,-0.001438,0.000316,60,0.000181,0.000573,-0.000873,0.000317,60,-0.000589,-0.000075,-0.001385,0.000318,60,1.337714,1.528075,1.145083,0.078310,60,-178.891334,-178.751892,-179.009537,0.056732,60,-0.240515,-0.146986,-0.319578,0.041103,60,7.338947,7.485324,7.197076,0.065010,60,179.299661,179.407303,179.162415,0.056506,60,0.122705,0.226320,0.040501,0.052335,60,0.000000,24.466667,27.000000,19.000000,1.854602,60,1647.366667,1704.000000,1594.000000,29.973416,60,2.446667,2.700000,1.900000,0.185460,60,164.736542,2.971980,60,60,60,60,60,60,60,60,60,60,60,60,60,60,60,60,60,60,60,60,60,60,60,60,60,60,60,60,60,60,12.9228,12.98,12.87,24.03,26,22,30.16,6878937
2026-10-03 19:56:00,22.975789,23.044174,22.920576,0.025254,60,14.587498,14.641031,14.526588,0.028905,60,19.027593,19.072252,18.971542,0.026515,60,84.320000,84.600000,84.000000,0.202359,60,28.335110,28.359276,28.300529,0.012692,60,28.496484,28.535515,28.463417,0.014970,60,28.296034,28.327232,28.268486,0.015292,60,27.688333,27.700000,27.600000,0.032373,60,27.633489,27.649673,27.615555,0.007119,60,27.727603,27.741928,27.718155,0.005189,60,27.617997,27.632339,27.602158,0.006898,60,1001.896667,1001.900000,1001.800000,0.018102,60,1001.896667,1001.900000,1001.800000,0.018102,60,24.780000,25.000000,24.600000,0.102180,60,0.009086,0.049163,-0.087808,0.030593,60,-0.047597,-0.009726,-0.143402,0.028905,60,-0.035221,0.014606,-0.121718,0.029768,60,-0.000385,0.000159,-0.001329,0.000325,60,0.000096,0.000520,-0.000928,0.000323,60,-0.000509,-0.000104,-0.001533,0.000309,60,1.326222,1.465667,1.189487,0.064259,60,-178.893635,-178.793488,-179.036240,0.048774,60,-0.234293,-0.159808,-0.332271,0.044209,60,7.349415,7.478437,7.224404,0.060189,60,179.314687,179.487640,179.164551,0.065348,60,0.116742,0.251778,0.014689,0.055020,60,0.000000,20.000000,22.000000,17.000000,1.594482,60,1611.283333,1696.000000,1516.000000,33.684021,60,2.000000,2.200000,1.700000,0.159448,60,161.129282,3.338692,60,60,60,60,60,60,60,60,60,60,60,60,60,60,60,60,60,60,60,60,60,60,60,60,60,60,60,60,60,60,12.9227,12.99,12.88,24.05,27,22,30.12,6878971
2026-10-03 19:57:00,22.973195,23.044174,22.925154,0.023738,60,14.582971,14.641031,14.526588,0.023706,60,19.028331,19.102770,18.956284,0.028461,60,84.828333,85.000000,84.600000,0.110610,60,28.329769,28.359276,28.300529,0.013351,60,28.493814,28.519493,28.463417,0.011831,60,28.294566,28.327232,28.268486,0.014244,60,27.700000,27.700000,27.700000,0.000000,60,27.630442,27.646744,27.615494,0.006673,60,27.727143,27.741501,27.709915,0.006384,60,27.617359,27.633896,27.600571,0.007117,60,1001.900000,1001.900000,1001.900000,0.000000,60,1001.900000,1001.900000,1001.900000,0.000000,60,24.976667,25.000000,24.800000,0.064746,60,-0.005358,0.043447,-0.091695,0.032029,60,-0.065745,-0.028952,-0.154937,0.028305,60,-0.049170,-0.007303,-0.147168,0.029627,60,-0.000537,-0.000080,-0.001607,0.000324,60,-0.000057,0.000459,-0.000969,0.000339,60,-0.000703,-0.000309,-0.001656,0.000303,60,1.317188,1.497444,1.188350,0.072795,60,-178.888070,-178.753387,-179.009537,0.048131,60,-0.242926,-0.147131,-0.333205,0.037773,60,7.353097,7.450003,7.230392,0.051005,60,179.315708,179.475327,179.190201,0.052982,60,0.110391,0.251928,0.002078,0.046343,60,0.000000,22.183333,27.000000,17.000000,2.878863,60,1573.650000,1676.000000,1475.000000,43.279472,60,2.218333,2.700000,1.700000,0.287886,60,157.366065,4.290251,60,60,60,60,60,60,60,60,60,60,60,60,60,60,60,60,60,60,60,60,60,60,60,60,60,60,60,60,60,60,12.9183,12.98,12.87,24.02,26,22,30.08,6879005
2026-10-03 19:58:00,22.969762,23.025864,22.920576,0.027304,60,14.571425,14.625772,14.511330,0.024127,60,19.035706,19.089037,18.971542,0.027576,60,84.746667,84.900000,84.600000,0.070028,60,28.325675,28.345924,28.300529,0.011491,60,28.489452,28.519493,28.463417,0.012346,60,28.288513,28.327232,28.268486,0.013910,60,27.700000,27.700000,27.700000,0.000000,60,27.631418,27.646011,27.618698,0.006611,60,27.723670,27.741501,27.706772,0.006750,60,27.613955,27.625870,27.590195,0.006620,60,1001.900000,1001.900000,1001.900000,0.000000,60,1001.900000,1001.900000,1001.900000,0.000000,60,24.956667,25.000000,24.800000,0.083090,60,0.000396,0.037959,-0.105644,0.029651,60,-0.063848,-0.016285,-0.150640,0.029189,60,-0.053751,-0.004869,-0.163544,0.032003,60,-0.000587,-0.000053,-0.001786,0.000349,60,0.000004,0.000401,-0.001117,0.000313,60,-0.000683,-0.000174,-0.001610,0.000312,60,1.324700,1.465667,1.132760,0.071678,60,-178.890761,-178.750427,-179.038498,0.058799,60,-0.240520,-0.159808,-0.319010,0.038173,60,7.342516,7.472836,7.236386,0.057743,60,179.316908,179.434280,179.192459,0.047308,60,0.115927,0.226609,-0.025030,0.051900,60,0.000000,21.083333,25.000000,16.000000,2.109636,60,1687.633333,1785.000000,1569.000000,60.119363,60,2.108333,2.500000,1.600000,0.210964,60,168.770304,5.959577,60,60,60,60,60,60,60,60,60,60,60,60,60,60,60,60,60,60,60,60,60,60,60,60,60,60,60,60,60,60,12.9223,12.98,12.88,23.99,26,22,30.07,6879039
2026-10-03 19:59:00,22.965998,23.012131,22.906843,0.021828,60,14.576460,14.639505,14.489967,0.027523,60,19.028102,19.118029,18.957809,0.033685,60,84.851667,85.000000,84.700000,0.081286,60,28.324963,28.345924,28.300529,0.014256,60,28.486337,28.506142,28.450066,0.011864,60,28.284196,28.313881,28.255135,0.013339,60,27.700000,27.700000,27.700000,0.000000,60,27.628908,27.646011,27.613907,0.007790,60,27.721262,27.739670,27.707047,0.007108,60,27.611349,27.629562,27.596970,0.007270,60,1001.900000,1001.900000,1001.900000,0.000000,60,1001.900000,1001.900000,1001.900000,0.000000,60,24.870000,25.000000,24.800000,0.096199,60,-0.007573,0.043675,-0.096269,0.030051,60,-0.072451,-0.024880,-0.152675,0.027563,60,-0.061464,-0.010844,-0.158675,0.033500,60,-0.000671,-0.000118,-0.001733,0.000366,60,-0.000080,0.000462,-0.001018,0.000318,60,-0.000775,-0.000266,-0.001632,0.000295,60,1.312001,1.534054,1.170046,0.074755,60,-178.890522,-178.794037,-179.009537,0.046307,60,-0.243525,-0.159205,-0.333439,0.036912,60,7.337720,7.488544,7.195086,0.061713,60,179.316258,179.433884,179.190201,0.060600,60,0.104822,0.212718,0.002078,0.048131,60,0.000000,18.933333,22.000000,15.000000,1.735635,60,1654.300000,1753.000000,1535.000000,57.057895,60,1.893333,2.200000,1.500000,0.173564,60,165.431923,5.656148,60,60,60,60,60,60,60,60,60,60,60,60,60,60,60,60,60,60,60,60,60,60,60,60,60,60,60,60,60,60,12.9194,13.03,12.87,24.06,26,22,30.10,6879072
2026-10-03 20:00:00,22.959843,23.025864,22.903791,0.029548,60,14.580657,14.657817,14.526588,0.030312,60,19.026398,19.089037,18.939499,0.030623,60,85.290000,85.400000,85.000000,0.096901,60,28.321180,28.345924,28.300529,0.011880,60,28.484824,28.506142,28.450066,0.013531,60,28.281214,28.313881,28.241776,0.014073,60,27.700000,27.700000,27.700000,0.000000,60,27.630879,27.644485,27.616867,0.006061,60,27.720325,27.734360,27.700851,0.007043,60,27.612551,27.627426,27.598740,0.006996,60,1001.953333,1002.000000,1001.900000,0.050310,60,1001.953333,1002.000000,1001.900000,0.050310,60,25.096667,25.100000,25.000000,0.018102,60,-0.030218,0.019665,-0.120507,0.029176,60,-0.099348,-0.049308,-0.178461,0.029642,60,-0.081639,-0.041163,-0.166421,0.029619,60,-0.000892,-0.000449,-0.001817,0.000323,60,-0.000319,0.000208,-0.001274,0.000308,60,-0.001062,-0.000527,-0.001908,0.000317,60,1.307832,1.493823,1.146185,0.072095,60,-178.893362,-178.779037,-178.997375,0.052995,60,-0.246906,-0.146551,-0.359406,0.039134,60,7.327267,7.527836,7.192275,0.064492,60,179.311797,179.447510,179.163971,0.052283,60,0.116959,0.252679,0.002260,0.051812,60,0.000000,18.633333,24.000000,15.000000,1.956880,60,1631.900000,1782.000000,1463.000000,72.003225,60,1.863333,2.400000,1.500000,0.195688,60,163.189528,7.134191,60,60,60,60,60,60,60,60,60,60,60,60,60,60,60,60,60,60,60,60,60,60,60,60,60,60,60,60,60,60,12.9217,12.98,12.87,24.02,26,22,30.05,6879106
2026-10-03 20:01:00,22.967142,23.013657,22.920576,0.024478,60,14.575621,14.657817,14.489967,0.028245,60,19.027949,19.089037,18.971542,0.030252,60,85.411667,85.600000,85.300000,0.109066,60,28.324206,28.345924,28.287178,0.010788,60,28.481041,28.506142,28.450066,0.014003,60,28.279479,28.297859,28.255135,0.012341,60,27.700000,27.700000,27.700000,0.000000,60,27.633749,27.650803,27.614731,0.008015,60,27.721342,27.735123,27.709824,0.006676,60,27.615498,27.628799,27.600479,0.006195,60,1001.990000,1002.000000,1001.900000,0.030253,60,1001.990000,1002.000000,1001.900000,0.030253,60,25.100000,25.100000,25.100000,0.000001,60,-0.037376,0.007089,-0.137200,0.031824,60,-0.105957,-0.061070,-0.179818,0.024643,60,-0.091561,-0.031868,-0.172175,0.030599,60,-0.001000,-0.000348,-0.001880,0.000334,60,-0.000395,0.000075,-0.001450,0.000336,60,-0.001133,-0.000653,-0.001922,0.000263,60,1.331857,1.659293,1.188350,0.072853,60,-178.895626,-178.776733,-179.008606,0.054701,60,-0.246645,-0.160642,-0.333791,0.038416,60,7.348924,7.498967,7.224404,0.067083,60,179.301936,179.447372,179.150665,0.058243,60,0.113182,0.251778,0.014970,0.052197,60,0.000000,19.866667,25.000000,16.000000,1.854602,60,1659.383333,1776.000000,1527.000000,65.352523,60,1.986667,2.500000,1.600000,0.185460,60,165.935114,6.478875,60,60,60,60,60,60,60,60,60,60,60,60,60,60,60,60,60,60,60,60,60,60,60,60,60,60,60,60,60,60,12.9156,12.98,12.87,23.95,26,22,30.06,6879140
2026-10-03 20:02:00,22.963302,23.027390,22.890059,0.028524,60,14.582004,14.641031,14.508278,0.024973,60,19.027720,19.099718,18.971542,0.027506,60,85.081667,85.500000,84.800000,0.235416,60,28.326565,28.345924,28.300529,0.012129,60,28.481753,28.506142,28.463417,0.012157,60,28.280146,28.313881,28.255135,0.011942,60,27.696667,27.700000,27.600000,0.018102,60,27.636944,27.652054,27.612900,0.006620,60,27.719939,27.730362,27.706558,0.005633,60,27.616787,27.632401,27.602646,0.006749,60,1002.000000,1002.000000,1002.000000,0.000000,60,1002.000000,1002.000000,1002.000000,0.000000,60,24.930000,25.100000,24.800000,0.142971,60,-0.014135,0.041160,-0.122337,0.036124,60,-0.088092,-0.038678,-0.187508,0.029621,60,-0.082657,-0.030761,-0.179921,0.035006,60,-0.000903,-0.000336,-0.001965,0.000382,60,-0.000149,0.000435,-0.001293,0.000382,60,-0.000942,-0.000413,-0.002004,0.000317,60,1.312141,1.467001,1.109499,0.068932,60,-178.894056,-178.818924,-179.009537,0.047197,60,-0.247124,-0.146623,-0.359652,0.048284,60,7.339561,7.462588,7.224404,0.061752,60,179.310555,179.474731,179.163574,0.059599,60,0.111252,0.226609,-0.023847,0.051848,60,0.000000,23.516667,31.000000,19.000000,2.632854,60,1718.366667,1787.000000,1639.000000,42.277921,60,2.351667,3.100000,1.900000,0.263285,60,171.837811,4.191713,60,60,60,60,60,60,60,60,60,60,60,60,60,60,60,60,60,60,60,60,60,60,60,60,60,60,60,60,60,60,12.9186,12.98,12.88,24.08,26,22,30.02,6879174
2026-10-03 20:03:00,22.963277,23.025864,22.890059,0.025182,60,14.573434,14.625772,14.489967,0.028532,60,19.016480,19.070726,18.956284,0.027925,60,84.961667,85.400000,84.800000,0.135411,60,28.325808,28.345924,28.300529,0.013003,60,28.479350,28.506142,28.450066,0.011275,60,28.282238,28.313881,28.268486,0.010713,60,27.618333,27.700000,27.600000,0.039020,60,27.640214,27.656204,27.627853,0.005629,60,27.716767,27.731339,27.704880,0.005952,60,27.616556,27.630173,27.603928,0.006082,60,1002.000000,1002.000000,1002.000000,0.000000,60,1002.000000,1002.000000,1002.000000,0.000000,60,24.840000,25.000000,24.800000,0.080675,60,0.011586,0.072259,-0.113647,0.031848,60,-0.058778,-0.019000,-0.136616,0.023654,60,-0.052921,-0.009737,-0.144069,0.031764,60,-0.000578,-0.000106,-0.001573,0.000347,60,0.000122,0.000764,-0.001201,0.000337,60,-0.000628,-0.000203,-0.001460,0.000253,60,1.296879,1.532671,1.042206,0.086901,60,-178.899979,-178.778183,-179.009064,0.052002,60,-0.243282,-0.120300,-0.332270,0.043220,60,7.353603,7.495462,7.131543,0.074600,60,179.310123,179.448135,179.149673,0.067092,60,0.114081,0.227042,0.001987,0.041397,60,0.000000,24.450000,28.000000,21.000000,1.789091,60,1699.700000,1798.000000,1588.000000,53.083018,60,2.445000,2.800000,2.100000,0.178909,60,169.969433,5.262754,60,60,60,60,60,60,60,60,60,60,60,60,60,60,60,60,60,60,60,60,60,60,60,60,60,60,60,60,60,60,12.9184,12.96,12.87,24.10,26,22,30.05,6879208
2026-10-03 20:04:00,22.952621,23.012131,22.903791,0.024311,60,14.568195,14.625772,14.508278,0.027482,60,19.010732,19.070726,18.921186,0.029570,60,85.081667,85.300000,84.800000,0.176108,60,28.325719,28.345924,28.300529,0.010798,60,28.474499,28.506142,28.450066,0.012171,60,28.281081,28.313881,28.255135,0.013959,60,27.600000,27.600000,27.600000,0.000001,60,27.636951,27.651199,27.622940,0.005924,60,27.715016,27.730026,27.699112,0.006096,60,27.616012,27.632889,27.599442,0.006816,60,1002.000000,1002.000000,1002.000000,0.000000,60,1002.000000,1002.000000,1002.000000,0.000000,60,24.923333,25.000000,24.800000,0.098060,60,0.003758,0.044133,-0.087122,0.030197,60,-0.060897,-0.004524,-0.166020,0.029561,60,-0.056407,-0.005311,-0.133225,0.030103,60,-0.000616,-0.000058,-0.001455,0.000329,60,0.000040,0.000466,-0.000921,0.000319,60,-0.000651,-0.000048,-0.001775,0.000316,60,1.323008,1.466112,1.185328,0.069897,60,-178.889249,-178.778183,-178.968323,0.047633,60,-0.244532,-0.159280,-0.333088,0.043934,60,7.341039,7.553928,7.125621,0.063373,60,179.312833,179.447876,179.218124,0.045748,60,0.124512,0.252679,0.001534,0.053123,60,0.000000,23.133333,27.000000,19.000000,1.702109,60,1691.183333,1784.000000,1553.000000,47.777908,60,2.313333,2.700000,1.900000,0.170211,60,169.121895,4.735034,60,60,60,60,60,60,60,60,60,60,60,60,60,60,60,60,60,60,60,60,60,60,60,60,60,60,60,60,60,60,12.9180,12.99,12.87,24.00,26,23,30.03,6879241
2026-10-03 20:05:00,22.950510,23.012131,22.861067,0.028211,60,14.568322,14.622721,14.508278,0.025305,60,19.008520,19.070726,18.956284,0.025818,60,85.183333,85.300000,85.100000,0.055744,60,28.326565,28.345924,28.300529,0.013806,60,28.474988,28.492790,28.450066,0.009605,60,28.282194,28.313881,28.255135,0.015410,60,27.600000,27.600000,27.600000,0.000001,60,27.638245,27.649521,27.627182,0.005343,60,27.710737,27.727341,27.694901,0.007746,60,27.612948,27.625870,27.599014,0.006708,60,1002.010000,1002.100000,1002.000000,0.030253,60,1002.010000,1002.100000,1002.000000,0.030253,60,25.000000,25.000000,25.000000,0.000000,60,0.003053,0.045047,-0.080033,0.029746,60,-0.066499,-0.025107,-0.167830,0.030711,60,-0.061128,-0.014163,-0.154471,0.031851,60,-0.000668,-0.000155,-0.001687,0.000348,60,0.000032,0.000476,-0.000846,0.000314,60,-0.000711,-0.000268,-0.001794,0.000328,60,1.312151,1.459906,1.134951,0.065105,60,-178.899788,-178.792618,-178.999252,0.044898,60,-0.241496,-0.159506,-0.372303,0.046260,60,7.347257,7.527836,7.214170,0.068944,60,179.307086,179.447128,179.189438,0.061782,60,0.116246,0.212436,0.015252,0.044473,60,0.000000,22.466667,26.000000,17.000000,2.651937,60,1720.083333,1785.000000,1596.000000,39.309417,60,2.246667,2.600000,1.700000,0.265194,60,172.010659,3.896338,60,60,60,60,60,60,60,60,60,60,60,60,60,60,60,60,60,60,60,60,60,60,60,60,60,60,60,60,60,60,12.9182,12.96,12.87,23.94,26,22,30.04,6879275
2026-10-03 20:06:00,22.948577,22.995346,22.876326,0.022575,60,14.573383,14.657817,14.511330,0.027910,60,19.017141,19.070726,18.956284,0.026465,60,85.480000,85.900000,85.100000,0.224590,60,28.326565,28.359276,28.300529,0.012855,60,28.473520,28.506142,28.450066,0.013138,60,28.280413,28.297859,28.255135,0.012296,60,27.618333,27.700000,27.600000,0.039020,60,27.638226,27.653305,27.621506,0.007189,60,27.708901,27.723648,27.696854,0.006276,60,27.614561,27.630264,27.602097,0.006809,60,1002.046667,1002.100000,1002.000000,0.050310,60,1002.046667,1002.100000,1002.000000,0.050310,60,25.020000,25.100000,25.000000,0.040338,60,-0.019536,0.030870,-0.124395,0.032181,60,-0.076251,-0.032345,-0.165794,0.028779,60,-0.057724,-0.007524,-0.163102,0.034401,60,-0.000630,-0.000082,-0.001781,0.000376,60,-0.000206,0.000326,-0.001315,0.000340,60,-0.000815,-0.000346,-0.001772,0.000308,60,1.312194,1.466112,1.173784,0.071128,60,-178.902265,-178.792328,-178.996902,0.044532,60,-0.257286,-0.119903,-0.333205,0.041214,60,7.340706,7.481228,7.129567,0.062223,60,179.308796,179.448135,179.149475,0.065381,60,0.119132,0.225169,0.041801,0.050231,60,0.000000,16.083333,22.000000,11.000000,2.865882,60,1805.766667,1985.000000,1675.000000,80.159453,60,1.608333,2.200000,1.100000,0.286588,60,180.566352,7.944939,60,60,60,60,60,60,60,60,60,60,60,60,60,60,60,60,60,60,60,60,60,60,60,60,60,60,60,60,60,60,12.9161,12.96,12.87,24.03,26,22,30.00,6879309
2026-10-03 20:07:00,22.952341,23.012131,22.903791,0.022468,60,14.567788,14.641031,14.508278,0.027380,60,19.015996,19.070726,18.971542,0.023205,60,85.696667,85.900000,85.300000,0.097366,60,28.327143,28.345924,28.300529,0.011737,60,28.472006,28.506142,28.450066,0.012545,60,28.279879,28.313881,28.268486,0.010915,60,27.601667,27.700000,27.600000,0.012910,60,27.636807,27.652786,27.620712,0.006505,60,27.706340,27.719254,27.692764,0.007147,60,27.611766,27.625412,27.595291,0.006855,60,1002.091667,1002.100000,1002.000000,0.027872,60,1002.091667,1002.100000,1002.000000,0.027872,60,25.021667,25.100000,25.000000,0.041545,60,0.006003,0.056481,-0.098784,0.035709,60,-0.037931,0.028273,-0.141592,0.031073,60,-0.027077,0.026778,-0.116406,0.029584,60,-0.000296,0.000292,-0.001271,0.000323,60,0.000063,0.000597,-0.001044,0.000377,60,-0.000405,0.000302,-0.001514,0.000332,60,1.306691,1.454917,1.109499,0.063538,60,-178.877194,-178.750122,-179.010925,0.051819,60,-0.246143,-0.185996,-0.333088,0.041863,60,7.340492,7.470022,7.184779,0.056643,60,179.319220,179.434906,179.218506,0.055210,60,0.116032,0.227042,0.041600,0.041003,60,0.000000,15.483333,19.000000,10.000000,1.770681,60,1815.400000,1960.000000,1591.000000,78.788109,60,1.548333,1.900000,1.000000,0.177068,60,181.549812,7.803823,60,60,60,60,60,60,60,60,60,60,60,60,60,60,60,60,60,60,60,60,60,60,60,60,60,60,60,60,60,60,12.9164,12.96,12.86,24.08,26,22,30.02,6879343
2026-10-03 20:08:00,22.942194,22.995346,22.874800,0.027219,60,14.563439,14.657817,14.489967,0.031314,60,19.005086,19.070726,18.939499,0.026120,60,85.416667,85.700000,85.300000,0.106033,60,28.326520,28.359276,28.300529,0.012648,60,28.468090,28.492790,28.450066,0.011847,60,28.277298,28.313881,28.241776,0.013048,60,27.600000,27.600000,27.600000,0.000001,60,27.634473,27.646805,27.620468,0.006470,60,27.703142,27.720932,27.687912,0.007438,60,27.609465,27.624771,27.595779,0.007237,60,1002.100000,1002.100000,1002.100000,0.000020,60,1002.100000,1002.100000,1002.100000,0.000020,60,25.000000,25.000000,25.000000,0.000000,60,0.025477,0.060825,-0.065627,0.029056,60,-0.032921,0.025333,-0.110152,0.025712,60,-0.020441,0.019475,-0.106448,0.029506,60,-0.000223,0.000213,-0.001162,0.000322,60,0.000269,0.000643,-0.000694,0.000307,60,-0.000352,0.000271,-0.001178,0.000275,60,1.319241,1.490667,1.134951,0.075037,60,-178.890710,-178.779633,-179.008606,0.049090,60,-0.251382,-0.160035,-0.398968,0.045817,60,7.342830,7.549793,7.200223,0.072587,60,179.315445,179.433640,179.162994,0.055720,60,0.119023,0.252378,0.014876,0.058113,60,0.000000,16.633333,22.000000,8.000000,3.502864,60,1835.550000,2121.000000,1611.000000,108.094501,60,1.663333,2.200000,0.800000,0.350286,60,183.524091,10.697354,60,60,60,60,60,60,60,60,60,60,60,60,60,60,60,60,60,60,60,60,60,60,60,60,60,60,60,60,60,60,12.9151,12.96,12.86,23.98,26,22,30.00,6879377
2026-10-03 20:09:00,22.944813,23.025864,22.893110,0.027094,60,14.562905,14.608988,14.508278,0.023607,60,19.007807,19.085985,18.937973,0.029916,60,85.790000,85.900000,85.500000,0.108456,60,28.325764,28.345924,28.300529,0.014210,60,28.466443,28.492790,28.436714,0.014338,60,28.270800,28.297859,28.241776,0.012028,60,27.600000,27.600000,27.600000,0.000001,60,27.629246,27.647537,27.609726,0.008458,60,27.698021,27.718216,27.677261,0.007425,60,27.602573,27.619949,27.585983,0.006560,60,1002.100000,1002.100000,1002.100000,0.000020,60,1002.100000,1002.100000,1002.100000,0.000020,60,25.078333,25.100000,25.000000,0.041545,60,0.027478,0.082320,-0.088037,0.031789,60,-0.006167,0.041844,-0.086177,0.026870,60,0.003120,0.047359,-0.092063,0.032142,60,0.000034,0.000517,-0.001005,0.000351,60,0.000290,0.000870,-0.000931,0.000336,60,-0.000066,0.000447,-0.000921,0.000287,60,1.316833,1.506324,1.174159,0.067070,60,-178.897915,-178.792618,-179.036697,0.049200,60,-0.250788,-0.119771,-0.370668,0.044977,60,7.340536,7.462588,7.184781,0.060708,60,179.317104,179.432983,179.149078,0.051974,60,0.118885,0.264326,0.002078,0.050179,60,0.000000,13.500000,20.000000,9.000000,2.825429,60,1911.533333,2073.000000,1779.000000,63.522708,60,1.350000,2.000000,0.900000,0.282543,60,191.151222,6.293633,60,60,60,60,60,60,60,60,60,60,60,60,60,60,60,60,60,60,60,60,60,60,60,60,60,60,60,60,60,60,12.9166,12.96,12.87,24.09,26,22,30.02,6879410
2026-10-03 20:10:00,22.935785,22.995346,22.874800,0.029287,60,14.561532,14.641031,14.474709,0.030967,60,19.006739,19.070726,18.937973,0.028913,60,85.428333,85.800000,85.300000,0.158480,60,28.320557,28.359276,28.300529,0.014117,60,28.460925,28.492790,28.436714,0.011695,60,28.269598,28.297859,28.241776,0.012748,60,27.600000,27.600000,27.600000,0.000001,60,27.624045,27.638351,27.608841,0.006674,60,27.689783,27.704758,27.677414,0.006699,60,27.597597,27.617142,27.583054,0.006455,60,1002.100000,1002.100000,1002.100000,0.000020,60,1002.100000,1002.100000,1002.100000,0.000020,60,25.003333,25.100000,25.000000,0.018102,60,0.038831,0.093296,-0.054423,0.031180,60,-0.016821,0.039583,-0.108569,0.028669,60,-0.008723,0.034302,-0.114636,0.033205,60,-0.000095,0.000375,-0.001252,0.000363,60,0.000410,0.000986,-0.000575,0.000330,60,-0.000180,0.000423,-0.001161,0.000306,60,1.299301,1.468338,1.109859,0.077099,60,-178.892433,-178.778763,-179.035782,0.057889,60,-0.246747,-0.159884,-0.331688,0.039207,60,7.347210,7.459767,7.153042,0.068883,60,179.311470,179.474136,179.150665,0.061027,60,0.119920,0.253131,0.014502,0.056911,60,0.000000,18.050000,23.000000,14.000000,1.969470,60,1841.250000,2045.000000,1673.000000,87.309623,60,1.805000,2.300000,1.400000,0.196947,60,184.126622,8.649714,60,60,60,60,60,60,60,60,60,60,60,60,60,60,60,60,60,60,60,60,60,60,60,60,60,60,60,60,60,60,12.9188,12.98,12.87,24.11,26,23,30.00,6879444
2026-10-03 20:11:00,22.940515,23.025864,22.890059,0.026184,60,14.556853,14.607462,14.489967,0.030036,60,19.009715,19.085985,18.939499,0.027747,60,85.201667,85.300000,85.100000,0.046910,60,28.315172,28.345924,28.287178,0.013297,60,28.452335,28.479439,28.436714,0.010001,60,28.264525,28.297859,28.241776,0.011734,60,27.600000,27.600000,27.600000,0.000001,60,27.620583,27.636856,27.608109,0.005205,60,27.684023,27.699875,27.669479,0.007292,60,27.592378,27.602097,27.577866,0.005720,60,1002.118333,1002.200000,1002.100000,0.039021,60,1002.118333,1002.200000,1002.100000,0.039021,60,25.000000,25.000000,25.000000,0.000000,60,0.030477,0.081405,-0.083006,0.033649,60,-0.018604,0.029857,-0.123271,0.028845,60,-0.010438,0.039835,-0.089850,0.027894,60,-0.000114,0.000435,-0.000981,0.000305,60,0.000322,0.000860,-0.000877,0.000356,60,-0.000199,0.000319,-0.001318,0.000308,60,1.307043,1.426767,1.186460,0.052134,60,-178.904883,-178.751022,-179.064499,0.059741,60,-0.247487,-0.186651,-0.319010,0.026549,60,7.329679,7.478243,7.168880,0.058391,60,179.302585,179.406631,179.164551,0.050886,60,0.119568,0.225600,0.014408,0.049912,60,0.000000,18.250000,24.000000,14.000000,2.734742,60,1901.683333,1985.000000,1793.000000,37.547480,60,1.825000,2.400000,1.400000,0.273474,60,190.169320,3.721859,60,60,60,60,60,60,60,60,60,60,60,60,60,60,60,60,60,60,60,60,60,60,60,60,60,60,60,60,60,60,12.9153,12.96,12.86,24.09,26,22,30.00,6879478
2026-10-03 20:12:00,22.934412,22.993820,22.861067,0.026890,60,14.559396,14.607462,14.508278,0.024990,60,19.012868,19.085985,18.971542,0.022855,60,85.120339,85.300000,84.800000,0.168952,59,28.309608,28.345924,28.271156,0.016106,60,28.448908,28.479439,28.423363,0.012880,60,28.261364,28.281837,28.241776,0.011910,60,27.600000,27.600000,27.600000,0.000001,59,27.616394,27.629593,27.601120,0.006916,60,27.679041,27.694443,27.662338,0.006737,60,27.586715,27.604385,27.571701,0.008112,60,1002.120339,1002.200000,1002.100000,0.040598,59,1002.120339,1002.200000,1002.100000,0.040598,59,24.955932,25.000000,24.800000,0.083607,59,0.034929,0.087808,-0.069743,0.033347,60,-0.019554,0.030535,-0.101557,0.027508,60,-0.018807,0.038507,-0.087637,0.026694,60,-0.000205,0.000420,-0.000957,0.000291,60,0.000369,0.000928,-0.000737,0.000352,60,-0.000209,0.000326,-0.001086,0.000294,60,1.307817,1.504962,1.110579,0.079955,60,-178.900706,-178.778183,-179.037354,0.056454,60,-0.228918,-0.159884,-0.332271,0.042507,60,7.328700,7.509268,7.167676,0.067322,60,179.314564,179.475098,179.191513,0.058204,60,0.137352,0.253583,0.016005,0.045970,60,0.000000,22.383333,29.000000,18.000000,2.756144,60,1722.833333,1923.000000,1477.000000,117.300161,60,2.238333,2.900000,1.800000,0.275614,60,172.249392,11.626097,60,60,60,60,60,60,60,60,60,60,60,60,60,60,60,60,60,60,60,60,60,60,59,59,59,59,59,59,60,60,12.9141,12.98,12.86,24.09,26,23,30.01,6879512
2026-10-03 20:13:00,22.934386,22.993820,22.890059,0.024938,60,14.562117,14.639505,14.471657,0.033526,60,19.006434,19.052414,18.921186,0.026048,60,84.970000,85.300000,84.700000,0.200254,60,28.304223,28.332573,28.271156,0.013046,60,28.440898,28.463417,28.407341,0.011258,60,28.253218,28.281837,28.225754,0.012206,60,27.600000,27.600000,27.600000,0.000001,60,27.612356,27.633469,27.597672,0.007512,60,27.671878,27.686813,27.655319,0.008131,60,27.584582,27.602005,27.568344,0.007242,60,1002.153333,1002.200000,1002.100000,0.050310,60,1002.153333,1002.200000,1002.100000,0.050310,60,24.886667,25.000000,24.800000,0.099943,60,0.024098,0.074545,-0.052365,0.029975,60,-0.036702,0.009274,-0.127116,0.031960,60,-0.022842,0.017926,-0.106669,0.029324,60,-0.000249,0.000196,-0.001165,0.000320,60,0.000255,0.000788,-0.000553,0.000317,60,-0.000392,0.000099,-0.001359,0.000342,60,1.304893,1.492920,1.134951,0.073541,60,-178.884333,-178.738037,-179.008362,0.057610,60,-0.244436,-0.146986,-0.359652,0.044013,60,7.335436,7.498967,7.163370,0.063110,60,179.311946,179.408112,179.125122,0.060538,60,0.121387,0.226753,0.001715,0.059093,60,0.000000,21.200000,28.000000,14.000000,3.219643,60,1766.483333,1921.000000,1604.000000,84.803760,60,2.120000,2.800000,1.400000,0.321964,60,176.644981,8.406904,60,60,60,60,60,60,60,60,60,60,60,60,60,60,60,60,60,60,60,60,60,60,60,60,60,60,60,60,60,60,12.9152,12.99,12.86,24.03,26,22,30.00,6879545
2026-10-03 20:14:00,22.932886,23.012131,22.874800,0.027289,60,14.553216,14.607462,14.506752,0.023546,60,18.999415,19.052414,18.937973,0.024069,60,84.993333,85.300000,84.800000,0.147138,60,28.301776,28.332573,28.271156,0.014663,60,28.436892,28.479439,28.407341,0.013454,60,28.253931,28.281837,28.225754,0.011558,60,27.600000,27.600000,27.600000,0.000001,60,27.608893,27.623856,27.588120,0.007380,60,27.668131,27.679977,27.656906,0.005444,60,27.580095,27.594498,27.565628,0.007554,60,1002.190000,1002.200000,1002.100000,0.030253,60,1002.190000,1002.200000,1002.100000,0.030253,60,24.856667,25.000000,24.800000,0.090884,60,0.012077,0.066313,-0.073402,0.032622,60,-0.043548,0.016512,-0.125533,0.028110,60,-0.031141,0.019696,-0.110431,0.028502,60,-0.000340,0.000215,-0.001206,0.000311,60,0.000128,0.000701,-0.000776,0.000345,60,-0.000466,0.000177,-0.001342,0.000300,60,1.307687,1.462560,1.148396,0.060003,60,-178.897106,-178.796326,-179.036697,0.047083,60,-0.236440,-0.160262,-0.294102,0.031234,60,7.330403,7.478995,7.185149,0.069939,60,179.312419,179.448380,179.163971,0.051000,60,0.130783,0.266166,0.014128,0.055070,60,0.000000,17.050000,24.000000,12.000000,2.872576,60,1783.916667,1990.000000,1643.000000,80.950559,60,1.705000,2.400000,1.200000,0.287258,60,178.381048,8.019162,60,60,60,60,60,60,60,60,60,60,60,60,60,60,60,60,60,60,60,60,60,60,60,60,60,60,60,60,60,60,12.9141,12.98,12.86,24.02,26,23,30.00,6879579
2026-10-03 20:15:00,22.930546,22.993820,22.871748,0.026968,60,14.557539,14.622721,14.508278,0.023438,60,18.993744,19.067675,18.921186,0.026725,60,85.251667,85.300000,85.200000,0.050394,60,28.302532,28.332573,28.271156,0.013050,60,28.434444,28.450066,28.407341,0.012329,60,28.249790,28.281837,28.225754,0.012245,60,27.600000,27.600000,27.600000,0.000001,60,27.609119,27.626297,27.596054,0.006825,60,27.663787,27.678238,27.649338,0.007188,60,27.578038,27.593460,27.553543,0.006642,60,1002.200000,1002.200000,1002.200000,0.000062,60,1002.200000,1002.200000,1002.200000,0.000062,60,25.000000,25.000000,25.000000,0.000000,60,0.015279,0.068600,-0.077975,0.029254,60,-0.035530,0.015833,-0.118295,0.027926,60,-0.023447,0.033638,-0.103571,0.030494,60,-0.000256,0.000367,-0.001131,0.000333,60,0.000161,0.000725,-0.000824,0.000309,60,-0.000380,0.000169,-0.001265,0.000299,60,1.319447,1.454917,1.134951,0.075740,60,-178.894921,-178.778183,-178.996201,0.052685,60,-0.240732,-0.159431,-0.319806,0.035458,60,7.339674,7.511331,7.145886,0.066635,60,179.321689,179.447372,179.191147,0.060482,60,0.105582,0.225600,0.001262,0.051755,60,0.000000,19.633333,23.000000,16.000000,1.656693,60,1787.900000,2068.000000,1609.000000,89.527138,60,1.963333,2.300000,1.600000,0.165669,60,178.782230,8.859194,60,60,60,60,60,60,60,60,60,60,60,60,60,60,60,60,60,60,60,60,60,60,60,60,60,60,60,60,60,60,12.9143,12.96,12.87,24.02,26,22,30.01,6879613
2026-10-03 20:16:00,22.928181,22.966354,22.871748,0.022847,60,14.559854,14.654764,14.506752,0.025465,60,18.989395,19.035629,18.934919,0.023908,60,85.206667,85.800000,85.100000,0.117699,60,28.296791,28.332573,28.271156,0.015688,60,28.429771,28.450066,28.393990,0.012963,60,28.244004,28.255135,28.212402,0.011472,60,27.600000,27.600000,27.600000,0.000001,60,27.605078,27.616623,27.590347,0.006003,60,27.660237,27.677994,27.648392,0.005795,60,27.573791,27.593613,27.553604,0.008109,60,1002.200000,1002.200000,1002.200000,0.000062,60,1002.200000,1002.200000,1002.200000,0.000062,60,25.001667,25.100000,25.000000,0.012910,60,0.013061,0.052136,-0.084607,0.030351,60,-0.039711,-0.003393,-0.129604,0.028210,60,-0.032547,0.010401,-0.125258,0.032363,60,-0.000355,0.000114,-0.001368,0.000353,60,0.000138,0.000551,-0.000894,0.000321,60,-0.000425,-0.000036,-0.001385,0.000302,60,1.320804,1.467002,1.214078,0.057431,60,-178.898886,-178.792618,-179.038498,0.049845,60,-0.243153,-0.159431,-0.332504,0.041719,60,7.326363,7.458496,7.179198,0.061598,60,179.300844,179.447510,179.190964,0.056062,60,0.120275,0.291898,-0.024524,0.054869,60,0.000000,18.400000,22.000000,15.000000,1.607187,60,1757.866667,1858.000000,1605.000000,68.544546,60,1.840000,2.200000,1.500000,0.160719,60,175.793318,6.794945,60,60,60,60,60,60,60,60,60,60,60,60,60,60,60,60,60,60,60,60,60,60,60,60,60,60,60,60,60,60,12.9153,12.99,12.87,24.07,27,23,30.00,6879647
2026-10-03 20:17:00,22.913506,22.966354,22.858015,0.025522,60,14.554920,14.621195,14.506752,0.029703,60,18.991277,19.052414,18.937973,0.026527,60,85.430000,85.500000,85.200000,0.094421,60,28.291629,28.332573,28.257805,0.015591,60,28.423051,28.463417,28.393990,0.014190,60,28.241777,28.268486,28.225754,0.011995,60,27.600000,27.600000,27.600000,0.000001,60,27.600916,27.619980,27.583664,0.007634,60,27.655115,27.675186,27.636307,0.007848,60,27.571399,27.588333,27.554276,0.006043,60,1002.200000,1002.200000,1002.200000,0.000062,60,1002.200000,1002.200000,1002.200000,0.000062,60,25.000000,25.000000,25.000000,0.000000,60,-0.003876,0.046191,-0.099927,0.032254,60,-0.052336,-0.012214,-0.126890,0.027201,60,-0.038573,0.030319,-0.153807,0.032176,60,-0.000421,0.000331,-0.001680,0.000351,60,-0.000041,0.000488,-0.001056,0.000341,60,-0.000559,-0.000131,-0.001356,0.000291,60,1.313609,1.466112,1.172287,0.064125,60,-178.907721,-178.818085,-179.008362,0.052983,60,-0.238393,-0.146406,-0.333088,0.043898,60,7.333051,7.501025,7.161723,0.069008,60,179.305210,179.407440,179.124100,0.055030,60,0.123918,0.251478,0.001715,0.053393,60,0.000000,20.133333,24.000000,16.000000,1.926327,60,1776.666667,1949.000000,1625.000000,81.319972,60,2.013333,2.400000,1.600000,0.192633,60,177.659106,8.060341,60,60,60,60,60,60,60,60,60,60,60,60,60,60,60,60,60,60,60,60,60,60,60,60,60,60,60,60,60,60,12.9123,12.98,12.87,24.03,27,22,30.00,6879680
2026-10-03 20:18:00,22.920500,22.980087,22.858015,0.025659,60,14.552224,14.607462,14.506752,0.025930,60,18.992599,19.052414,18.919661,0.030751,60,85.143333,85.600000,84.900000,0.155538,60,28.286377,28.316551,28.257805,0.012804,60,28.418512,28.436714,28.393990,0.011896,60,28.239018,28.268486,28.225754,0.011678,60,27.596667,27.600000,27.500000,0.018102,60,27.599079,27.613113,27.588516,0.005922,60,27.653265,27.668716,27.641739,0.006398,60,27.568723,27.590195,27.555161,0.007102,60,1002.200000,1002.200000,1002.200000,0.000062,60,1002.200000,1002.200000,1002.200000,0.000062,60,24.943333,25.000000,24.800000,0.090884,60,0.022394,0.067228,-0.061054,0.027321,60,-0.030954,0.010857,-0.104724,0.026660,60,-0.021773,0.021245,-0.099587,0.029338,60,-0.000238,0.000232,-0.001087,0.000320,60,0.000237,0.000711,-0.000645,0.000289,60,-0.000331,0.000116,-0.001119,0.000285,60,1.307305,1.461233,1.042206,0.072764,60,-178.908633,-178.779922,-178.998550,0.053415,60,-0.251410,-0.146623,-0.359160,0.043688,60,7.338345,7.466685,7.171653,0.065576,60,179.312556,179.434280,179.216476,0.049180,60,0.121049,0.226032,0.014876,0.049327,60,0.000000,18.366667,23.000000,13.000000,2.686859,60,1774.150000,1978.000000,1659.000000,76.456440,60,1.836667,2.300000,1.300000,0.268686,60,177.395966,7.572640,60,60,60,60,60,60,60,60,60,60,60,60,60,60,60,60,60,60,60,60,60,60,60,60,60,60,60,60,60,60,12.9127,12.98,12.87,24.03,26,22,30.00,6879714
2026-10-03 20:19:00,22.918898,22.977036,22.858015,0.024864,60,14.549884,14.621195,14.488441,0.027735,60,18.995092,19.070726,18.951706,0.021804,60,85.195000,85.600000,85.000000,0.162005,60,28.288869,28.316551,28.257805,0.014451,60,28.415040,28.450066,28.380638,0.014929,60,28.233365,28.268486,28.185699,0.013967,60,27.591667,27.600000,27.500000,0.027872,60,27.595926,27.610153,27.583023,0.006444,60,27.648167,27.670731,27.631973,0.007784,60,27.564840,27.582596,27.551926,0.006362,60,1002.200000,1002.200000,1002.200000,0.000062,60,1002.200000,1002.200000,1002.200000,0.000062,60,24.976667,25.000000,24.800000,0.064746,60,0.010503,0.057167,-0.072487,0.029094,60,-0.039865,0.004750,-0.125081,0.027816,60,-0.023901,0.025007,-0.116849,0.030230,60,-0.000261,0.000273,-0.001276,0.000330,60,0.000111,0.000604,-0.000766,0.000308,60,-0.000426,0.000051,-0.001337,0.000297,60,1.309197,1.428948,1.136415,0.069556,60,-178.896218,-178.751617,-179.036911,0.059010,60,-0.242960,-0.146623,-0.332620,0.044492,60,7.334862,7.459767,7.198236,0.056442,60,179.303142,179.446747,179.191147,0.050425,60,0.123158,0.264632,-0.024271,0.056493,60,0.000000,17.166667,23.000000,13.000000,2.457549,60,1845.716667,2041.000000,1675.000000,103.209856,60,1.716667,2.300000,1.300000,0.245755,60,184.561371,10.232493,60,60,60,60,60,60,60,60,60,60,60,60,60,60,60,60,60,60,60,60,60,60,60,60,60,60,60,60,60,60,12.9130,12.96,12.87,24.07,27,23,30.00,6879748
2026-10-03 20:20:00,22.918949,23.009079,22.839705,0.029770,60,14.552656,14.621195,14.506752,0.028327,60,18.990946,19.052414,18.934919,0.029717,60,85.540000,85.600000,85.400000,0.055845,60,28.285887,28.316551,28.244446,0.013549,60,28.410189,28.436714,28.367287,0.012753,60,28.232608,28.255135,28.199051,0.013003,60,27.600000,27.600000,27.600000,0.000001,60,27.592791,27.607407,27.578049,0.006402,60,27.644883,27.664536,27.633896,0.006472,60,27.564496,27.580917,27.549057,0.007487,60,1002.200000,1002.200000,1002.200000,0.000062,60,1002.200000,1002.200000,1002.200000,0.000062,60,25.000000,25.000000,25.000000,0.000000,60,0.014448,0.056709,-0.070429,0.029826,60,-0.023565,0.020809,-0.135485,0.029895,60,-0.020961,0.020803,-0.116185,0.030478,60,-0.000229,0.000227,-0.001269,0.000333,60,0.000153,0.000599,-0.000744,0.000315,60,-0.000252,0.000222,-0.001448,0.000320,60,1.321423,1.454032,1.106984,0.070536,60,-178.887231,-178.794037,-179.009064,0.047445,60,-0.236028,-0.160035,-0.359652,0.041731,60,7.344417,7.462588,7.197076,0.060592,60,179.320254,179.474838,179.217575,0.059930,60,0.112081,0.225600,0.041000,0.040578,60,0.000000,17.366667,22.000000,13.000000,1.974126,60,1739.350000,1971.000000,1579.000000,100.771906,60,1.736667,2.200000,1.300000,0.197413,60,173.923068,9.990471,60,60,60,60,60,60,60,60,60,60,60,60,60,60,60,60,60,60,60,60,60,60,60,60,60,60,60,60,60,60,12.9126,12.96,12.86,24.05,26,23,30.00,6879782
2026-10-03 20:21:00,22.915337,22.980087,22.874800,0.023300,60,14.548053,14.604410,14.421302,0.034424,60,18.988937,19.020370,18.934919,0.018892,60,85.605000,86.000000,85.200000,0.240356,60,28.282015,28.300529,28.257805,0.013782,60,28.403825,28.450066,28.380638,0.015418,60,28.231851,28.268486,28.212402,0.012935,60,27.551667,27.600000,27.500000,0.050394,60,27.591078,27.606064,27.569962,0.006993,60,27.641501,27.656540,27.624771,0.006402,60,27.557280,27.573074,27.540115,0.006410,60,1002.203333,1002.300000,1002.200000,0.018102,60,1002.203333,1002.300000,1002.200000,0.018102,60,25.036667,25.100000,25.000000,0.048596,60,0.003651,0.059225,-0.102900,0.035798,60,-0.037912,0.012666,-0.120557,0.027374,60,-0.019206,0.025007,-0.102907,0.028938,60,-0.000210,0.000273,-0.001124,0.000316,60,0.000039,0.000626,-0.001088,0.000378,60,-0.000405,0.000135,-0.001289,0.000293,60,1.328674,1.450502,1.152094,0.061312,60,-178.904225,-178.793198,-178.997849,0.051354,60,-0.235230,-0.146551,-0.331921,0.038927,60,7.333020,7.478439,7.163707,0.070465,60,179.321350,179.447754,179.218506,0.059661,60,0.132393,0.292217,0.041600,0.049911,60,0.000000,18.316667,24.000000,14.000000,1.970044,60,1744.300000,1925.000000,1647.000000,65.747153,60,1.831667,2.400000,1.400000,0.197004,60,174.418724,6.515359,60,60,60,60,60,60,60,60,60,60,60,60,60,60,60,60,60,60,60,60,60,60,60,60,60,60,60,60,60,60,12.9111,12.99,12.86,24.03,26,22,30.00,6879816
2026-10-03 20:22:00,22.912515,22.963303,22.842756,0.025887,60,14.549681,14.621195,14.471657,0.032883,60,18.989675,19.052414,18.919661,0.028265,60,85.723333,86.000000,85.400000,0.201155,60,28.277342,28.316551,28.244446,0.015348,60,28.400354,28.423363,28.367287,0.012784,60,28.225532,28.255135,28.199051,0.012701,60,27.553333,27.600000,27.500000,0.050310,60,27.585103,27.597336,27.571945,0.005259,60,27.638038,27.653580,27.621780,0.007326,60,27.553894,27.573380,27.534836,0.007650,60,1002.200000,1002.200000,1002.200000,0.000062,60,1002.200000,1002.200000,1002.200000,0.000062,60,25.048333,25.100000,25.000000,0.050394,60,0.008827,0.064255,-0.089409,0.030982,60,-0.036442,0.012440,-0.123045,0.028956,60,-0.030123,0.020803,-0.113087,0.028972,60,-0.000329,0.000227,-0.001235,0.000316,60,0.000093,0.000679,-0.000945,0.000327,60,-0.000390,0.000133,-0.001315,0.000310,60,1.317164,1.493823,1.150243,0.073942,60,-178.877857,-178.738037,-178.996902,0.056474,60,-0.248286,-0.106967,-0.332854,0.045870,60,7.344197,7.466685,7.208188,0.062379,60,179.325726,179.434280,179.231079,0.048681,60,0.119239,0.212718,0.015252,0.047548,60,0.000000,19.633333,24.000000,15.000000,1.956880,60,1761.616667,1974.000000,1643.000000,66.501967,60,1.963333,2.400000,1.500000,0.195688,60,176.144629,6.581774,60,60,60,60,60,60,60,60,60,60,60,60,60,60,60,60,60,60,60,60,60,60,60,60,60,60,60,60,60,60,12.9098,12.96,12.87,24.16,27,22,30.00,6879849
2026-10-03 20:23:00,22.909158,22.966354,22.839705,0.027609,60,14.543857,14.604410,14.470131,0.029431,60,18.979960,19.052414,18.919661,0.026986,60,85.786667,86.300000,85.700000,0.163092,60,28.278099,28.316551,28.257805,0.015478,60,28.396037,28.423363,28.367287,0.013646,60,28.224241,28.255135,28.199051,0.012027,60,27.588333,27.600000,27.500000,0.032373,60,27.581990,27.593307,27.564133,0.006430,60,27.633316,27.648453,27.621567,0.006844,60,27.550628,27.573318,27.533646,0.007904,60,1002.201667,1002.300000,1002.200000,0.012910,60,1002.201667,1002.300000,1002.200000,0.012910,60,25.038333,25.100000,25.000000,0.049030,60,-0.000145,0.048249,-0.091009,0.031229,60,-0.039846,0.014250,-0.123271,0.027712,60,-0.024805,0.029876,-0.116406,0.030315,60,-0.000271,0.000326,-0.001271,0.000331,60,-0.000002,0.000510,-0.000962,0.000330,60,-0.000426,0.000152,-0.001318,0.000296,60,1.316774,1.488868,1.211391,0.056031,60,-178.890973,-178.754868,-179.065598,0.057270,60,-0.243997,-0.159431,-0.319351,0.037975,60,7.337821,7.437290,7.194261,0.052459,60,179.310734,179.434906,179.190567,0.048085,60,0.126581,0.225600,0.041200,0.043159,60,0.000000,16.850000,22.000000,12.000000,2.583028,60,1742.933333,1944.000000,1621.000000,91.761457,60,1.685000,2.200000,1.200000,0.258303,60,174.265014,9.093424,60,60,60,60,60,60,60,60,60,60,60,60,60,60,60,60,60,60,60,60,60,60,60,60,60,60,60,60,60,60,12.9121,12.96,12.87,24.06,26,23,30.00,6879885
2026-10-03 20:24:00,22.908649,22.961777,22.856489,0.026780,60,14.546680,14.604410,14.485390,0.027765,60,18.989548,19.035629,18.921186,0.027700,60,85.935000,86.300000,85.600000,0.224609,60,28.270755,28.300529,28.244446,0.011156,60,28.394568,28.423363,28.367287,0.011583,60,28.219301,28.255135,28.199051,0.012363,60,27.543333,27.600000,27.500000,0.049972,60,27.579111,27.598984,27.563705,0.007004,60,27.629951,27.647812,27.612930,0.006400,60,27.547537,27.564926,27.534012,0.007094,60,1002.200000,1002.200000,1002.200000,0.000062,60,1002.200000,1002.200000,1002.200000,0.000062,60,25.068333,25.100000,25.000000,0.046910,60,0.001201,0.051907,-0.108388,0.032555,60,-0.044875,-0.000452,-0.116712,0.026098,60,-0.030223,0.017704,-0.139865,0.032593,60,-0.000330,0.000193,-0.001527,0.000356,60,0.000013,0.000549,-0.001146,0.000344,60,-0.000480,-0.000005,-0.001248,0.000279,60,1.303666,1.450502,1.176036,0.063596,60,-178.898583,-178.793198,-178.995010,0.049572,60,-0.239412,-0.106463,-0.319237,0.043987,60,7.337086,7.472836,7.208188,0.060282,60,179.313156,179.434402,179.164551,0.063171,60,0.122506,0.213141,0.002260,0.047132,60,0.000000,19.500000,24.000000,15.000000,1.882119,60,1728.433333,1875.000000,1651.000000,62.282399,60,1.950000,2.400000,1.500000,0.188212,60,172.835802,6.173796,60,60,60,60,60,60,60,60,60,60,60,60,60,60,60,60,60,60,60,60,60,60,60,60,60,60,60,60,60,60,12.9098,12.98,12.86,24.01,26,22,30.00,6879919
2026-10-03 20:25:00,22.911497,22.963303,22.858015,0.021970,60,14.543679,14.589150,14.470131,0.028351,60,18.983902,19.049362,18.919661,0.024716,60,85.950000,86.200000,85.600000,0.203778,60,28.268263,28.300529,28.244446,0.012937,60,28.388916,28.423363,28.367287,0.011154,60,28.216586,28.241776,28.185699,0.012226,60,27.568333,27.600000,27.500000,0.046910,60,27.577347,27.590836,27.561386,0.006516,60,27.627838,27.637955,27.606644,0.006057,60,27.546607,27.559464,27.532333,0.005992,60,1002.201667,1002.300000,1002.200000,0.012910,60,1002.201667,1002.300000,1002.200000,0.012910,60,25.078333,25.100000,25.000000,0.041545,60,-0.007626,0.049392,-0.096726,0.032808,60,-0.049640,0.006107,-0.136616,0.026361,60,-0.029164,0.016819,-0.148053,0.030560,60,-0.000318,0.000184,-0.001617,0.000334,60,-0.000081,0.000522,-0.001022,0.000347,60,-0.000531,0.000065,-0.001460,0.000282,60,1.298308,1.504962,1.148027,0.074520,60,-178.886105,-178.777313,-178.995499,0.047242,60,-0.242502,-0.159657,-0.333205,0.045997,60,7.352208,7.514091,7.250570,0.066814,60,179.326531,179.432190,179.230728,0.048773,60,0.118970,0.251178,0.042002,0.046326,60,0.000000,17.933333,22.000000,13.000000,1.812075,60,1720.133333,1938.000000,1582.000000,83.594758,60,1.793333,2.200000,1.300000,0.181208,60,171.990016,8.276975,60,60,60,60,60,60,60,60,60,60,60,60,60,60,60,60,60,60,60,60,60,60,60,60,60,60,60,60,60,60,12.9104,12.96,12.86,24.06,26,22,30.00,6879953
2026-10-03 20:26:00,22.912159,22.980087,22.829023,0.030600,60,14.536049,14.604410,14.453345,0.027365,60,18.983826,19.052414,18.919661,0.029780,60,86.051667,86.400000,85.500000,0.169237,60,28.266438,28.300529,28.244446,0.012759,60,28.386913,28.423363,28.367287,0.010991,60,28.218633,28.241776,28.199051,0.011547,60,27.545000,27.600000,27.500000,0.050169,60,27.574677,27.593796,27.558548,0.007212,60,27.626176,27.640671,27.606705,0.007032,60,27.542460,27.562149,27.525467,0.006944,60,1002.205000,1002.300000,1002.200000,0.021979,60,1002.205000,1002.300000,1002.200000,0.021979,60,25.098333,25.100000,25.000000,0.012910,60,0.003281,0.058539,-0.091695,0.032566,60,-0.041456,0.001357,-0.112867,0.024323,60,-0.021680,0.019696,-0.110210,0.029793,60,-0.000237,0.000215,-0.001203,0.000325,60,0.000035,0.000619,-0.000969,0.000344,60,-0.000443,0.000015,-0.001207,0.000260,60,1.300288,1.456246,1.149134,0.066132,60,-178.893944,-178.781357,-179.036240,0.054310,60,-0.240956,-0.106652,-0.333088,0.044892,60,7.327106,7.505145,7.195086,0.067555,60,179.308722,179.448502,179.163971,0.062849,60,0.129513,0.252378,0.041500,0.044561,60,0.000000,17.616667,24.000000,14.000000,2.477640,60,1761.466667,1893.000000,1587.000000,69.021850,60,1.761667,2.400000,1.400000,0.247764,60,176.152849,6.840658,60,60,60,60,60,60,60,60,60,60,60,60,60,60,60,60,60,60,60,60,60,60,60,60,60,60,60,60,60,60,12.9083,12.98,12.86,24.00,26,22,30.00,6879986
2026-10-03 20:27:00,22.910607,22.980087,22.871748,0.020506,60,14.538008,14.621195,14.485390,0.027420,60,18.981053,19.067675,18.934919,0.028944,60,86.081667,86.200000,85.600000,0.101667,60,28.265459,28.287178,28.231094,0.012675,60,28.383798,28.423363,28.351265,0.014329,60,28.212892,28.241776,28.185699,0.011097,60,27.501667,27.600000,27.500000,0.012910,60,27.570166,27.582779,27.558426,0.006298,60,27.623318,27.641098,27.612717,0.005981,60,27.538974,27.555344,27.523972,0.007185,60,1002.203333,1002.300000,1002.200000,0.018102,60,1002.203333,1002.300000,1002.200000,0.018102,60,25.098333,25.100000,25.000000,0.012910,60,0.010824,0.053965,-0.061740,0.026112,60,-0.031444,0.014476,-0.110831,0.027052,60,-0.015425,0.024786,-0.111538,0.032725,60,-0.000168,0.000271,-0.001218,0.000357,60,0.000114,0.000570,-0.000653,0.000276,60,-0.000336,0.000155,-0.001185,0.000289,60,1.310275,1.462560,1.108061,0.071888,60,-178.890300,-178.779633,-179.063843,0.057295,60,-0.247580,-0.145972,-0.359160,0.045970,60,7.348118,7.461816,7.200224,0.061585,60,179.309266,179.408112,179.191147,0.053634,60,0.118745,0.211172,-0.024271,0.046860,60,0.000000,20.066667,26.000000,16.000000,2.427712,60,1759.766667,1849.000000,1678.000000,41.585675,60,2.006667,2.600000,1.600000,0.242771,60,175.975505,4.122669,60,60,60,60,60,60,60,60,60,60,60,60,60,60,60,60,60,60,60,60,60,60,60,60,60,60,60,60,60,60,12.9082,12.96,12.86,24.10,26,22,30.00,6880020
2026-10-03 20:28:00,22.907047,22.990768,22.829023,0.029727,60,14.543247,14.589150,14.485390,0.022897,60,18.979528,19.049362,18.919661,0.025138,60,86.183333,86.300000,86.100000,0.049289,60,28.260740,28.287178,28.231094,0.013923,60,28.381573,28.407341,28.351265,0.013694,60,28.207507,28.241776,28.169678,0.012775,60,27.500000,27.500000,27.500000,0.000000,60,27.565687,27.580032,27.552658,0.005921,60,27.618659,27.631699,27.601822,0.006532,60,27.533531,27.548447,27.518448,0.006129,60,1002.235000,1002.300000,1002.200000,0.048099,60,1002.235000,1002.300000,1002.200000,0.048099,60,25.100000,25.100000,25.100000,0.000001,60,0.005789,0.050078,-0.110217,0.034957,60,-0.034271,0.015607,-0.109926,0.025457,60,-0.019029,0.036294,-0.122160,0.033366,60,-0.000208,0.000396,-0.001334,0.000364,60,0.000061,0.000529,-0.001165,0.000369,60,-0.000366,0.000167,-0.001175,0.000272,60,1.308818,1.471017,1.134585,0.079040,60,-178.886841,-178.753983,-178.995956,0.054735,60,-0.241408,-0.159280,-0.358422,0.042489,60,7.351735,7.528549,7.269666,0.054034,60,179.317578,179.407990,179.219040,0.045503,60,0.130173,0.291898,0.041000,0.050340,60,0.000000,16.766667,19.000000,15.000000,0.997738,60,1722.550000,1813.000000,1596.000000,46.936461,60,1.676667,1.900000,1.500000,0.099774,60,172.256086,4.652443,60,60,60,60,60,60,60,60,60,60,60,60,60,60,60,60,60,60,60,60,60,60,60,60,60,60,60,60,60,60,12.9093,13.00,12.87,24.03,26,22,30.00,6880054
2026-10-03 20:29:00,22.903842,22.961777,22.839705,0.029028,60,14.539610,14.604410,14.488441,0.028133,60,18.977671,19.034103,18.901350,0.026889,60,86.470000,86.700000,86.000000,0.166010,60,28.256022,28.271156,28.231094,0.011124,60,28.380549,28.407341,28.351265,0.012735,60,28.201721,28.225754,28.185699,0.010076,60,27.515000,27.600000,27.500000,0.036008,60,27.561998,27.573471,27.546341,0.005481,60,27.616150,27.629257,27.605606,0.006250,60,27.530687,27.542740,27.512863,0.007788,60,1002.256667,1002.300000,1002.200000,0.049972,60,1002.256667,1002.300000,1002.200000,0.049972,60,25.170000,25.300000,25.100000,0.096199,60,-0.006083,0.040703,-0.108159,0.031272,60,-0.048924,0.004976,-0.144985,0.030823,60,-0.034749,0.002434,-0.141414,0.031978,60,-0.000379,0.000027,-0.001544,0.000349,60,-0.000064,0.000430,-0.001143,0.000331,60,-0.000523,0.000053,-0.001550,0.000329,60,1.306708,1.467001,1.108780,0.077678,60,-178.896854,-178.792618,-179.009537,0.050243,60,-0.231225,-0.147204,-0.331688,0.040226,60,7.329892,7.455671,7.191108,0.061780,60,179.312684,179.435043,179.190201,0.058638,60,0.126878,0.253131,-0.023678,0.051870,60,0.000000,16.233333,19.000000,14.000000,1.418601,60,1703.316667,1801.000000,1575.000000,58.995401,60,1.623333,1.900000,1.400000,0.141860,60,170.337416,5.848530,60,60,60,60,60,60,60,60,60,60,60,60,60,60,60,60,60,60,60,60,60,60,60,60,60,60,60,60,60,60,12.9083,12.98,12.86,24.00,26,22,30.00,6880088
2026-10-03 20:30:00,22.907530,22.961777,22.856489,0.026467,60,14.540424,14.604410,14.485390,0.025690,60,18.978968,19.034103,18.934919,0.025769,60,86.491667,86.700000,86.100000,0.191596,60,28.249567,28.271156,28.231094,0.010459,60,28.377567,28.423363,28.337914,0.014715,60,28.200475,28.241776,28.169678,0.014219,60,27.523333,27.600000,27.500000,0.042652,60,27.561619,27.577652,27.542679,0.007118,60,27.614217,27.627975,27.599197,0.006330,60,27.529264,27.546402,27.512619,0.007550,60,1002.293333,1002.300000,1002.200000,0.025155,60,1002.293333,1002.300000,1002.200000,0.025155,60,25.196667,25.300000,25.100000,0.100788,60,-0.007161,0.050078,-0.099927,0.031708,60,-0.051148,-0.004750,-0.146342,0.027594,60,-0.032001,0.026114,-0.133004,0.031801,60,-0.000349,0.000285,-0.001452,0.000347,60,-0.000076,0.000529,-0.001056,0.000335,60,-0.000547,-0.000051,-0.001564,0.000295,60,1.303687,1.467447,1.133855,0.082643,60,-178.899264,-178.792328,-178.995499,0.049933,60,-0.233068,-0.146189,-0.333088,0.042408,60,7.327977,7.468734,7.201059,0.056478,60,179.313394,179.473907,179.163971,0.055599,60,0.130692,0.266320,0.054671,0.050370,60,0.000000,19.283333,23.000000,16.000000,1.574066,60,1734.966667,1812.000000,1637.000000,49.164189,60,1.928333,2.300000,1.600000,0.157407,60,173.498514,4.874352,60,60,60,60,60,60,60,60,60,60,60,60,60,60,60,60,60,60,60,60,60,60,60,60,60,60,60,60,60,60,12.9079,12.98,12.87,24.10,26,22,30.00,6880122
2026-10-03 20:31:00,22.902469,22.961777,22.839705,0.025069,60,14.539457,14.621195,14.470131,0.027304,60,18.974060,19.049362,18.916609,0.030088,60,86.453333,86.700000,86.200000,0.096492,60,28.247519,28.271156,28.215073,0.011489,60,28.378368,28.393990,28.351265,0.011144,60,28.199585,28.225754,28.169678,0.012705,60,27.506667,27.600000,27.500000,0.025155,60,27.557764,27.572891,27.537216,0.007286,60,27.613140,27.627640,27.592148,0.007872,60,27.526937,27.539841,27.513565,0.006726,60,1002.295000,1002.300000,1002.200000,0.021978,60,1002.295000,1002.300000,1002.200000,0.021978,60,25.123333,25.300000,25.100000,0.064746,60,-0.001037,0.040017,-0.096955,0.030660,60,-0.052973,-0.011309,-0.144533,0.027874,60,-0.034062,0.023237,-0.123267,0.031477,60,-0.000372,0.000254,-0.001346,0.000344,60,-0.000011,0.000423,-0.001025,0.000324,60,-0.000566,-0.000121,-0.001545,0.000298,60,1.320950,1.463890,1.172287,0.060889,60,-178.910873,-178.792328,-179.010468,0.052395,60,-0.236488,-0.146406,-0.332504,0.041682,60,7.344928,7.465917,7.200224,0.055215,60,179.317050,179.447128,179.190201,0.063428,60,0.131645,0.264632,0.040501,0.043935,60,0.000000,17.216667,22.000000,13.000000,1.737831,60,1710.700000,1829.000000,1589.000000,75.106771,60,1.721667,2.200000,1.300000,0.173783,60,171.070788,7.448012,60,60,60,60,60,60,60,60,60,60,60,60,60,60,60,60,60,60,60,60,60,60,60,60,60,60,60,60,60,60,12.9083,12.96,12.87,24.06,26,22,30.00,6880155
2026-10-03 20:32:00,22.899138,22.948044,22.856489,0.021540,60,14.536838,14.589150,14.485390,0.028234,60,18.970041,19.031052,18.916609,0.027312,60,86.576667,86.900000,86.200000,0.230965,60,28.248009,28.271156,28.231094,0.010681,60,28.369957,28.393990,28.351265,0.013598,60,28.195491,28.212402,28.156326,0.013207,60,27.556667,27.600000,27.500000,0.049972,60,27.555038,27.569229,27.542679,0.006108,60,27.610125,27.624985,27.599136,0.006338,60,27.524775,27.539291,27.507065,0.006833,60,1002.300000,1002.300000,1002.300000,0.000000,60,1002.300000,1002.300000,1002.300000,0.000000,60,25.183333,25.300000,25.100000,0.099433,60,-0.010812,0.038873,-0.098098,0.029004,60,-0.053712,-0.004071,-0.142045,0.028983,60,-0.032672,0.011729,-0.117955,0.029478,60,-0.000357,0.000128,-0.001288,0.000322,60,-0.000114,0.000411,-0.001037,0.000307,60,-0.000574,-0.000044,-0.001518,0.000310,60,1.317417,1.425462,1.150243,0.061561,60,-178.894064,-178.779922,-179.034424,0.056401,60,-0.248673,-0.107156,-0.359406,0.054757,60,7.340241,7.494853,7.218427,0.060357,60,179.310594,179.447876,179.190018,0.056048,60,0.124653,0.212718,0.015440,0.044555,60,0.000000,18.550000,23.000000,13.000000,2.651670,60,1699.966667,1799.000000,1596.000000,50.289658,60,1.855000,2.300000,1.300000,0.265167,60,169.995489,4.985317,60,60,60,60,60,60,60,60,60,60,60,60,60,60,60,60,60,60,60,60,60,60,60,60,60,60,60,60,60,60,12.9084,12.98,12.86,24.07,26,22,29.98,6880189
2026-10-03 20:33:00,22.900307,22.948044,22.839705,0.025655,60,14.536533,14.604410,14.470131,0.028123,60,18.968440,19.034103,18.902876,0.025684,60,86.508333,86.800000,86.300000,0.164977,60,28.243246,28.271156,28.215073,0.012070,60,28.370491,28.393990,28.337914,0.013650,60,28.193265,28.212402,28.169678,0.011521,60,27.500000,27.500000,27.500000,0.000000,60,27.554739,27.570663,27.539566,0.006970,60,27.605459,27.632370,27.593887,0.006868,60,27.520140,27.533554,27.505569,0.007041,60,1002.300000,1002.300000,1002.300000,0.000000,60,1002.300000,1002.300000,1002.300000,0.000000,60,25.200000,25.300000,25.100000,0.100844,60,0.007554,0.047105,-0.092839,0.030202,60,-0.046116,0.007916,-0.137747,0.031048,60,-0.034007,0.017704,-0.156241,0.033828,60,-0.000371,0.000193,-0.001706,0.000369,60,0.000080,0.000498,-0.000981,0.000319,60,-0.000493,0.000085,-0.001473,0.000332,60,1.296381,1.425897,1.104836,0.076684,60,-178.890338,-178.713333,-179.035782,0.057870,60,-0.244582,-0.159884,-0.332854,0.040901,60,7.329262,7.417684,7.196744,0.050955,60,179.317970,179.474487,179.217224,0.053073,60,0.127874,0.267090,0.015158,0.049588,60,0.000000,19.766667,23.000000,15.000000,1.898855,60,1660.233333,1762.000000,1576.000000,36.860878,60,1.976667,2.300000,1.500000,0.189885,60,166.022962,3.653992,60,60,60,60,60,60,60,60,60,60,60,60,60,60,60,60,60,60,60,60,60,60,60,60,60,60,60,60,60,60,12.9065,12.95,12.86,23.97,26,22,30.00,6880223
2026-10-03 20:34:00,22.892881,22.948044,22.839705,0.026914,60,14.538186,14.604410,14.453345,0.026998,60,18.966913,19.034103,18.901350,0.026743,60,86.733333,87.000000,86.300000,0.208844,60,28.241154,28.271156,28.215073,0.013207,60,28.369912,28.393990,28.351265,0.012108,60,28.189705,28.212402,28.156326,0.013215,60,27.505000,27.600000,27.500000,0.021978,60,27.550225,27.565536,27.535446,0.006766,60,27.603911,27.614700,27.593735,0.005476,60,27.519134,27.533401,27.505142,0.007040,60,1002.300000,1002.300000,1002.300000,0.000000,60,1002.300000,1002.300000,1002.300000,0.000000,60,25.250000,25.300000,25.100000,0.087333,60,-0.005755,0.041617,-0.114562,0.031330,60,-0.060444,-0.021261,-0.145211,0.028360,60,-0.037282,0.014827,-0.126808,0.029070,60,-0.000407,0.000162,-0.001385,0.000317,60,-0.000061,0.000440,-0.001211,0.000331,60,-0.000646,-0.000227,-0.001552,0.000303,60,1.311140,1.464778,1.183445,0.066542,60,-178.899287,-178.790909,-179.036697,0.052028,60,-0.240266,-0.146189,-0.332620,0.041988,60,7.330086,7.466685,7.174836,0.061240,60,179.307786,179.407990,179.162415,0.050597,60,0.127721,0.226032,0.041600,0.046782,60,0.000000,19.550000,24.000000,15.000000,2.126707,60,1669.166667,1748.000000,1440.000000,54.273059,60,1.955000,2.400000,1.500000,0.212671,60,166.929398,5.370052,60,60,60,60,60,60,60,60,60,60,60,60,60,60,60,60,60,60,60,60,60,60,60,60,60,60,60,60,60,60,12.9070,12.95,12.86,24.05,26,22,30.00,6880257
2026-10-03 20:35:00,22.893950,22.948044,22.839705,0.026539,60,14.531217,14.621195,14.470131,0.031800,60,18.972178,19.034103,18.916609,0.023312,60,86.865000,87.000000,86.800000,0.063313,60,28.242668,28.271156,28.201721,0.013301,60,28.362302,28.393990,28.324562,0.012157,60,28.191886,28.212402,28.142975,0.012481,60,27.500000,27.500000,27.500000,0.000000,60,27.548479,27.561813,27.530472,0.006267,60,27.600562,27.619644,27.584183,0.006878,60,27.516957,27.537094,27.497635,0.007306,60,1002.300000,1002.300000,1002.300000,0.000000,60,1002.300000,1002.300000,1002.300000,0.000000,60,25.300000,25.300000,25.300000,0.000001,60,-0.008274,0.034071,-0.094668,0.030413,60,-0.059679,-0.017190,-0.141818,0.026741,60,-0.043697,0.005975,-0.119947,0.028571,60,-0.000477,0.000065,-0.001310,0.000312,60,-0.000087,0.000360,-0.001001,0.000321,60,-0.000638,-0.000184,-0.001516,0.000286,60,1.307588,1.527158,1.107702,0.079169,60,-178.902451,-178.790329,-179.009766,0.051250,60,-0.244025,-0.146986,-0.332620,0.042262,60,7.346028,7.484586,7.197075,0.066911,60,179.303215,179.380051,179.219589,0.047719,60,0.120702,0.186781,0.041500,0.036240,60,0.000000,22.716667,27.000000,18.000000,2.248100,60,1668.016667,1779.000000,1556.000000,42.953854,60,2.271667,2.700000,1.800000,0.224810,60,166.801412,4.257528,60,60,60,60,60,60,60,60,60,60,60,60,60,60,60,60,60,60,60,60,60,60,60,60,60,60,60,60,60,60,12.9058,12.95,12.86,23.98,26,22,30.00,6880290
2026-10-03 20:36:00,22.890160,22.944992,22.825972,0.024775,60,14.530429,14.586099,14.467078,0.026977,60,18.973729,19.034103,18.916609,0.028270,60,86.786667,86.900000,86.700000,0.085304,60,28.238884,28.257805,28.215073,0.011763,60,28.359009,28.380638,28.337914,0.010880,60,28.184720,28.212402,28.169678,0.011809,60,27.500000,27.500000,27.500000,0.000000,60,27.547569,27.561234,27.537460,0.005865,60,27.599703,27.612839,27.585342,0.006453,60,27.516224,27.533463,27.502762,0.006734,60,1002.348333,1002.400000,1002.300000,0.050394,60,1002.348333,1002.400000,1002.300000,0.050394,60,25.300000,25.300000,25.300000,0.000001,60,-0.012005,0.032471,-0.101757,0.030112,60,-0.064561,-0.022166,-0.150414,0.027991,60,-0.044895,-0.000664,-0.112423,0.026684,60,-0.000490,-0.000007,-0.001228,0.000291,60,-0.000127,0.000343,-0.001076,0.000318,60,-0.000690,-0.000237,-0.001608,0.000299,60,1.319151,1.505870,1.133855,0.070378,60,-178.912883,-178.818924,-179.037354,0.050095,60,-0.239046,-0.159506,-0.319351,0.037525,60,7.342092,7.470022,7.195085,0.067032,60,179.309061,179.474365,179.189438,0.060839,60,0.124344,0.227187,0.014408,0.049061,60,0.000000,19.983333,24.000000,16.000000,1.935324,60,1679.400000,1749.000000,1547.000000,41.007730,60,1.998333,2.400000,1.600000,0.193532,60,167.943395,4.064348,60,60,60,60,60,60,60,60,60,60,60,60,60,60,60,60,60,60,60,60,60,60,60,60,60,60,60,60,60,60,12.9045,12.95,12.86,23.98,26,23,30.00,6880324
2026-10-03 20:37:00,22.894280,22.944992,22.825972,0.027581,60,14.532209,14.586099,14.470131,0.025838,60,18.967829,19.017319,18.884565,0.029604,60,86.776667,86.900000,86.600000,0.085105,60,28.239774,28.257805,28.215073,0.011899,60,28.357229,28.380638,28.324562,0.012653,60,28.184097,28.212402,28.156326,0.013706,60,27.500000,27.500000,27.500000,0.000000,60,27.547057,27.557236,27.534836,0.006489,60,27.599159,27.613174,27.584366,0.008168,60,27.514143,27.527298,27.495834,0.006478,60,1002.400000,1002.400000,1002.400000,0.000000,60,1002.400000,1002.400000,1002.400000,0.000000,60,25.300000,25.300000,25.300000,0.000001,60,-0.007455,0.038873,-0.102214,0.033795,60,-0.055872,-0.021940,-0.141818,0.026634,60,-0.036648,0.017926,-0.133004,0.031198,60,-0.000400,0.000196,-0.001452,0.000341,60,-0.000079,0.000411,-0.001080,0.000357,60,-0.000597,-0.000235,-0.001516,0.000285,60,1.325454,1.506324,1.147290,0.075369,60,-178.896963,-178.788605,-179.075897,0.055067,60,-0.242298,-0.159506,-0.332504,0.043518,60,7.332721,7.465917,7.174836,0.058517,60,179.327334,179.474136,179.218674,0.050864,60,0.117247,0.212718,0.040501,0.045981,60,0.000000,18.683333,22.000000,14.000000,1.882044,60,1687.750000,1849.000000,1573.000000,55.640988,60,1.868333,2.200000,1.400000,0.188204,60,168.765750,5.511621,60,60,60,60,60,60,60,60,60,60,60,60,60,60,60,60,60,60,60,60,60,60,60,60,60,60,60,60,60,60,12.9034,12.95,12.86,24.06,26,22,29.99,6880358
2026-10-03 20:38:00,22.887693,22.948044,22.810711,0.027230,60,14.538364,14.621195,14.485390,0.027286,60,18.963328,19.002060,18.884565,0.027276,60,86.746667,86.900000,86.600000,0.135880,60,28.234566,28.257805,28.201721,0.013468,60,28.353446,28.380638,28.324562,0.012237,60,28.186990,28.212402,28.169678,0.010754,60,27.500000,27.500000,27.500000,0.000000,60,27.542855,27.558548,27.529953,0.006665,60,27.599826,27.614090,27.583267,0.006816,60,27.512884,27.527481,27.493546,0.007325,60,1002.400000,1002.400000,1002.400000,0.000000,60,1002.400000,1002.400000,1002.400000,0.000000,60,25.300000,25.300000,25.300000,0.000001,60,-0.009665,0.057395,-0.100156,0.033447,60,-0.062288,-0.022619,-0.142949,0.028088,60,-0.033092,0.032532,-0.107333,0.028601,60,-0.000361,0.000355,-0.001172,0.000312,60,-0.000102,0.000607,-0.001059,0.000354,60,-0.000666,-0.000242,-0.001528,0.000300,60,1.309402,1.465667,1.177164,0.064599,60,-178.891202,-178.753983,-179.010239,0.047905,60,-0.244575,-0.080603,-0.332620,0.043447,60,7.324092,7.459767,7.176822,0.063886,60,179.323351,179.474731,179.191513,0.056874,60,0.116884,0.213423,0.041600,0.043824,60,0.000000,16.616667,21.000000,13.000000,1.983762,60,1611.450000,1803.000000,1443.000000,73.777362,60,1.661667,2.100000,1.300000,0.198376,60,161.135147,7.306192,60,60,60,60,60,60,60,60,60,60,60,60,60,60,60,60,60,60,60,60,60,60,60,60,60,60,60,60,60,60,12.9058,12.95,12.86,24.02,26,22,30.00,6880392
2026-10-03 20:39:00,22.890465,22.944992,22.838179,0.021906,60,14.527759,14.602884,14.435035,0.030191,60,18.958292,19.015793,18.901350,0.026009,60,87.050000,87.400000,86.800000,0.142019,60,28.233409,28.257805,28.201721,0.013919,60,28.351933,28.380638,28.324562,0.015668,60,28.180092,28.199051,28.156326,0.012874,60,27.513333,27.600000,27.500000,0.034280,60,27.543684,27.558304,27.529526,0.006594,60,27.595644,27.606857,27.584702,0.004802,60,27.512949,27.532852,27.496628,0.006904,60,1002.400000,1002.400000,1002.400000,0.000000,60,1002.400000,1002.400000,1002.400000,0.000000,60,25.300000,25.300000,25.300000,0.000001,60,-0.023945,0.041846,-0.122337,0.033550,60,-0.081031,-0.032571,-0.163758,0.028327,60,-0.056772,-0.009737,-0.144955,0.031739,60,-0.000620,-0.000106,-0.001583,0.000347,60,-0.000253,0.000442,-0.001293,0.000355,60,-0.000866,-0.000348,-0.001751,0.000303,60,1.304800,1.454917,1.148396,0.065248,60,-178.879615,-178.791183,-178.970749,0.045986,60,-0.239726,-0.146406,-0.333205,0.040953,60,7.318513,7.456451,7.109869,0.065943,60,179.319532,179.407700,179.217957,0.046932,60,0.126772,0.265859,0.014408,0.052412,60,0.000000,17.266667,21.000000,13.000000,2.015757,60,1656.983333,1816.000000,1535.000000,67.010369,60,1.726667,2.100000,1.300000,0.201576,60,165.694870,6.642379,60,60,60,60,60,60,60,60,60,60,60,60,60,60,60,60,60,60,60,60,60,60,60,60,60,60,60,60,60,60,12.9028,12.95,12.86,24.06,26,22,29.99,6880426
2026-10-03 20:40:00,22.887922,22.944992,22.838179,0.025468,60,14.529971,14.586099,14.467078,0.026370,60,18.968083,19.049362,18.916609,0.026765,60,87.016667,87.400000,86.900000,0.196725,60,28.231896,28.271156,28.201721,0.013314,60,28.347749,28.380638,28.324562,0.013178,60,28.181783,28.212402,28.156326,0.012137,60,27.578333,27.600000,27.500000,0.041545,60,27.542166,27.555710,27.527084,0.006947,60,27.596456,27.608536,27.583725,0.005818,60,27.513861,27.528854,27.493942,0.007893,60,1002.400000,1002.400000,1002.400000,0.000000,60,1002.400000,1002.400000,1002.400000,0.000000,60,25.300000,25.300000,25.300000,0.000001,60,-0.035821,0.006631,-0.150920,0.031923,60,-0.085736,-0.041392,-0.185020,0.028998,60,-0.062021,-0.011729,-0.165315,0.032494,60,-0.000677,-0.000128,-0.001805,0.000355,60,-0.000379,0.000070,-0.001595,0.000337,60,-0.000917,-0.000442,-0.001978,0.000310,60,1.310365,1.504962,1.109859,0.075308,60,-178.901749,-178.776733,-179.036697,0.052811,60,-0.244992,-0.146261,-0.332854,0.038807,60,7.344698,7.423429,7.204204,0.055110,60,179.310610,179.488220,179.163574,0.061021,60,0.134846,0.226320,0.014502,0.051525,60,0.000000,15.633333,20.000000,13.000000,1.784744,60,1666.900000,1756.000000,1562.000000,44.894113,60,1.563333,2.000000,1.300000,0.178474,60,166.691696,4.450682,60,60,60,60,60,60,60,60,60,60,60,60,60,60,60,60,60,60,60,60,60,60,60,60,60,60,60,60,60,60,12.9055,12.99,12.86,24.13,26,22,29.98,6880459
2026-10-03 20:41:00,22.882658,22.944992,22.838179,0.024219,60,14.526513,14.586099,14.470131,0.021824,60,18.960835,19.017319,18.901350,0.026647,60,86.930000,87.400000,86.700000,0.201099,60,28.233543,28.257805,28.215073,0.011183,60,28.350864,28.367287,28.324562,0.013817,60,28.183741,28.212402,28.156326,0.012876,60,27.503333,27.600000,27.500000,0.018102,60,27.542054,27.557388,27.529861,0.005781,60,27.595434,27.607498,27.584824,0.005449,60,27.512094,27.528976,27.496811,0.006865,60,1002.400000,1002.400000,1002.400000,0.000000,60,1002.400000,1002.400000,1002.400000,0.000000,60,25.300000,25.300000,25.300000,0.000001,60,-0.003689,0.038645,-0.094439,0.031501,60,-0.051785,0.013571,-0.143402,0.029543,60,-0.037076,0.000885,-0.142520,0.030297,60,-0.000405,0.000010,-0.001556,0.000331,60,-0.000039,0.000408,-0.000998,0.000333,60,-0.000554,0.000145,-0.001533,0.000316,60,1.313419,1.464778,1.136415,0.067546,60,-178.900685,-178.794037,-179.010239,0.049023,60,-0.245646,-0.146986,-0.359406,0.042444,60,7.318346,7.476188,7.103353,0.071742,60,179.302641,179.475800,179.162598,0.055876,60,0.122108,0.213988,0.015158,0.047614,60,0.000000,18.400000,22.000000,14.000000,2.430038,60,1684.566667,1743.000000,1560.000000,48.225237,60,1.840000,2.200000,1.400000,0.243004,60,168.460217,4.780872,60,60,60,60,60,60,60,60,60,60,60,60,60,60,60,60,60,60,60,60,60,60,60,60,60,60,60,60,60,60,12.9028,12.96,12.86,24.02,27,22,29.98,6880493
2026-10-03 20:42:00,22.883904,22.961777,22.825972,0.025793,60,14.524020,14.586099,14.435035,0.026225,60,18.958699,19.015793,18.902876,0.025977,60,86.946667,87.100000,86.900000,0.074712,60,28.228424,28.257805,28.201721,0.013238,60,28.350375,28.380638,28.324562,0.013963,60,28.177644,28.199051,28.156326,0.011184,60,27.500000,27.500000,27.500000,0.000000,60,27.541602,27.553268,27.523056,0.006187,60,27.592852,27.605423,27.577103,0.006576,60,27.511282,27.525864,27.492447,0.006723,60,1002.400000,1002.400000,1002.400000,0.000000,60,1002.400000,1002.400000,1002.400000,0.000000,60,25.300000,25.300000,25.300000,0.000001,60,-0.011483,0.043904,-0.104958,0.033498,60,-0.054009,-0.022166,-0.133902,0.024670,60,-0.030724,0.024786,-0.125701,0.031327,60,-0.000336,0.000271,-0.001373,0.000342,60,-0.000121,0.000464,-0.001109,0.000354,60,-0.000577,-0.000237,-0.001431,0.000264,60,1.312810,1.463447,1.171166,0.065485,60,-178.900840,-178.779633,-179.009766,0.045321,60,-0.242719,-0.159884,-0.360146,0.044943,60,7.336394,7.518219,7.184341,0.071301,60,179.313843,179.447128,179.191147,0.049321,60,0.127514,0.226320,0.041801,0.047026,60,0.000000,15.883333,20.000000,13.000000,1.678293,60,1699.933333,1890.000000,1546.000000,91.023720,60,1.588333,2.000000,1.300000,0.167829,60,169.976411,9.019685,60,60,60,60,60,60,60,60,60,60,60,60,60,60,60,60,60,60,60,60,60,60,60,60,60,60,60,60,60,60,12.9036,12.95,12.86,24.02,26,23,29.98,6880527
2026-10-03 20:43:00,22.886447,22.929731,22.825972,0.017495,60,14.521655,14.586099,14.451819,0.030141,60,18.953994,19.002060,18.884565,0.029288,60,87.143333,87.200000,87.100000,0.049972,60,28.227178,28.244446,28.201721,0.011313,60,28.346147,28.367287,28.324562,0.010043,60,28.178134,28.199051,28.156326,0.014536,60,27.500000,27.500000,27.500000,0.000000,60,27.537671,27.550858,27.522079,0.006533,60,27.589245,27.603714,27.568039,0.006111,60,27.507112,27.525253,27.491074,0.006511,60,1002.411667,1002.500000,1002.400000,0.032373,60,1002.411667,1002.500000,1002.400000,0.032373,60,25.300000,25.300000,25.300000,0.000001,60,0.008975,0.064713,-0.096497,0.035070,60,-0.032510,0.011083,-0.106986,0.027924,60,-0.023359,0.009516,-0.105341,0.028714,60,-0.000255,0.000104,-0.001150,0.000314,60,0.000095,0.000684,-0.001020,0.000371,60,-0.000348,0.000118,-0.001144,0.000299,60,1.302196,1.490217,1.150243,0.070433,60,-178.892637,-178.778763,-179.075684,0.057284,60,-0.243114,-0.146768,-0.319806,0.040886,60,7.331255,7.501025,7.168880,0.074692,60,179.309755,179.407440,179.217224,0.044621,60,0.124834,0.264173,-0.025030,0.062620,60,0.000000,17.116667,19.000000,14.000000,1.180228,60,1773.600000,1865.000000,1698.000000,42.339708,60,1.711667,1.900000,1.400000,0.118023,60,177.360482,4.197728,60,60,60,60,60,60,60,60,60,60,60,60,60,60,60,60,60,60,60,60,60,60,60,60,60,60,60,60,60,60,12.9038,12.96,12.86,23.95,26,22,29.98,6880561
2026-10-03 20:44:00,22.877724,22.944992,22.838179,0.023222,60,14.522647,14.586099,14.467078,0.028316,60,18.951222,19.031052,18.884565,0.026330,60,87.200000,87.300000,87.100000,0.045099,60,28.225576,28.244446,28.201721,0.012857,60,28.349663,28.380638,28.311211,0.014132,60,28.177021,28.199051,28.142975,0.012540,60,27.500000,27.500000,27.500000,0.000000,60,27.534602,27.545975,27.520096,0.006155,60,27.587346,27.603897,27.570511,0.006965,60,27.503782,27.521591,27.488571,0.007055,60,1002.446667,1002.500000,1002.400000,0.050310,60,1002.446667,1002.500000,1002.400000,0.050310,60,25.300000,25.300000,25.300000,0.000001,60,0.013987,0.063569,-0.092610,0.032438,60,-0.033747,0.002714,-0.128926,0.027697,60,-0.015967,0.028991,-0.135217,0.033786,60,-0.000174,0.000317,-0.001477,0.000369,60,0.000148,0.000672,-0.000979,0.000343,60,-0.000361,0.000029,-0.001378,0.000296,60,1.294687,1.453591,1.070174,0.068279,60,-178.888163,-178.753387,-179.010925,0.056765,60,-0.246893,-0.159884,-0.319919,0.041337,60,7.335585,7.478243,7.236386,0.056904,60,179.319827,179.433640,179.231079,0.047060,60,0.114327,0.212859,0.001715,0.048381,60,0.000000,16.500000,19.000000,13.000000,1.827288,60,1746.516667,1858.000000,1607.000000,61.193356,60,1.650000,1.900000,1.300000,0.182729,60,174.654072,6.064892,60,60,60,60,60,60,60,60,60,60,60,60,60,60,60,60,60,60,60,60,60,60,60,60,60,60,60,60,60,60,12.9026,12.96,12.86,24.06,26,22,29.98,6880595
2026-10-03 20:45:00,22.873223,22.944992,22.824446,0.026204,60,14.524478,14.584573,14.451819,0.027893,60,18.955520,19.015793,18.901350,0.024853,60,86.995000,87.200000,86.300000,0.177959,60,28.224641,28.257805,28.201721,0.014184,60,28.341963,28.367287,28.311211,0.014177,60,28.170612,28.199051,28.142975,0.013391,60,27.500000,27.500000,27.500000,0.000000,60,27.528733,27.547714,27.512100,0.007715,60,27.582158,27.595383,27.569473,0.005936,60,27.499247,27.511887,27.478531,0.006665,60,1002.471667,1002.500000,1002.400000,0.045442,60,1002.471667,1002.500000,1002.400000,0.045442,60,25.260000,25.300000,25.100000,0.080675,60,0.005602,0.062197,-0.101528,0.033106,60,-0.038323,0.011309,-0.123497,0.029150,60,-0.020526,0.022130,-0.102021,0.028442,60,-0.000224,0.000242,-0.001114,0.000311,60,0.000059,0.000657,-0.001073,0.000350,60,-0.000410,0.000121,-0.001320,0.000312,60,1.319501,1.489317,1.185705,0.066911,60,-178.890813,-178.752502,-178.994308,0.058573,60,-0.250523,-0.186405,-0.372303,0.036248,60,7.345808,7.501740,7.187134,0.058163,60,179.317089,179.434402,179.163971,0.056147,60,0.111373,0.226609,-0.024777,0.054382,60,0.000000,16.383333,19.000000,14.000000,1.121314,60,1692.283333,1805.000000,1608.000000,44.156537,60,1.638333,1.900000,1.400000,0.112131,60,169.226828,4.377386,60,60,60,60,60,60,60,60,60,60,60,60,60,60,60,60,60,60,60,60,60,60,60,60,60,60,60,60,60,60,12.9041,12.98,12.86,24.09,26,22,29.97,6880628
2026-10-03 20:46:00,22.873579,22.929731,22.807659,0.022853,60,14.517840,14.604410,14.467078,0.027667,60,18.958012,19.031052,18.901350,0.029158,60,86.865000,87.100000,86.300000,0.182102,60,28.218678,28.244446,28.201721,0.012590,60,28.342052,28.367287,28.311211,0.011885,60,28.167764,28.185699,28.142975,0.011666,60,27.500000,27.500000,27.500000,0.000000,60,27.523252,27.542496,27.510971,0.006914,60,27.579900,27.597549,27.564957,0.007013,60,27.494699,27.512039,27.480850,0.006196,60,1002.448333,1002.500000,1002.400000,0.050394,60,1002.448333,1002.500000,1002.400000,0.050394,60,25.218333,25.300000,25.000000,0.101667,60,0.002927,0.048249,-0.095125,0.030328,60,-0.037004,0.018773,-0.120105,0.029723,60,-0.013485,0.047802,-0.117070,0.030963,60,-0.000147,0.000522,-0.001278,0.000338,60,0.000031,0.000510,-0.001005,0.000321,60,-0.000396,0.000201,-0.001284,0.000318,60,1.315801,1.459906,1.170792,0.069128,60,-178.892361,-178.779633,-179.064499,0.062039,60,-0.243671,-0.147349,-0.319919,0.039721,60,7.340899,7.494853,7.226399,0.062925,60,179.326281,179.474731,179.190964,0.059720,60,0.120812,0.265551,0.014970,0.046934,60,0.000000,16.766667,21.000000,14.000000,1.916624,60,1607.816667,1726.000000,1479.000000,64.441405,60,1.676667,2.100000,1.400000,0.191662,60,160.783870,6.388315,60,60,60,60,60,60,60,60,60,60,60,60,60,60,60,60,60,60,60,60,60,60,60,60,60,60,60,60,60,60,12.9025,12.95,12.86,24.08,26,22,29.95,6880662
2026-10-03 20:47:00,22.878258,22.929731,22.824446,0.024477,60,14.521757,14.586099,14.435035,0.034861,60,18.949569,18.999008,18.883039,0.025696,60,86.943333,87.100000,86.400000,0.217354,60,28.216408,28.244446,28.188370,0.011763,60,28.337825,28.367287,28.311211,0.012476,60,28.164827,28.199051,28.129623,0.014262,60,27.500000,27.500000,27.500000,0.000000,60,27.519201,27.536301,27.503433,0.007053,60,27.575555,27.588394,27.558823,0.006427,60,27.489438,27.504196,27.475479,0.006866,60,1002.473333,1002.500000,1002.400000,0.044595,60,1002.473333,1002.500000,1002.400000,0.044595,60,25.180000,25.300000,25.000000,0.108612,60,0.014597,0.058310,-0.091924,0.031683,60,-0.029231,0.024202,-0.127795,0.030824,60,-0.012802,0.036958,-0.106669,0.030060,60,-0.000140,0.000404,-0.001165,0.000328,60,0.000154,0.000616,-0.000972,0.000335,60,-0.000312,0.000259,-0.001366,0.000330,60,1.313628,1.493823,1.174909,0.067970,60,-178.904464,-178.779037,-179.062958,0.053717,60,-0.244936,-0.159884,-0.359406,0.042168,60,7.327813,7.485163,7.191108,0.063474,60,179.310693,179.433640,179.162415,0.051233,60,0.119846,0.213141,0.016005,0.042608,60,0.000000,18.300000,22.000000,16.000000,1.239191,60,1638.433333,1764.000000,1473.000000,70.439147,60,1.830000,2.200000,1.600000,0.123919,60,163.845972,6.981196,60,60,60,60,60,60,60,60,60,60,60,60,60,60,60,60,60,60,60,60,60,60,60,60,60,60,60,60,60,60,12.9024,12.95,12.84,24.04,26,22,29.95,6880696
2026-10-03 20:48:00,22.873172,22.931257,22.824446,0.028915,60,14.521528,14.584573,14.451819,0.026250,60,18.954477,19.015793,18.901350,0.026755,60,87.066667,87.500000,86.500000,0.277193,60,28.213159,28.244446,28.188370,0.012516,60,28.336000,28.367287,28.311211,0.013402,60,28.162601,28.185699,28.142975,0.010825,60,27.500000,27.500000,27.500000,0.000000,60,27.515564,27.535690,27.497543,0.007586,60,27.570900,27.581650,27.550430,0.006479,60,27.484786,27.500626,27.472763,0.006367,60,1002.498333,1002.500000,1002.400000,0.012910,60,1002.498333,1002.500000,1002.400000,0.012910,60,25.286667,25.300000,25.100000,0.050310,60,-0.002298,0.046419,-0.104272,0.033201,60,-0.046040,-0.009952,-0.119878,0.025359,60,-0.023558,0.030983,-0.112644,0.028791,60,-0.000257,0.000338,-0.001230,0.000314,60,-0.000024,0.000491,-0.001102,0.000351,60,-0.000492,-0.000106,-0.001282,0.000271,60,1.301701,1.466112,1.172287,0.060142,60,-178.895680,-178.750427,-179.008362,0.053746,60,-0.251380,-0.160111,-0.333439,0.039762,60,7.333407,7.455671,7.145391,0.070309,60,179.298584,179.474136,179.190018,0.054294,60,0.114183,0.213141,0.015158,0.042234,60,0.000000,16.466667,19.000000,14.000000,1.213856,60,1629.016667,1737.000000,1530.000000,40.064563,60,1.646667,1.900000,1.400000,0.121386,60,162.901268,3.971312,60,60,60,60,60,60,60,60,60,60,60,60,60,60,60,60,60,60,60,60,60,60,60,60,60,60,60,60,60,60,12.9020,12.98,12.84,24.10,26,22,29.96,6880730
2026-10-03 20:49:00,22.872180,22.929731,22.810711,0.026769,60,14.520409,14.570840,14.451819,0.028200,60,18.947280,19.015793,18.898298,0.021989,60,87.236667,87.500000,86.700000,0.249723,60,28.205282,28.244446,28.175018,0.013162,60,28.334620,28.367287,28.311211,0.010742,60,28.157172,28.185699,28.129623,0.012306,60,27.500000,27.500000,27.500000,0.000000,60,27.511711,27.529892,27.494553,0.006029,60,27.571817,27.590134,27.556046,0.007496,60,27.481377,27.499649,27.464462,0.007373,60,1002.456667,1002.500000,1002.400000,0.049972,60,1002.456667,1002.500000,1002.400000,0.049972,60,25.300000,25.300000,25.300000,0.000001,60,-0.011464,0.036358,-0.099241,0.029656,60,-0.052155,-0.007690,-0.153806,0.032951,60,-0.026907,0.022573,-0.130127,0.030812,60,-0.000294,0.000246,-0.001421,0.000336,60,-0.000121,0.000384,-0.001049,0.000313,60,-0.000558,-0.000082,-0.001644,0.000352,60,1.296660,1.462560,1.085414,0.076996,60,-178.882821,-178.735626,-179.008606,0.053190,60,-0.248149,-0.160111,-0.358791,0.039418,60,7.330712,7.491341,7.195085,0.061193,60,179.309602,179.407440,179.217224,0.049093,60,0.105696,0.212295,-0.024609,0.054066,60,0.000000,19.083333,25.000000,15.000000,2.472161,60,1589.650000,1701.000000,1483.000000,57.646740,60,1.908333,2.500000,1.500000,0.247216,60,158.966292,5.714622,60,60,60,60,60,60,60,60,60,60,60,60,60,60,60,60,60,60,60,60,60,60,60,60,60,60,60,60,60,60,12.9007,12.95,12.86,24.04,26,23,29.95,6880764
2026-10-03 20:50:00,22.872536,22.926680,22.810711,0.024563,60,14.517866,14.618143,14.467078,0.032099,60,18.951171,19.031052,18.883039,0.028140,60,87.020000,87.300000,86.600000,0.246191,60,28.203946,28.231094,28.175018,0.013635,60,28.331015,28.351265,28.311211,0.011914,60,28.156193,28.185699,28.113602,0.013095,60,27.500000,27.500000,27.500000,0.000000,60,27.508114,27.520737,27.496567,0.006326,60,27.568402,27.582840,27.550125,0.007684,60,27.479215,27.495377,27.465042,0.006147,60,1002.431667,1002.500000,1002.400000,0.046910,60,1002.431667,1002.500000,1002.400000,0.046910,60,25.213333,25.300000,25.100000,0.099943,60,0.010469,0.058081,-0.077289,0.030205,60,-0.029208,0.030761,-0.102915,0.027453,60,-0.014964,0.033860,-0.106448,0.030488,60,-0.000163,0.000370,-0.001162,0.000333,60,0.000111,0.000614,-0.000817,0.000319,60,-0.000312,0.000329,-0.001100,0.000293,60,1.316889,1.489317,1.173035,0.064742,60,-178.897690,-178.791183,-179.037598,0.057316,60,-0.238077,-0.160035,-0.320489,0.037270,60,7.345703,7.517538,7.090246,0.073885,60,179.315356,179.407303,179.217957,0.050695,60,0.118986,0.251778,0.015158,0.051466,60,0.000000,22.116667,26.000000,18.000000,1.473974,60,1658.150000,1727.000000,1578.000000,23.759976,60,2.211667,2.600000,1.800000,0.147397,60,165.815298,2.355449,60,60,60,60,60,60,60,60,60,60,60,60,60,60,60,60,60,60,60,60,60,60,60,60,60,60,60,60,60,60,12.9010,12.95,12.86,24.07,26,22,29.94,6880797
2026-10-03 20:51:00,22.868772,22.915998,22.793926,0.024063,60,14.517535,14.586099,14.451819,0.027997,60,18.946517,19.015793,18.898298,0.027917,60,86.538333,87.000000,86.300000,0.274999,60,28.200208,28.231094,28.175018,0.010865,60,28.322737,28.351265,28.292519,0.013594,60,28.147381,28.169678,28.113602,0.012081,60,27.500000,27.500000,27.500000,0.000000,60,27.502558,27.518814,27.489456,0.006436,60,27.562899,27.581558,27.549942,0.006856,60,27.472734,27.487259,27.450211,0.007881,60,1002.421667,1002.500000,1002.400000,0.041545,60,1002.421667,1002.500000,1002.400000,0.041545,60,25.033333,25.100000,25.000000,0.047538,60,0.027905,0.072487,-0.066999,0.032046,60,-0.019343,0.026238,-0.117390,0.027126,60,-0.001162,0.040941,-0.086530,0.028444,60,-0.000013,0.000447,-0.000945,0.000311,60,0.000295,0.000766,-0.000708,0.000339,60,-0.000207,0.000280,-0.001255,0.000290,60,1.309946,1.428948,1.134585,0.062563,60,-178.897869,-178.793198,-179.065598,0.050701,60,-0.254639,-0.160111,-0.360022,0.044202,60,7.339461,7.527836,7.191108,0.065176,60,179.316647,179.434006,179.192093,0.060472,60,0.116753,0.213141,0.015252,0.045962,60,0.000000,19.516667,24.000000,16.000000,2.228412,60,1706.300000,1821.000000,1639.000000,41.075499,60,1.951667,2.400000,1.600000,0.222841,60,170.627181,4.071633,60,60,60,60,60,60,60,60,60,60,60,60,60,60,60,60,60,60,60,60,60,60,60,60,60,60,60,60,60,60,12.9008,12.95,12.86,24.06,26,22,29.96,6880831
2026-10-03 20:52:00,22.865695,22.912947,22.821394,0.021828,60,14.519621,14.567788,14.467078,0.025397,60,18.948501,19.015793,18.898298,0.025633,60,86.558333,87.100000,86.400000,0.104625,60,28.196381,28.215073,28.175018,0.009584,60,28.321091,28.351265,28.292519,0.012652,60,28.146980,28.169678,28.129623,0.011608,60,27.500000,27.500000,27.500000,0.000000,60,27.494917,27.514725,27.480728,0.008051,60,27.557978,27.571976,27.541245,0.006351,60,27.466273,27.480911,27.450272,0.006306,60,1002.443333,1002.500000,1002.400000,0.049972,60,1002.443333,1002.500000,1002.400000,0.049972,60,25.066667,25.100000,25.000000,0.047538,60,0.014158,0.058310,-0.082320,0.031460,60,-0.023482,0.031892,-0.115581,0.029944,60,-0.006256,0.044261,-0.107554,0.028810,60,-0.000068,0.000483,-0.001174,0.000315,60,0.000150,0.000616,-0.000870,0.000333,60,-0.000251,0.000341,-0.001236,0.000320,60,1.305812,1.448742,1.175285,0.062114,60,-178.897234,-178.818359,-179.010239,0.046050,60,-0.239624,-0.146623,-0.332504,0.039185,60,7.331181,7.439762,7.195086,0.061409,60,179.311387,179.433884,179.190201,0.053539,60,0.122033,0.224738,0.015158,0.043284,60,0.000000,18.700000,21.000000,15.000000,1.441515,60,1681.033333,1759.000000,1622.000000,30.786838,60,1.870000,2.100000,1.500000,0.144152,60,168.103062,3.052466,60,60,60,60,60,60,60,60,60,60,60,60,60,60,60,60,60,60,60,60,60,60,60,60,60,60,60,60,60,60,12.9005,12.96,12.84,24.04,26,22,29.93,6880867
2026-10-03 20:53:00,22.865314,22.912947,22.792400,0.027502,60,14.507337,14.567788,14.451819,0.028612,60,18.947585,19.015793,18.898298,0.026488,60,86.803333,87.400000,86.600000,0.170708,60,28.190105,28.215073,28.158997,0.011767,60,28.317085,28.351265,28.292519,0.014854,60,28.140527,28.169678,28.113602,0.013707,60,27.500000,27.500000,27.500000,0.000000,60,27.487179,27.496628,27.473862,0.005447,60,27.553305,27.567215,27.537399,0.005514,60,27.460957,27.476913,27.441086,0.006990,60,1002.463333,1002.500000,1002.400000,0.048596,60,1002.463333,1002.500000,1002.400000,0.048596,60,25.170000,25.300000,25.100000,0.096199,60,0.003647,0.046877,-0.102671,0.033758,60,-0.029521,0.026238,-0.130283,0.029675,60,-0.000893,0.061301,-0.088079,0.029874,60,-0.000010,0.000669,-0.000962,0.000326,60,0.000039,0.000495,-0.001085,0.000357,60,-0.000316,0.000280,-0.001393,0.000317,60,1.313071,1.487970,1.191385,0.064394,60,-178.877602,-178.777313,-179.008606,0.057337,60,-0.249779,-0.120101,-0.333088,0.043743,60,7.328861,7.449536,7.121811,0.062644,60,179.319187,179.408112,179.163177,0.053538,60,0.114994,0.186377,0.015252,0.039238,60,0.000000,16.716667,19.000000,14.000000,1.403285,60,1704.900000,1774.000000,1635.000000,31.425295,60,1.671667,1.900000,1.400000,0.140329,60,170.490233,3.115822,60,60,60,60,60,60,60,60,60,60,60,60,60,60,60,60,60,60,60,60,60,60,60,60,60,60,60,60,60,60,12.9016,12.95,12.86,24.06,26,22,29.93,6880901
2026-10-03 20:54:00,22.861143,22.926680,22.793926,0.026323,60,14.508075,14.584573,14.451819,0.030979,60,18.945220,18.997482,18.866255,0.028147,60,87.225000,87.800000,87.000000,0.221417,60,28.184943,28.215073,28.145645,0.012906,60,28.313124,28.337914,28.292519,0.012331,60,28.135053,28.156326,28.113602,0.011737,60,27.500000,27.500000,27.500000,0.000000,60,27.482101,27.497757,27.469833,0.005683,60,27.552320,27.571091,27.531418,0.007898,60,27.455557,27.472549,27.432266,0.007857,60,1002.491667,1002.500000,1002.400000,0.027872,60,1002.491667,1002.500000,1002.400000,0.027872,60,25.333333,25.500000,25.300000,0.075165,60,0.000804,0.057853,-0.096040,0.032757,60,-0.037683,0.013345,-0.141818,0.031270,60,-0.001966,0.048023,-0.086973,0.031056,60,-0.000021,0.000524,-0.000950,0.000339,60,0.000008,0.000612,-0.001015,0.000346,60,-0.000403,0.000143,-0.001516,0.000334,60,1.323129,1.456246,1.212541,0.062813,60,-178.896864,-178.779037,-179.062302,0.055846,60,-0.238800,-0.146986,-0.320261,0.047182,60,7.338680,7.501025,7.200224,0.057523,60,179.323880,179.447876,179.231628,0.047108,60,0.117073,0.252980,0.002260,0.054563,60,0.000000,16.116667,19.000000,12.000000,1.519274,60,1569.450000,1712.000000,1456.000000,65.277355,60,1.611667,1.900000,1.200000,0.151927,60,156.938692,6.468708,60,60,60,60,60,60,60,60,60,60,60,60,60,60,60,60,60,60,60,60,60,60,60,60,60,60,60,60,60,60,12.8984,12.95,12.84,24.03,26,22,29.93,6880934
2026-10-03 20:55:00,22.862516,22.912947,22.806133,0.025132,60,14.511762,14.599833,14.451819,0.028503,60,18.946517,19.012741,18.883039,0.031205,60,87.011667,87.500000,86.800000,0.240826,60,28.177778,28.215073,28.145645,0.012697,60,28.310499,28.337914,28.279167,0.015024,60,28.130380,28.156326,28.100250,0.011520,60,27.500000,27.500000,27.500000,0.000000,60,27.470691,27.488876,27.440842,0.008234,60,27.547076,27.567001,27.532455,0.006881,60,27.444319,27.462021,27.425797,0.007812,60,1002.496667,1002.500000,1002.400000,0.018102,60,1002.496667,1002.500000,1002.400000,0.018102,60,25.160000,25.300000,25.100000,0.092425,60,0.041789,0.084607,-0.057395,0.032509,60,0.007393,0.054285,-0.087534,0.030559,60,0.035807,0.084538,-0.090514,0.033710,60,0.000391,0.000923,-0.000988,0.000368,60,0.000442,0.000894,-0.000607,0.000344,60,0.000079,0.000580,-0.000936,0.000327,60,1.320535,1.467001,1.173035,0.061437,60,-178.899026,-178.791763,-178.997849,0.053244,60,-0.229245,-0.146406,-0.292811,0.032598,60,7.345125,7.512031,7.226399,0.065378,60,179.314749,179.447876,179.164551,0.059010,60,0.127776,0.225888,0.014689,0.050969,60,0.000000,17.883333,20.000000,15.000000,1.263459,60,1563.066667,1634.000000,1482.000000,41.002632,60,1.788333,2.000000,1.500000,0.126346,60,156.307750,4.065377,60,60,60,60,60,60,60,60,60,60,60,60,60,60,60,60,60,60,60,60,60,60,60,60,60,60,60,60,60,60,12.8982,12.98,12.86,24.04,26,22,29.88,6880968
2026-10-03 20:56:00,22.860634,22.926680,22.806133,0.028541,60,14.513542,14.567788,14.451819,0.025682,60,18.940999,18.997482,18.879988,0.029633,60,86.921667,87.400000,86.800000,0.148543,60,28.171369,28.188370,28.145645,0.009263,60,28.299639,28.337914,28.279167,0.015087,60,28.121969,28.142975,28.100250,0.012577,60,27.500000,27.500000,27.500000,0.000000,60,27.460749,27.479538,27.446793,0.007281,60,27.537966,27.552902,27.525070,0.006367,60,27.434250,27.453476,27.418716,0.007876,60,1002.500000,1002.500000,1002.500000,0.000000,60,1002.500000,1002.500000,1002.500000,0.000000,60,25.100000,25.100000,25.100000,0.000001,60,0.048352,0.098555,-0.044361,0.029411,60,0.008554,0.052249,-0.081879,0.028329,60,0.040196,0.090292,-0.046917,0.031456,60,0.000439,0.000986,-0.000512,0.000344,60,0.000511,0.001042,-0.000469,0.000311,60,0.000091,0.000559,-0.000875,0.000303,60,1.316370,1.454917,1.105909,0.072569,60,-178.891700,-178.752792,-179.008362,0.054326,60,-0.248512,-0.120300,-0.320147,0.041715,60,7.329643,7.453626,7.141936,0.058310,60,179.308301,179.406891,179.217224,0.047534,60,0.109358,0.225456,0.001715,0.042458,60,0.000000,16.666667,19.000000,13.000000,1.469079,60,1562.016667,1636.000000,1449.000000,51.238059,60,1.666667,1.900000,1.300000,0.146908,60,156.205613,5.079331,60,60,60,60,60,60,60,60,60,60,60,60,60,60,60,60,60,60,60,60,60,60,60,60,60,60,60,60,60,60,12.9012,12.95,12.84,24.12,26,22,29.90,6881002
2026-10-03 20:57:00,22.865492,22.925154,22.803082,0.026536,60,14.512398,14.567788,14.448768,0.025666,60,18.938481,18.994431,18.864729,0.028686,60,86.815000,87.300000,86.700000,0.108651,60,28.157394,28.188370,28.132294,0.011384,60,28.292741,28.311211,28.265816,0.012936,60,28.110976,28.142975,28.086899,0.013388,60,27.500000,27.500000,27.500000,0.000000,60,27.447250,27.461349,27.432205,0.007033,60,27.530961,27.548630,27.508438,0.008005,60,27.423561,27.439255,27.408035,0.007388,60,1002.500000,1002.500000,1002.500000,0.000000,60,1002.500000,1002.500000,1002.500000,0.000000,60,25.100000,25.100000,25.100000,0.000001,60,0.057792,0.100156,-0.022409,0.029195,60,0.019927,0.067856,-0.051570,0.025834,60,0.054710,0.100694,-0.026999,0.031096,60,0.000597,0.001100,-0.000295,0.000340,60,0.000611,0.001059,-0.000237,0.000309,60,0.000213,0.000725,-0.000551,0.000276,60,1.319855,1.446547,1.171166,0.058570,60,-178.883375,-178.778763,-178.996902,0.051648,60,-0.250745,-0.120632,-0.372934,0.049341,60,7.342114,7.488691,7.173640,0.068394,60,179.309664,179.434906,179.230179,0.052175,60,0.119906,0.224738,0.001987,0.048121,60,0.000000,17.566667,19.000000,15.000000,1.169770,60,1561.583333,1620.000000,1472.000000,32.326351,60,1.756667,1.900000,1.500000,0.116977,60,156.159703,3.204765,60,60,60,60,60,60,60,60,60,60,60,60,60,60,60,60,60,60,60,60,60,60,60,60,60,60,60,60,60,60,12.8994,12.96,12.86,24.10,26,22,29.87,6881036
2026-10-03 20:58:00,22.856972,22.925154,22.789349,0.029523,60,14.507922,14.567788,14.433509,0.027201,60,18.940261,18.997482,18.896772,0.027555,60,87.046667,87.200000,86.900000,0.070028,60,28.148449,28.175018,28.116272,0.012918,60,28.286866,28.324562,28.249786,0.016008,60,28.102698,28.129623,28.073547,0.012556,60,27.500000,27.500000,27.500000,0.000000,60,27.431270,27.449295,27.417496,0.006653,60,27.522046,27.538864,27.505112,0.007152,60,27.412597,27.426956,27.394028,0.007182,60,1002.500000,1002.500000,1002.500000,0.000000,60,1002.500000,1002.500000,1002.500000,0.000000,60,25.100000,25.100000,25.100000,0.000001,60,0.058752,0.094211,-0.033385,0.029581,60,0.023949,0.057225,-0.056546,0.026546,60,0.050627,0.102685,-0.030540,0.031508,60,0.000553,0.001121,-0.000333,0.000344,60,0.000621,0.000996,-0.000353,0.000313,60,0.000256,0.000612,-0.000604,0.000284,60,1.328139,1.456246,1.188729,0.062345,60,-178.883756,-178.751022,-179.008606,0.058996,60,-0.238614,-0.159808,-0.333205,0.048338,60,7.344422,7.492798,7.203052,0.066887,60,179.312691,179.448898,179.191711,0.055939,60,0.113383,0.225600,0.001081,0.048966,60,0.000000,17.200000,19.000000,15.000000,0.988064,60,1574.000000,1622.000000,1491.000000,29.445152,60,1.720000,1.900000,1.500000,0.098806,60,157.400657,2.919382,60,60,60,60,60,60,60,60,60,60,60,60,60,60,60,60,60,60,60,60,60,60,60,60,60,60,60,60,60,60,12.8978,12.94,12.84,24.01,26,22,29.86,6881069
2026-10-03 20:59:00,22.860075,22.911421,22.774090,0.025667,60,14.506625,14.567788,14.448768,0.027471,60,18.928944,18.962387,18.879988,0.022457,60,87.260000,87.400000,87.200000,0.052722,60,28.133940,28.158997,28.102921,0.014334,60,28.278321,28.311211,28.249786,0.012985,60,28.092195,28.129623,28.057526,0.013629,60,27.500000,27.500000,27.500000,0.000000,60,27.417073,27.432144,27.400620,0.006401,60,27.515806,27.528488,27.500198,0.006733,60,27.398688,27.413986,27.380783,0.007246,60,1002.500000,1002.500000,1002.500000,0.000000,60,1002.500000,1002.500000,1002.500000,0.000000,60,25.100000,25.100000,25.100000,0.000001,60,0.048222,0.102443,-0.044361,0.029722,60,0.012994,0.062653,-0.059713,0.027257,60,0.050719,0.091178,-0.033860,0.026691,60,0.000554,0.000996,-0.000370,0.000291,60,0.000510,0.001083,-0.000469,0.000314,60,0.000139,0.000670,-0.000638,0.000291,60,1.308151,1.427203,1.185328,0.060384,60,-178.898960,-178.791183,-179.063843,0.049278,60,-0.241232,-0.160035,-0.319578,0.035278,60,7.348914,7.470022,7.250570,0.055429,60,179.314168,179.407303,179.219406,0.047515,60,0.111801,0.212859,0.015252,0.045632,60,0.000000,16.533333,20.000000,13.000000,1.641276,60,1614.366667,1705.000000,1468.000000,57.470100,60,1.653333,2.000000,1.300000,0.164128,60,161.441035,5.696367,60,60,60,60,60,60,60,60,60,60,60,60,60,60,60,60,60,60,60,60,60,60,60,60,60,60,60,60,60,60,12.8978,12.96,12.84,24.05,27,22,29.88,6881103
2026-10-03 21:00:00,22.856387,22.911421,22.789349,0.025556,60,14.510440,14.584573,14.433509,0.030496,60,18.933674,18.994431,18.879988,0.028284,60,87.515000,87.700000,87.400000,0.093564,60,28.118942,28.158997,28.089569,0.013192,60,28.271333,28.311211,28.236435,0.014147,60,28.080446,28.100250,28.057526,0.010456,60,27.500000,27.500000,27.500000,0.000000,60,27.403449,27.419907,27.384354,0.006937,60,27.507686,27.527603,27.489334,0.006993,60,27.384999,27.400803,27.361465,0.007746,60,1002.500000,1002.500000,1002.500000,0.000000,60,1002.500000,1002.500000,1002.500000,0.000000,60,25.163333,25.300000,25.100000,0.093820,60,0.047875,0.105873,-0.057853,0.033585,60,0.014253,0.058582,-0.059487,0.027023,60,0.054684,0.092284,-0.057761,0.031702,60,0.000597,0.001008,-0.000631,0.000346,60,0.000506,0.001119,-0.000612,0.000355,60,0.000152,0.000626,-0.000636,0.000289,60,1.319798,1.490667,1.179803,0.069158,60,-178.891198,-178.779633,-179.036697,0.050382,60,-0.255240,-0.146986,-0.359776,0.051738,60,7.334391,7.465917,7.164915,0.069885,60,179.314563,179.447510,179.191513,0.052699,60,0.121975,0.226032,0.015158,0.050373,60,0.000000,15.633333,19.000000,11.000000,1.625711,60,1564.233333,1701.000000,1456.000000,55.877701,60,1.563333,1.900000,1.100000,0.162571,60,156.419149,5.538699,60,60,60,60,60,60,60,60,60,60,60,60,60,60,60,60,60,60,60,60,60,60,60,60,60,60,60,60,60,60,12.8986,12.95,12.84,24.09,27,22,29.85,6881137
2026-10-03 21:01:00,22.863940,22.925154,22.801556,0.027870,60,14.503929,14.567788,14.433509,0.027665,60,18.936395,18.994431,18.864729,0.025088,60,87.500000,87.800000,87.200000,0.192222,60,28.109374,28.145645,28.060196,0.015020,60,28.261451,28.279167,28.236435,0.012576,60,28.069052,28.100250,28.044174,0.014753,60,27.485000,27.500000,27.400000,0.036008,60,27.389304,27.403488,27.372452,0.007097,60,27.499503,27.517624,27.483902,0.007607,60,27.375665,27.391830,27.355209,0.006864,60,1002.500000,1002.500000,1002.500000,0.000000,60,1002.500000,1002.500000,1002.500000,0.000000,60,25.200000,25.300000,25.100000,0.100844,60,0.065220,0.110217,-0.029041,0.030896,60,0.023685,0.082332,-0.056094,0.027818,60,0.050859,0.100915,-0.066613,0.031546,60,0.000555,0.001102,-0.000727,0.000344,60,0.000689,0.001165,-0.000307,0.000327,60,0.000253,0.000880,-0.000600,0.000297,60,1.319833,1.490217,1.138617,0.070059,60,-178.890985,-178.751617,-179.007889,0.054137,60,-0.240518,-0.146841,-0.332504,0.042677,60,7.350611,7.482536,7.171276,0.061081,60,179.322657,179.448135,179.189438,0.049960,60,0.122718,0.226032,0.040700,0.049060,60,0.000000,18.466667,22.000000,15.000000,1.721909,60,1544.016667,1636.000000,1442.000000,45.088798,60,1.846667,2.200000,1.500000,0.172191,60,154.403596,4.469613,60,60,60,60,60,60,60,60,60,60,60,60,60,60,60,60,60,60,60,60,60,60,60,60,60,60,60,60,60,60,12.8977,12.95,12.83,24.04,26,22,29.82,6881171
2026-10-03 21:02:00,22.859058,22.922102,22.801556,0.028132,60,14.502225,14.567788,14.433509,0.030183,60,18.936116,19.011215,18.878462,0.027886,60,87.566667,87.700000,87.200000,0.108404,60,28.094732,28.132294,28.060196,0.013615,60,28.257356,28.292519,28.223083,0.012530,60,28.059528,28.086899,28.044174,0.011325,60,27.403333,27.500000,27.400000,0.018102,60,27.373888,27.394089,27.355087,0.007951,60,27.490781,27.503311,27.477463,0.006772,60,27.360374,27.375656,27.345779,0.007207,60,1002.500000,1002.500000,1002.500000,0.000000,60,1002.500000,1002.500000,1002.500000,0.000000,60,25.230000,25.300000,25.100000,0.096199,60,0.072750,0.123937,-0.014863,0.031279,60,0.022811,0.066725,-0.067177,0.029277,60,0.057583,0.095161,-0.026335,0.030724,60,0.000629,0.001039,-0.000288,0.000336,60,0.000769,0.001310,-0.000157,0.000331,60,0.000244,0.000713,-0.000718,0.000313,60,1.304116,1.467447,1.134585,0.066645,60,-178.877876,-178.791183,-178.970261,0.049619,60,-0.254949,-0.159657,-0.372935,0.044468,60,7.334204,7.472836,7.184341,0.058791,60,179.321333,179.448380,179.232162,0.051321,60,0.130020,0.226320,0.015252,0.045779,60,0.000000,21.133333,24.000000,18.000000,1.609997,60,1559.350000,1661.000000,1465.000000,59.208286,60,2.113333,2.400000,1.800000,0.161000,60,155.933487,5.870625,60,60,60,60,60,60,60,60,60,60,60,60,60,60,60,60,60,60,60,60,60,60,60,60,60,60,60,60,60,60,12.8972,12.95,12.86,24.08,26,22,29.81,6881205
2026-10-03 21:03:00,22.853564,22.906843,22.801556,0.026407,60,14.511203,14.566262,14.447242,0.024650,60,18.934920,18.992905,18.878462,0.027754,60,87.430000,87.500000,87.400000,0.046212,60,28.082181,28.116272,28.046844,0.015994,60,28.244670,28.265816,28.223083,0.013077,60,28.045687,28.073547,28.001450,0.012871,60,27.400000,27.400000,27.400000,0.000000,60,27.359386,27.380356,27.338760,0.008709,60,27.478636,27.494461,27.459824,0.006708,60,27.348016,27.364182,27.326584,0.008534,60,1002.500000,1002.500000,1002.500000,0.000000,60,1002.500000,1002.500000,1002.500000,0.000000,60,25.100000,25.100000,25.100000,0.000001,60,0.080422,0.137886,-0.028355,0.034710,60,0.028778,0.068308,-0.058808,0.029798,60,0.052209,0.113087,-0.037622,0.030481,60,0.000570,0.001235,-0.000411,0.000333,60,0.000850,0.001457,-0.000300,0.000367,60,0.000308,0.000730,-0.000629,0.000319,60,1.318788,1.452265,1.143248,0.066831,60,-178.889819,-178.739243,-179.036240,0.050993,60,-0.242151,-0.159657,-0.333088,0.043652,60,7.349940,7.470022,7.234386,0.058940,60,179.326451,179.447876,179.163177,0.061486,60,0.121501,0.227187,0.001806,0.044283,60,0.000000,20.400000,23.000000,17.000000,1.452059,60,1565.133333,1640.000000,1487.000000,39.216248,60,2.040000,2.300000,1.700000,0.145206,60,156.513107,3.888304,60,60,60,60,60,60,60,60,60,60,60,60,60,60,60,60,60,60,60,60,60,60,60,60,60,60,60,60,60,60,12.8985,12.96,12.84,24.00,26,22,29.82,6881238
2026-10-03 21:04:00,22.859668,22.906843,22.798504,0.024890,60,14.508303,14.584573,14.447242,0.026930,60,18.932301,18.976120,18.861677,0.025270,60,87.548333,87.700000,86.900000,0.166206,60,28.069720,28.102921,28.033493,0.014167,60,28.238082,28.265816,28.209732,0.011500,60,28.036386,28.057526,28.001450,0.013167,60,27.400000,27.400000,27.400000,0.000000,60,27.344117,27.360031,27.318405,0.007722,60,27.468660,27.485947,27.451645,0.007580,60,27.332554,27.348007,27.318344,0.006428,60,1002.523333,1002.600000,1002.500000,0.042652,60,1002.523333,1002.600000,1002.500000,0.042652,60,25.216667,25.300000,25.100000,0.099433,60,0.073448,0.125309,-0.015549,0.032586,60,0.025148,0.064915,-0.066272,0.026760,60,0.051940,0.112423,-0.040056,0.029540,60,0.000567,0.001228,-0.000437,0.000323,60,0.000776,0.001325,-0.000164,0.000344,60,0.000269,0.000694,-0.000708,0.000286,60,1.321304,1.504962,1.148027,0.072978,60,-178.903805,-178.792618,-179.063843,0.058340,60,-0.248117,-0.160490,-0.358791,0.044539,60,7.333104,7.465917,7.125063,0.062300,60,179.296991,179.435043,179.164169,0.053625,60,0.124572,0.253131,0.002442,0.048966,60,0.000000,16.200000,19.000000,14.000000,1.070403,60,1599.866667,1720.000000,1519.000000,39.305611,60,1.620000,1.900000,1.400000,0.107040,60,159.986079,3.895977,60,60,60,60,60,60,60,60,60,60,60,60,60,60,60,60,60,60,60,60,60,60,60,60,60,60,60,60,60,60,12.8945,12.96,12.84,24.02,26,23,29.82,6881272
2026-10-03 21:05:00,22.853361,22.903791,22.783245,0.026530,60,14.508151,14.598307,14.465552,0.022593,60,18.934691,19.008163,18.878462,0.029732,60,87.578333,87.800000,87.200000,0.232227,60,28.055523,28.089569,28.017471,0.014556,60,28.231984,28.249786,28.209732,0.011175,60,28.018539,28.044174,27.974747,0.014020,60,27.400000,27.400000,27.400000,0.000000,60,27.330342,27.348801,27.314560,0.008462,60,27.458004,27.467880,27.442551,0.005752,60,27.320101,27.343979,27.305161,0.007654,60,1002.543333,1002.600000,1002.500000,0.049972,60,1002.543333,1002.600000,1002.500000,0.049972,60,25.243333,25.300000,25.100000,0.090884,60,0.069903,0.130340,-0.042989,0.035004,60,0.024345,0.069439,-0.063558,0.026263,60,0.049443,0.102243,-0.025893,0.031717,60,0.000540,0.001116,-0.000283,0.000346,60,0.000739,0.001378,-0.000454,0.000370,60,0.000260,0.000742,-0.000679,0.000281,60,1.322782,1.488868,1.176036,0.069735,60,-178.904787,-178.753387,-179.011627,0.052682,60,-0.248903,-0.107282,-0.359652,0.045470,60,7.342783,7.449536,7.186771,0.056569,60,179.323490,179.447754,179.190201,0.055367,60,0.119630,0.252980,0.001806,0.053847,60,0.000000,17.766667,22.000000,14.000000,1.986110,60,1608.433333,1730.000000,1446.000000,73.166485,60,1.776667,2.200000,1.400000,0.198611,60,160.853797,7.251578,60,60,60,60,60,60,60,60,60,60,60,60,60,60,60,60,60,60,60,60,60,60,60,60,60,60,60,60,60,60,12.8984,12.95,12.84,24.13,26,22,29.82,6881306
2026-10-03 21:06:00,22.849826,22.903791,22.796978,0.025544,60,14.511711,14.581521,14.462501,0.024364,60,18.929224,18.992905,18.860151,0.026114,60,87.518333,88.000000,87.100000,0.301685,60,28.040614,28.076218,28.004120,0.013262,60,28.218589,28.249786,28.193710,0.013602,60,28.007235,28.044174,27.988098,0.012575,60,27.400000,27.400000,27.400000,0.000000,60,27.315825,27.340103,27.299393,0.007290,60,27.447238,27.462448,27.428787,0.006368,60,27.305840,27.326553,27.288803,0.007827,60,1002.600000,1002.600000,1002.600000,0.000039,60,1002.600000,1002.600000,1002.600000,0.000039,60,25.180000,25.300000,25.100000,0.098806,60,0.069465,0.118678,-0.031327,0.031458,60,0.032073,0.082332,-0.073737,0.031155,60,0.046703,0.100251,-0.028770,0.029165,60,0.000510,0.001095,-0.000314,0.000318,60,0.000734,0.001254,-0.000331,0.000333,60,0.000343,0.000880,-0.000788,0.000333,60,1.328935,1.463447,1.189487,0.060566,60,-178.898414,-178.790039,-179.062302,0.060106,60,-0.243533,-0.120632,-0.333205,0.039673,60,7.346197,7.482535,7.237689,0.061289,60,179.306461,179.434402,179.164551,0.051688,60,0.136742,0.265091,0.042002,0.048170,60,0.000000,17.766667,21.000000,16.000000,1.280448,60,1687.516667,1734.000000,1643.000000,21.350578,60,1.776667,2.100000,1.600000,0.128045,60,168.751572,2.117045,60,60,60,60,60,60,60,60,60,60,60,60,60,60,60,60,60,60,60,60,60,60,60,60,60,60,60,60,60,60,12.8957,12.96,12.84,24.02,26,22,29.77,6881340
2026-10-03 21:07:00,22.847105,22.917524,22.796978,0.027121,60,14.496045,14.549478,14.415198,0.032018,60,18.931538,19.006638,18.875410,0.030933,60,87.180000,87.700000,87.100000,0.143562,60,28.025927,28.060196,28.004120,0.014701,60,28.206439,28.236435,28.180359,0.013476,60,27.995931,28.030823,27.974747,0.012240,60,27.400000,27.400000,27.400000,0.000000,60,27.300162,27.311295,27.284531,0.006675,60,27.436853,27.455093,27.417709,0.007719,60,27.291307,27.303635,27.274033,0.007019,60,1002.600000,1002.600000,1002.600000,0.000039,60,1002.600000,1002.600000,1002.600000,0.000039,60,25.116667,25.300000,25.100000,0.055744,60,0.068356,0.118907,-0.022867,0.031498,60,0.025842,0.063106,-0.066046,0.026572,60,0.048912,0.099144,-0.038064,0.029708,60,0.000534,0.001083,-0.000416,0.000324,60,0.000723,0.001257,-0.000242,0.000333,60,0.000276,0.000675,-0.000706,0.000284,60,1.323841,1.454917,1.212158,0.066066,60,-178.891152,-178.778183,-179.011398,0.055884,60,-0.251291,-0.186323,-0.333205,0.035498,60,7.343177,7.460264,7.208187,0.062204,60,179.306444,179.434647,179.163177,0.050531,60,0.121093,0.212436,-0.050697,0.046843,60,0.000000,14.800000,17.000000,12.000000,1.232333,60,1711.950000,1796.000000,1647.000000,32.662333,60,1.480000,1.700000,1.200000,0.123233,60,171.194961,3.238010,60,60,60,60,60,60,60,60,60,60,60,60,60,60,60,60,60,60,60,60,60,60,60,60,60,60,60,60,60,60,12.8974,12.95,12.84,24.06,27,22,29.73,6881374
2026-10-03 21:08:00,22.855192,22.917524,22.783245,0.022820,60,14.500369,14.563210,14.430457,0.029719,60,18.922662,18.974594,18.843367,0.026918,60,87.338333,87.400000,87.200000,0.073857,60,28.010618,28.033493,27.990768,0.011376,60,28.196470,28.223083,28.167007,0.012232,60,27.980888,28.014801,27.945374,0.014141,60,27.400000,27.400000,27.400000,0.000000,60,27.284281,27.305679,27.262955,0.008338,60,27.429801,27.447403,27.414688,0.008158,60,27.276056,27.293228,27.261459,0.008563,60,1002.600000,1002.600000,1002.600000,0.000039,60,1002.600000,1002.600000,1002.600000,0.000039,60,25.100000,25.100000,25.100000,0.000001,60,0.060406,0.110675,-0.043904,0.030921,60,0.017650,0.062201,-0.066272,0.027902,60,0.057322,0.103349,-0.024786,0.028647,60,0.000626,0.001129,-0.000271,0.000313,60,0.000638,0.001170,-0.000464,0.000327,60,0.000189,0.000665,-0.000708,0.000298,60,1.320788,1.467001,1.105909,0.067686,60,-178.892130,-178.779037,-179.009766,0.049788,60,-0.249723,-0.159808,-0.333088,0.039520,60,7.347209,7.472835,7.250569,0.056522,60,179.315253,179.407990,179.164551,0.050548,60,0.112078,0.212014,0.015158,0.038879,60,0.000000,14.000000,19.000000,10.000000,1.803950,60,1587.683333,1722.000000,1498.000000,53.563044,60,1.400000,1.900000,1.000000,0.180395,60,158.763218,5.308729,60,60,60,60,60,60,60,60,60,60,60,60,60,60,60,60,60,60,60,60,60,60,60,60,60,60,60,60,60,60,12.8933,12.94,12.84,24.05,26,23,29.75,6881407
2026-10-03 21:09:00,22.846189,22.902266,22.793926,0.025475,60,14.501488,14.581521,14.428931,0.029597,60,18.925333,18.989853,18.857100,0.026564,60,87.413333,87.700000,87.300000,0.108091,60,27.995219,28.033493,27.961395,0.014272,60,28.189260,28.223083,28.167007,0.012307,60,27.966825,27.988098,27.932022,0.014708,60,27.400000,27.400000,27.400000,0.000000,60,27.269331,27.286057,27.258560,0.006142,60,27.420052,27.436813,27.404434,0.006356,60,27.264296,27.285568,27.249710,0.007905,60,1002.615000,1002.700000,1002.600000,0.036009,60,1002.615000,1002.700000,1002.600000,0.036009,60,25.126667,25.300000,25.100000,0.068561,60,0.060585,0.109531,-0.042532,0.029832,60,0.013684,0.055189,-0.077356,0.029277,60,0.047794,0.105562,-0.036515,0.031826,60,0.000522,0.001153,-0.000399,0.000348,60,0.000640,0.001158,-0.000450,0.000315,60,0.000146,0.000590,-0.000827,0.000313,60,1.316067,1.452265,1.176788,0.064761,60,-178.899651,-178.795471,-179.035553,0.045025,60,-0.254714,-0.185996,-0.332621,0.034875,60,7.355238,7.483105,7.194261,0.066793,60,179.308635,179.433640,179.163574,0.060815,60,0.132642,0.226320,0.042102,0.049198,60,0.000000,16.316667,18.000000,13.000000,0.965361,60,1572.166667,1723.000000,1421.000000,74.145109,60,1.631667,1.800000,1.300000,0.096536,60,157.218293,7.349347,60,60,60,60,60,60,60,60,60,60,60,60,60,60,60,60,60,60,60,60,60,60,60,60,60,60,60,60,60,60,12.8935,12.95,12.84,23.97,26,22,29.74,6881441
2026-10-03 21:10:00,22.848529,22.902266,22.793926,0.026678,60,14.506014,14.563210,14.396887,0.024363,60,18.922332,18.989853,18.873884,0.024538,60,87.726667,87.900000,87.600000,0.057833,60,27.980933,28.004120,27.948044,0.012900,60,28.177466,28.193710,28.153656,0.009861,60,27.954364,27.988098,27.918671,0.012830,60,27.400000,27.400000,27.400000,0.000000,60,27.255560,27.274979,27.235428,0.007403,60,27.409035,27.427841,27.389328,0.008343,60,27.252002,27.267014,27.229660,0.007579,60,1002.688333,1002.700000,1002.600000,0.032373,60,1002.688333,1002.700000,1002.600000,0.032373,60,25.300000,25.300000,25.300000,0.000001,60,0.057376,0.104272,-0.046191,0.030928,60,0.007306,0.048630,-0.092736,0.026844,60,0.039278,0.095382,-0.045810,0.031216,60,0.000429,0.001042,-0.000500,0.000341,60,0.000606,0.001102,-0.000488,0.000327,60,0.000078,0.000520,-0.000991,0.000287,60,1.334716,1.492920,1.190246,0.062626,60,-178.888195,-178.791763,-179.064499,0.056213,60,-0.260058,-0.160111,-0.399499,0.041975,60,7.362106,7.472077,7.252416,0.052210,60,179.328158,179.447372,179.231445,0.052897,60,0.117538,0.252679,0.014876,0.051697,60,0.000000,13.983333,16.000000,12.000000,1.142279,60,1609.366667,1679.000000,1523.000000,37.227640,60,1.398333,1.600000,1.200000,0.114228,60,160.937969,3.690477,60,60,60,60,60,60,60,60,60,60,60,60,60,60,60,60,60,60,60,60,60,60,60,60,60,60,60,60,60,60,12.8943,12.95,12.84,24.12,26,23,29.68,6881475
2026-10-03 21:11:00,22.846901,22.899214,22.793926,0.024885,60,14.506015,14.563210,14.428931,0.027388,60,18.923781,18.988327,18.838789,0.029656,60,87.718333,88.300000,87.600000,0.152373,60,27.969362,28.017471,27.934692,0.014439,60,28.167987,28.193710,28.124283,0.014291,60,27.944706,27.974747,27.918671,0.014127,60,27.398333,27.400000,27.300000,0.012910,60,27.240748,27.259506,27.220871,0.008451,60,27.400256,27.415482,27.385788,0.005856,60,27.239686,27.257889,27.209366,0.008298,60,1002.700000,1002.700000,1002.700000,0.000041,60,1002.700000,1002.700000,1002.700000,0.000041,60,25.300000,25.300000,25.300000,0.000001,60,0.055204,0.099699,-0.030413,0.033166,60,0.008980,0.056546,-0.077356,0.025692,60,0.038640,0.083653,-0.049130,0.031742,60,0.000422,0.000913,-0.000536,0.000347,60,0.000584,0.001054,-0.000321,0.000351,60,0.000096,0.000604,-0.000827,0.000275,60,1.316337,1.454032,1.171913,0.069625,60,-178.890263,-178.751892,-179.036697,0.057705,60,-0.249124,-0.185996,-0.320147,0.037681,60,7.348264,7.483106,7.220160,0.064631,60,179.318291,179.406891,179.230545,0.044008,60,0.132143,0.226320,0.001806,0.043513,60,0.000000,12.866667,17.000000,10.000000,1.836233,60,1557.366667,1648.000000,1468.000000,42.989934,60,1.286667,1.700000,1.000000,0.183623,60,155.736044,4.261906,60,60,60,60,60,60,60,60,60,60,60,60,60,60,60,60,60,60,60,60,60,60,60,60,60,60,60,60,60,60,12.8941,12.94,12.84,24.09,26,22,29.66,6881509
2026-10-03 21:12:00,22.848427,22.899214,22.780193,0.030118,60,14.496732,14.547952,14.428931,0.029519,60,18.924366,18.956284,18.870832,0.021886,60,87.885000,88.300000,87.500000,0.224609,60,27.953518,27.990768,27.934692,0.014168,60,28.161177,28.193710,28.137634,0.013077,60,27.927839,27.958725,27.902649,0.012470,60,27.345000,27.400000,27.300000,0.050169,60,27.226989,27.245590,27.208389,0.006936,60,27.390627,27.403580,27.369980,0.007642,60,27.224710,27.240494,27.206833,0.008089,60,1002.700000,1002.700000,1002.700000,0.000041,60,1002.700000,1002.700000,1002.700000,0.000041,60,25.293333,25.300000,25.100000,0.036204,60,0.066363,0.123251,-0.031099,0.032581,60,0.011863,0.055642,-0.068308,0.025950,60,0.032547,0.088522,-0.071260,0.034482,60,0.000355,0.000967,-0.000778,0.000377,60,0.000701,0.001303,-0.000329,0.000344,60,0.000127,0.000595,-0.000730,0.000277,60,1.315044,1.491568,1.144348,0.066974,60,-178.893674,-178.712097,-178.996201,0.056307,60,-0.256208,-0.160111,-0.331688,0.034536,60,7.343815,7.488689,7.198236,0.064539,60,179.318259,179.434280,179.217026,0.053264,60,0.140940,0.253131,0.002078,0.055485,60,0.000000,15.666667,18.000000,12.000000,1.643340,60,1586.083333,1673.000000,1486.000000,32.451942,60,1.566667,1.800000,1.200000,0.164334,60,158.608988,3.216849,60,60,60,60,60,60,60,60,60,60,60,60,60,60,60,60,60,60,60,60,60,60,60,60,60,60,60,60,60,60,12.8924,12.95,12.84,24.04,26,22,29.70,6881543
2026-10-03 21:13:00,22.845197,22.899214,22.780193,0.028579,60,14.491747,14.544900,14.444190,0.024382,60,18.921416,18.971542,18.855574,0.026707,60,88.020000,88.100000,88.000000,0.040338,60,27.941057,27.961395,27.918671,0.012223,60,28.149428,28.180359,28.110931,0.013751,60,27.915066,27.945374,27.889297,0.013062,60,27.300000,27.300000,27.300000,0.000001,60,27.213425,27.227646,27.196152,0.007386,60,27.381809,27.401657,27.364639,0.008211,60,27.213129,27.230820,27.195541,0.008158,60,1002.700000,1002.700000,1002.700000,0.000041,60,1002.700000,1002.700000,1002.700000,0.000041,60,25.300000,25.300000,25.300000,0.000001,60,0.061565,0.118449,-0.036129,0.028312,60,0.005146,0.056094,-0.072606,0.026791,60,0.030079,0.090292,-0.069490,0.033437,60,0.000328,0.000986,-0.000759,0.000365,60,0.000651,0.001252,-0.000382,0.000299,60,0.000055,0.000600,-0.000776,0.000286,60,1.321537,1.454917,1.149134,0.064643,60,-178.891660,-178.778763,-179.009537,0.048455,60,-0.256102,-0.159506,-0.359160,0.040493,60,7.349092,7.498967,7.203052,0.068707,60,179.305267,179.434906,179.165726,0.057341,60,0.131191,0.252980,0.015252,0.049600,60,0.000000,15.000000,16.000000,12.000000,1.119927,60,1605.150000,1699.000000,1508.000000,43.533671,60,1.500000,1.600000,1.200000,0.111993,60,160.516187,4.315419,60,60,60,60,60,60,60,60,60,60,60,60,60,60,60,60,60,60,60,60,60,60,60,60,60,60,60,60,60,60,12.8953,12.95,12.84,24.08,26,22,29.65,6881576
2026-10-03 21:14:00,22.840009,22.897688,22.789349,0.025917,60,14.486712,14.544900,14.428931,0.026643,60,18.923756,19.002060,18.855574,0.029041,60,88.091667,88.300000,87.900000,0.097931,60,27.922498,27.948044,27.891968,0.012644,60,28.140839,28.167007,28.110931,0.012940,60,27.904963,27.932022,27.875946,0.012806,60,27.300000,27.300000,27.300000,0.000001,60,27.200819,27.219131,27.187088,0.007049,60,27.372288,27.389145,27.358047,0.007625,60,27.201759,27.216873,27.183884,0.007168,60,1002.700000,1002.700000,1002.700000,0.000041,60,1002.700000,1002.700000,1002.700000,0.000041,60,25.300000,25.300000,25.300000,0.000001,60,0.061001,0.101528,-0.024239,0.027634,60,0.006001,0.047047,-0.087082,0.027486,60,0.030525,0.070817,-0.069268,0.029139,60,0.000333,0.000773,-0.000756,0.000318,60,0.000645,0.001073,-0.000256,0.000292,60,0.000064,0.000503,-0.000931,0.000294,60,1.326721,1.500435,1.187216,0.066662,60,-178.890379,-178.738327,-179.078079,0.063759,60,-0.250664,-0.146841,-0.332621,0.044561,60,7.341678,7.512031,7.192275,0.063601,60,179.309523,179.407990,179.164551,0.061333,60,0.134524,0.253131,-0.024101,0.056365,60,0.000000,14.333333,18.000000,12.000000,1.612101,60,1601.700000,1717.000000,1516.000000,49.649722,60,1.433333,1.800000,1.200000,0.161210,60,160.167975,4.922001,60,60,60,60,60,60,60,60,60,60,60,60,60,60,60,60,60,60,60,60,60,60,60,60,60,60,60,60,60,60,12.8932,12.94,12.84,24.14,26,23,29.63,6881610
2026-10-03 21:15:00,22.839781,22.883955,22.778667,0.023405,60,14.498538,14.561685,14.425879,0.032615,60,18.915566,18.970016,18.852522,0.026883,60,88.108333,88.300000,88.000000,0.113931,60,27.913108,27.948044,27.891968,0.013618,60,28.131804,28.167007,28.110931,0.010675,60,27.891478,27.932022,27.862595,0.011937,60,27.300000,27.300000,27.300000,0.000001,60,27.186097,27.203781,27.166519,0.008322,60,27.363679,27.377548,27.349472,0.006003,60,27.189540,27.205338,27.175278,0.007088,60,1002.700000,1002.700000,1002.700000,0.000041,60,1002.700000,1002.700000,1002.700000,0.000041,60,25.176667,25.300000,25.100000,0.098060,60,0.064480,0.112961,-0.026068,0.029020,60,0.005330,0.058130,-0.086403,0.027946,60,0.023573,0.084538,-0.053556,0.029338,60,0.000257,0.000923,-0.000585,0.000320,60,0.000682,0.001194,-0.000276,0.000307,60,0.000057,0.000621,-0.000924,0.000299,60,1.314825,1.467002,1.148396,0.067485,60,-178.890385,-178.713333,-179.037354,0.056839,60,-0.259996,-0.159657,-0.358423,0.044433,60,7.346319,7.472836,7.204204,0.061741,60,179.321948,179.448135,179.220856,0.048808,60,0.124724,0.225600,0.042002,0.041319,60,0.000000,15.716667,18.000000,14.000000,0.958312,60,1606.500000,1659.000000,1537.000000,26.838184,60,1.571667,1.800000,1.400000,0.095831,60,160.650296,2.661086,60,60,60,60,60,60,60,60,60,60,60,60,60,60,60,60,60,60,60,60,60,60,60,60,60,60,60,60,60,60,12.8938,12.94,12.83,24.16,26,22,29.55,6881644
2026-10-03 21:16:00,22.836271,22.897688,22.775616,0.029762,60,14.491417,14.544900,14.428931,0.027078,60,18.914371,18.966965,18.852522,0.026905,60,88.050000,88.100000,88.000000,0.050422,60,27.897041,27.918671,27.862595,0.011683,60,28.123037,28.153656,28.097580,0.011419,60,27.880753,27.902649,27.846573,0.012279,60,27.300000,27.300000,27.300000,0.000001,60,27.173706,27.194626,27.154007,0.007544,60,27.353197,27.376480,27.336136,0.007838,60,27.176597,27.194321,27.158798,0.007120,60,1002.700000,1002.700000,1002.700000,0.000041,60,1002.700000,1002.700000,1002.700000,0.000041,60,25.106667,25.300000,25.100000,0.036204,60,0.065646,0.123709,-0.036815,0.032863,60,0.009956,0.056999,-0.075998,0.028065,60,0.029481,0.073031,-0.062187,0.031001,60,0.000322,0.000797,-0.000679,0.000339,60,0.000694,0.001308,-0.000389,0.000347,60,0.000106,0.000609,-0.000812,0.000300,60,1.313773,1.453590,1.171166,0.061935,60,-178.898877,-178.755142,-178.996658,0.057274,60,-0.248694,-0.146623,-0.332620,0.045833,60,7.349651,7.509268,7.135494,0.061065,60,179.301197,179.407700,179.163574,0.057647,60,0.121826,0.266628,0.001715,0.055141,60,0.000000,16.350000,18.000000,14.000000,1.299609,60,1590.333333,1669.000000,1483.000000,46.231058,60,1.635000,1.800000,1.400000,0.129961,60,159.036606,4.582893,60,60,60,60,60,60,60,60,60,60,60,60,60,60,60,60,60,60,60,60,60,60,60,60,60,60,60,60,60,60,12.8912,12.94,12.84,24.05,27,22,29.62,6881678
2026-10-03 21:17:00,22.837263,22.879377,22.774090,0.022685,60,14.498843,14.561685,14.410621,0.027221,60,18.913481,18.951706,18.869307,0.019912,60,88.281667,88.400000,88.100000,0.099986,60,27.888318,27.918671,27.862595,0.014375,60,28.117340,28.137634,28.081558,0.012293,60,27.866289,27.889297,27.833221,0.011115,60,27.300000,27.300000,27.300000,0.000001,60,27.162868,27.181076,27.146805,0.007912,60,27.344626,27.359909,27.330917,0.007133,60,27.164470,27.183182,27.149796,0.007165,60,1002.700000,1002.700000,1002.700000,0.000041,60,1002.700000,1002.700000,1002.700000,0.000041,60,25.120000,25.300000,25.100000,0.060506,60,0.067118,0.110217,-0.026983,0.032018,60,-0.004867,0.052927,-0.091605,0.027520,60,0.004765,0.072588,-0.103128,0.033721,60,0.000052,0.000793,-0.001126,0.000368,60,0.000709,0.001165,-0.000285,0.000338,60,-0.000052,0.000566,-0.000979,0.000294,60,1.331564,1.504962,1.186460,0.070844,60,-178.892804,-178.777588,-178.995499,0.049197,60,-0.249035,-0.185915,-0.372682,0.039248,60,7.350740,7.478995,7.195086,0.061827,60,179.320356,179.475677,179.217575,0.054589,60,0.122362,0.213564,0.040501,0.041918,60,0.000000,18.383333,21.000000,17.000000,0.958312,60,1612.883333,1650.000000,1551.000000,25.618513,60,1.838333,2.100000,1.700000,0.095831,60,161.288685,2.540153,60,60,60,60,60,60,60,60,60,60,60,60,60,60,60,60,60,60,60,60,60,60,60,60,60,60,60,60,60,60,12.8924,12.95,12.84,24.02,26,22,29.54,6881711
2026-10-03 21:18:00,22.832329,22.879377,22.774090,0.027611,60,14.494036,14.561685,14.425879,0.027967,60,18.917677,18.983749,18.837263,0.029854,60,88.395000,88.500000,87.800000,0.152299,60,27.870872,27.891968,27.835892,0.014747,60,28.106748,28.137634,28.081558,0.013760,60,27.855073,27.875946,27.819870,0.014262,60,27.300000,27.300000,27.300000,0.000001,60,27.150741,27.173416,27.136734,0.007110,60,27.334000,27.352280,27.313950,0.007286,60,27.157684,27.176102,27.143967,0.006802,60,1002.700000,1002.700000,1002.700000,0.000041,60,1002.700000,1002.700000,1002.700000,0.000041,60,25.190000,25.300000,25.100000,0.100338,60,0.064282,0.110675,-0.026068,0.030339,60,-0.020602,0.023523,-0.098165,0.026196,60,0.005850,0.051343,-0.096931,0.034012,60,0.000064,0.000561,-0.001058,0.000371,60,0.000679,0.001170,-0.000276,0.000321,60,-0.000220,0.000251,-0.001049,0.000280,60,1.317274,1.468338,1.188729,0.066124,60,-178.885975,-178.751892,-179.036911,0.057509,60,-0.248241,-0.120964,-0.359776,0.046358,60,7.354539,7.478995,7.214170,0.055243,60,179.305799,179.406891,179.110199,0.058565,60,0.136078,0.265398,0.054155,0.045081,60,0.000000,18.516667,21.000000,16.000000,1.321166,60,1573.800000,1645.000000,1484.000000,43.952517,60,1.851667,2.100000,1.600000,0.132117,60,157.380733,4.357840,60,60,60,60,60,60,60,60,60,60,60,60,60,60,60,60,60,60,60,60,60,60,60,60,60,60,60,60,60,60,12.8910,12.95,12.83,24.07,26,23,29.50,6881745
2026-10-03 21:19:00,22.828921,22.894636,22.774090,0.026734,60,14.486025,14.561685,14.425879,0.028123,60,18.913557,18.965439,18.852522,0.023829,60,88.505000,88.700000,88.000000,0.153408,60,27.862684,27.878616,27.835892,0.012102,60,28.095889,28.124283,28.068207,0.012979,60,27.842701,27.875946,27.819870,0.014859,60,27.300000,27.300000,27.300000,0.000001,60,27.140856,27.156509,27.126419,0.006925,60,27.325631,27.338791,27.299179,0.007844,60,27.143665,27.157547,27.129990,0.006965,60,1002.700000,1002.700000,1002.700000,0.000041,60,1002.700000,1002.700000,1002.700000,0.000041,60,25.250000,25.300000,25.100000,0.087333,60,0.056820,0.107931,-0.039331,0.031809,60,-0.019067,0.032571,-0.121914,0.029206,60,0.010084,0.072367,-0.088743,0.028650,60,0.000110,0.000790,-0.000969,0.000313,60,0.000601,0.001141,-0.000416,0.000336,60,-0.000204,0.000348,-0.001303,0.000312,60,1.327392,1.492920,1.212158,0.068241,60,-178.884967,-178.778763,-178.995499,0.047602,60,-0.259272,-0.159657,-0.333205,0.044766,60,7.343873,7.492798,7.194261,0.063604,60,179.312985,179.434906,179.192657,0.058876,60,0.124410,0.226753,0.015440,0.044445,60,0.000000,15.516667,20.000000,12.000000,1.741728,60,1591.516667,1654.000000,1533.000000,32.602117,60,1.551667,2.000000,1.200000,0.174173,60,159.151627,3.232591,60,60,60,60,60,60,60,60,60,60,60,60,60,60,60,60,60,60,60,60,60,60,60,60,60,60,60,60,60,60,12.8927,12.95,12.84,24.15,26,23,29.50,6881779
2026-10-03 21:20:00,22.829888,22.893110,22.771038,0.025450,60,14.491315,14.558633,14.425879,0.027442,60,18.914498,18.965439,18.866255,0.024944,60,88.400000,88.600000,87.900000,0.247701,60,27.851958,27.878616,27.819870,0.012048,60,28.083027,28.124283,28.054855,0.013664,60,27.834646,27.862595,27.806519,0.011916,60,27.300000,27.300000,27.300000,0.000001,60,27.129940,27.148758,27.112198,0.008043,60,27.316309,27.328140,27.301224,0.007118,60,27.134667,27.148087,27.115280,0.006534,60,1002.700000,1002.700000,1002.700000,0.000041,60,1002.700000,1002.700000,1002.700000,0.000041,60,25.230000,25.300000,25.100000,0.096199,60,0.063535,0.110675,-0.032471,0.032093,60,-0.013443,0.028273,-0.088212,0.025667,60,0.014352,0.069932,-0.081219,0.029469,60,0.000157,0.000764,-0.000887,0.000322,60,0.000672,0.001170,-0.000343,0.000339,60,-0.000144,0.000302,-0.000943,0.000274,60,1.332422,1.468338,1.110579,0.074585,60,-178.881734,-178.778183,-178.969040,0.049820,60,-0.244069,-0.120234,-0.358791,0.045775,60,7.341005,7.465917,7.190759,0.056496,60,179.307310,179.446884,179.164551,0.059361,60,0.137432,0.226753,0.015252,0.051248,60,0.000000,18.250000,20.000000,16.000000,1.098921,60,1616.700000,1670.000000,1512.000000,34.579949,60,1.825000,2.000000,1.600000,0.109892,60,161.671912,3.427903,60,60,60,60,60,60,60,60,60,60,60,60,60,60,60,60,60,60,60,60,60,60,60,60,60,60,60,60,60,60,12.8916,12.95,12.84,24.15,26,23,29.44,6881813
2026-10-03 21:21:00,22.831108,22.876326,22.771038,0.026957,60,14.487144,14.561685,14.442664,0.027221,60,18.907225,18.965439,18.850996,0.025084,60,88.236667,88.600000,88.000000,0.220912,60,27.839630,27.862595,27.819870,0.010126,60,28.075372,28.110931,28.054855,0.012433,60,27.824142,27.862595,27.806519,0.012055,60,27.300000,27.300000,27.300000,0.000001,60,27.117336,27.137009,27.102921,0.007970,60,27.307193,27.320389,27.292953,0.006185,60,27.122663,27.141708,27.107559,0.007704,60,1002.700000,1002.700000,1002.700000,0.000041,60,1002.700000,1002.700000,1002.700000,0.000041,60,25.160000,25.300000,25.100000,0.092425,60,0.066271,0.116849,-0.022638,0.031306,60,-0.010020,0.031440,-0.092736,0.025397,60,0.008328,0.068383,-0.071924,0.030067,60,0.000091,0.000747,-0.000785,0.000328,60,0.000700,0.001235,-0.000239,0.000331,60,-0.000107,0.000336,-0.000991,0.000271,60,1.316831,1.470570,1.108061,0.066487,60,-178.891900,-178.754272,-178.997849,0.053299,60,-0.253823,-0.146623,-0.360022,0.050205,60,7.333894,7.466683,7.129567,0.068075,60,179.308657,179.379898,179.190201,0.045134,60,0.136363,0.265398,0.014689,0.051553,60,0.000000,16.033333,18.000000,13.000000,1.327246,60,1594.916667,1637.000000,1524.000000,30.001295,60,1.603333,1.800000,1.300000,0.132725,60,159.492409,2.974641,60,60,60,60,60,60,60,60,60,60,60,60,60,60,60,60,60,60,60,60,60,60,60,60,60,60,60,60,60,60,12.8913,12.94,12.84,24.12,27,22,29.50,6881847
2026-10-03 21:22:00,22.826938,22.893110,22.783245,0.022493,60,14.489281,14.543374,14.442664,0.028555,60,18.912031,18.965439,18.850996,0.026064,60,88.070000,88.700000,87.900000,0.139369,60,27.828459,27.849243,27.806519,0.014301,60,28.068518,28.097580,28.041504,0.011351,60,27.811637,27.833221,27.790497,0.012362,60,27.300000,27.300000,27.300000,0.000001,60,27.105782,27.121353,27.089584,0.006318,60,27.297272,27.312057,27.274551,0.007405,60,27.113171,27.127853,27.099625,0.007442,60,1002.700000,1002.700000,1002.700000,0.000041,60,1002.700000,1002.700000,1002.700000,0.000041,60,25.106667,25.300000,25.100000,0.036204,60,0.070330,0.130111,-0.020809,0.029998,60,-0.006861,0.030083,-0.109474,0.026588,60,0.021762,0.078563,-0.083432,0.035040,60,0.000238,0.000858,-0.000911,0.000383,60,0.000743,0.001375,-0.000220,0.000317,60,-0.000073,0.000322,-0.001170,0.000284,60,1.307733,1.429384,1.081170,0.070432,60,-178.889074,-178.710281,-179.010925,0.057121,60,-0.250970,-0.120632,-0.359406,0.048890,60,7.340505,7.453626,7.161723,0.063120,60,179.301845,179.407028,179.122650,0.053615,60,0.122151,0.226609,0.041000,0.043747,60,0.000000,15.700000,18.000000,12.000000,1.690452,60,1603.300000,1701.000000,1513.000000,38.183899,60,1.570000,1.800000,1.200000,0.169045,60,160.329054,3.785068,60,60,60,60,60,60,60,60,60,60,60,60,60,60,60,60,60,60,60,60,60,60,60,60,60,60,60,60,60,60,12.8915,12.94,12.84,24.12,26,23,29.38,6881882
2026-10-03 21:23:00,22.828514,22.874800,22.769512,0.026194,60,14.480761,14.543374,14.424354,0.030386,60,18.910709,18.965439,18.815901,0.031105,60,88.101667,88.200000,88.000000,0.056723,60,27.814885,27.835892,27.793167,0.011936,60,28.057971,28.081558,28.041504,0.011626,60,27.801890,27.833221,27.777145,0.012885,60,27.300000,27.300000,27.300000,0.000001,60,27.094062,27.108017,27.080551,0.007507,60,27.287808,27.308121,27.272964,0.008255,60,27.101253,27.119125,27.081528,0.007727,60,1002.700000,1002.700000,1002.700000,0.000041,60,1002.700000,1002.700000,1002.700000,0.000041,60,25.100000,25.100000,25.100000,0.000001,60,0.069355,0.109303,-0.006631,0.025900,60,-0.003280,0.032571,-0.090700,0.029875,60,0.026383,0.086309,-0.063514,0.029813,60,0.000288,0.000942,-0.000694,0.000326,60,0.000733,0.001155,-0.000070,0.000274,60,-0.000035,0.000348,-0.000970,0.000319,60,1.313245,1.467447,1.187594,0.066576,60,-178.898999,-178.779037,-179.010239,0.056079,60,-0.247639,-0.146768,-0.333088,0.041593,60,7.341548,7.462588,7.155018,0.061299,60,179.296638,179.407440,179.217957,0.054361,60,0.121446,0.225600,-0.023932,0.046878,60,0.000000,16.766667,19.000000,14.000000,1.280448,60,1594.966667,1664.000000,1542.000000,27.182351,60,1.676667,1.900000,1.400000,0.128045,60,159.496310,2.695117,60,60,60,60,60,60,60,60,60,60,60,60,60,60,60,60,60,60,60,60,60,60,60,60,60,60,60,60,60,60,12.8886,12.94,12.84,24.05,26,23,29.40,6881916
2026-10-03 21:24:00,22.817833,22.861067,22.752728,0.025378,60,14.487806,14.558633,14.407569,0.030787,60,18.905521,18.997482,18.847944,0.027964,60,88.256667,88.500000,88.100000,0.096316,60,27.803893,27.835892,27.779816,0.011334,60,28.048002,28.068207,28.012131,0.013592,60,27.788361,27.806519,27.763794,0.011756,60,27.300000,27.300000,27.300000,0.000001,60,27.080536,27.097153,27.064072,0.006983,60,27.276295,27.292160,27.256943,0.007526,60,27.089970,27.107162,27.070663,0.007089,60,1002.700000,1002.700000,1002.700000,0.000041,60,1002.700000,1002.700000,1002.700000,0.000041,60,25.103333,25.300000,25.100000,0.025820,60,0.065951,0.109303,-0.026068,0.028911,60,0.000094,0.053606,-0.076225,0.028915,60,0.029931,0.087194,-0.077014,0.033346,60,0.000327,0.000952,-0.000841,0.000364,60,0.000697,0.001155,-0.000276,0.000306,60,0.000001,0.000573,-0.000815,0.000309,60,1.331265,1.491568,1.212541,0.066803,60,-178.885166,-178.740433,-179.035110,0.061102,60,-0.253746,-0.159506,-0.359406,0.044262,60,7.348353,7.498967,7.200224,0.058856,60,179.309589,179.434402,179.124725,0.057649,60,0.121115,0.212718,0.041000,0.042096,60,0.000000,13.266667,16.000000,11.000000,1.505545,60,1639.116667,1697.000000,1536.000000,33.071618,60,1.326667,1.600000,1.100000,0.150555,60,163.913244,3.278221,60,60,60,60,60,60,60,60,60,60,60,60,60,60,60,60,60,60,60,60,60,60,60,60,60,60,60,60,60,60,12.8917,12.95,12.84,24.10,26,22,29.37,6881950
2026-10-03 21:25:00,22.819359,22.890059,22.738995,0.030297,60,14.479082,14.543374,14.424354,0.030273,60,18.901961,18.962387,18.847944,0.024521,60,88.480000,88.900000,88.200000,0.286297,60,27.792455,27.819870,27.763794,0.011220,60,28.037498,28.068207,28.012131,0.014185,60,27.778035,27.806519,27.731743,0.014051,60,27.258333,27.300000,27.200000,0.049717,60,27.067161,27.083694,27.051651,0.007249,60,27.265922,27.278610,27.252518,0.005364,60,27.075248,27.091751,27.059982,0.007415,60,1002.700000,1002.700000,1002.700000,0.000041,60,1002.700000,1002.700000,1002.700000,0.000041,60,25.180000,25.300000,25.100000,0.098806,60,0.072457,0.113647,-0.021952,0.031368,60,0.010454,0.055868,-0.094772,0.029158,60,0.030558,0.087858,-0.055105,0.031329,60,0.000334,0.000959,-0.000602,0.000342,60,0.000766,0.001201,-0.000232,0.000332,60,0.000112,0.000597,-0.001013,0.000312,60,1.324419,1.488868,1.186460,0.066709,60,-178.893556,-178.779633,-179.011627,0.052491,60,-0.250634,-0.186160,-0.333088,0.038274,60,7.352338,7.472076,7.208188,0.062996,60,179.312086,179.434280,179.165131,0.049716,60,0.136483,0.227476,0.041300,0.049767,60,0.000000,14.233333,16.000000,13.000000,0.830900,60,1704.983333,1771.000000,1586.000000,37.468853,60,1.423333,1.600000,1.300000,0.083090,60,170.499809,3.714081,60,60,60,60,60,60,60,60,60,60,60,60,60,60,60,60,60,60,60,60,60,60,60,60,60,60,60,60,60,60,12.8909,12.94,12.84,24.03,26,22,29.37,6881984
2026-10-03 21:26:00,22.813229,22.890059,22.737469,0.028413,60,14.476844,14.540322,14.424354,0.026994,60,18.903563,18.980698,18.815901,0.028267,60,88.873333,89.000000,88.300000,0.117699,60,27.779860,27.806519,27.747765,0.014229,60,28.021477,28.054855,27.998779,0.012462,60,27.766552,27.790497,27.731743,0.012420,60,27.203333,27.300000,27.200000,0.018102,60,27.051810,27.066513,27.034378,0.007670,60,27.255206,27.272018,27.237595,0.008825,60,27.063045,27.080124,27.043900,0.007975,60,1002.696667,1002.700000,1002.600000,0.018102,60,1002.696667,1002.700000,1002.600000,0.018102,60,25.293333,25.300000,25.100000,0.036204,60,0.073711,0.116620,-0.037044,0.032372,60,0.019128,0.073510,-0.081879,0.030101,60,0.038389,0.100694,-0.069932,0.033601,60,0.000419,0.001100,-0.000764,0.000367,60,0.000779,0.001233,-0.000392,0.000342,60,0.000204,0.000786,-0.000875,0.000322,60,1.336636,1.467447,1.212158,0.065347,60,-178.904669,-178.793198,-179.038040,0.048702,60,-0.252349,-0.146986,-0.333439,0.044297,60,7.362452,7.524413,7.252570,0.069596,60,179.295310,179.381180,179.191513,0.046361,60,0.120420,0.265398,0.041600,0.051305,60,0.000000,12.900000,15.000000,9.000000,1.653963,60,1828.566667,2004.000000,1739.000000,74.170524,60,1.290000,1.500000,0.900000,0.165396,60,182.843210,7.351534,60,60,60,60,60,60,60,60,60,60,60,60,60,60,60,60,60,60,60,60,60,60,60,60,60,60,60,60,60,60,12.8913,12.95,12.84,24.04,26,22,29.34,6882017
2026-10-03 21:27:00,22.820121,22.871748,22.766460,0.023791,60,14.482312,14.557107,14.424354,0.026610,60,18.903410,18.979172,18.847944,0.028043,60,88.990000,89.300000,88.500000,0.261482,60,27.764460,27.793167,27.747765,0.012339,60,28.020186,28.041504,27.998779,0.011021,60,27.751907,27.777145,27.731743,0.014163,60,27.233333,27.300000,27.200000,0.047538,60,27.035290,27.052322,27.020065,0.008585,60,27.245708,27.262985,27.225021,0.008646,60,27.046169,27.069077,27.029312,0.007898,60,1002.693333,1002.700000,1002.600000,0.025155,60,1002.693333,1002.700000,1002.600000,0.025155,60,25.330000,25.500000,25.300000,0.072017,60,0.101223,0.155951,-0.002515,0.034439,60,0.060177,0.111736,-0.022392,0.031733,60,0.096644,0.151372,-0.000221,0.032614,60,0.001055,0.001653,-0.000002,0.000356,60,0.001070,0.001648,-0.000027,0.000364,60,0.000643,0.001194,-0.000239,0.000339,60,1.321796,1.428948,1.189487,0.050094,60,-178.893444,-178.687485,-179.009766,0.056333,60,-0.259697,-0.185751,-0.333439,0.038449,60,7.349921,7.512031,7.208188,0.057084,60,179.308602,179.435425,179.163574,0.057253,60,0.135804,0.225169,0.053846,0.036368,60,0.000000,7.983333,11.000000,4.000000,1.610260,60,2076.266667,2300.000000,1792.000000,124.029366,60,0.798333,1.100000,0.400000,0.161026,60,207.661478,12.279426,60,60,60,60,60,60,60,60,60,60,60,60,60,60,60,60,60,60,60,60,60,60,60,60,60,60,60,60,60,60,12.8879,12.94,12.84,24.04,26,23,29.26,6882051
2026-10-03 21:28:00,22.817121,22.870222,22.751202,0.026934,60,14.477048,14.557107,14.421302,0.029566,60,18.903995,18.979172,18.846418,0.028077,60,89.236667,89.300000,88.800000,0.095610,60,27.745318,27.779816,27.705040,0.014844,60,28.007725,28.041504,27.985428,0.010181,60,27.736461,27.763794,27.718391,0.015174,60,27.203333,27.300000,27.200000,0.018102,60,27.012261,27.031754,26.990128,0.009680,60,27.229113,27.244583,27.208328,0.008827,60,27.028459,27.055313,27.001511,0.009640,60,1002.671667,1002.700000,1002.600000,0.045442,60,1002.671667,1002.700000,1002.600000,0.045442,60,25.400000,25.500000,25.300000,0.100844,60,0.118141,0.169214,0.037044,0.029042,60,0.076522,0.121009,-0.008595,0.028319,60,0.111423,0.160225,0.025229,0.031142,60,0.001217,0.001750,0.000275,0.000340,60,0.001249,0.001789,0.000392,0.000307,60,0.000818,0.001294,-0.000092,0.000303,60,1.331524,1.464779,1.176036,0.067158,60,-178.899696,-178.780487,-179.009537,0.047586,60,-0.250784,-0.146261,-0.332504,0.041043,60,7.348121,7.497629,7.161723,0.068023,60,179.307002,179.380753,179.190567,0.044135,60,0.125005,0.225888,0.002260,0.050983,60,0.000000,7.450000,9.000000,5.000000,0.909926,60,2043.916667,2231.000000,1918.000000,68.214838,60,0.745000,0.900000,0.500000,0.090993,60,204.386477,6.758693,60,60,60,60,60,60,60,60,60,60,60,60,60,60,60,60,60,60,60,60,60,60,60,60,60,60,60,60,60,60,12.8908,12.94,12.84,24.03,26,22,29.32,6882085
2026-10-03 21:29:00,22.811119,22.867170,22.748150,0.023000,60,14.473157,14.540322,14.406042,0.027951,60,18.894814,18.928816,18.843367,0.021502,60,89.131667,89.200000,89.000000,0.067627,60,27.728405,27.763794,27.705040,0.013398,60,27.993884,28.012131,27.956055,0.011729,60,27.717946,27.731743,27.689018,0.012670,60,27.200000,27.200000,27.200000,0.000000,60,26.994334,27.010635,26.971115,0.007340,60,27.212911,27.228317,27.195816,0.007777,60,27.005682,27.025497,26.986069,0.008059,60,1002.616667,1002.700000,1002.600000,0.037582,60,1002.616667,1002.700000,1002.600000,0.037582,60,25.300000,25.300000,25.300000,0.000001,60,0.116277,0.165784,0.020123,0.033684,60,0.060591,0.109700,-0.032118,0.028527,60,0.091845,0.136988,-0.014385,0.030085,60,0.001003,0.001496,-0.000157,0.000329,60,0.001229,0.001752,0.000213,0.000356,60,0.000648,0.001173,-0.000343,0.000305,60,1.337759,1.504962,1.238207,0.061760,60,-178.898814,-178.779922,-179.036911,0.045090,60,-0.254286,-0.159280,-0.333439,0.043188,60,7.347947,7.474887,7.230392,0.056947,60,179.306432,179.380463,179.217957,0.041872,60,0.137478,0.264938,0.015252,0.057713,60,0.000000,11.016667,14.000000,7.000000,1.489985,60,1987.466667,2092.000000,1818.000000,66.362504,60,1.101667,1.400000,0.700000,0.148999,60,198.755236,6.575354,60,60,60,60,60,60,60,60,60,60,60,60,60,60,60,60,60,60,60,60,60,60,60,60,60,60,60,60,60,60,12.8890,12.94,12.84,24.10,26,22,29.28,6882119
2026-10-03 21:30:00,22.815035,22.867170,22.748150,0.025276,60,14.479083,14.538796,14.421302,0.029998,60,18.892729,18.944077,18.828108,0.028077,60,89.044068,89.100000,88.500000,0.087634,59,27.709090,27.734413,27.678337,0.014388,60,27.978218,28.012131,27.956055,0.012264,60,27.701213,27.731743,27.675667,0.012106,60,27.200000,27.200000,27.200000,0.000000,59,26.972929,26.994553,26.953262,0.008821,60,27.199858,27.217484,27.179886,0.008572,60,26.988484,27.008682,26.973251,0.008542,60,1002.603390,1002.700000,1002.600000,0.018252,59,1002.603390,1002.700000,1002.600000,0.018252,59,25.300000,25.300000,25.300000,0.000001,59,0.114497,0.174016,0.002515,0.033605,60,0.058488,0.107664,-0.029630,0.028496,60,0.094744,0.141635,0.010844,0.030265,60,0.001035,0.001547,0.000118,0.000330,60,0.001210,0.001839,0.000027,0.000355,60,0.000625,0.001151,-0.000317,0.000305,60,1.325995,1.467447,1.145450,0.066251,60,-178.891834,-178.780487,-179.035782,0.055423,60,-0.266157,-0.147204,-0.359406,0.039292,60,7.356883,7.509268,7.226162,0.061557,60,179.300517,179.408386,179.216660,0.048784,60,0.128412,0.253131,0.054361,0.045432,60,0.000000,8.666667,12.000000,7.000000,1.398142,60,1936.550000,2034.000000,1813.000000,47.419307,60,0.866667,1.200000,0.700000,0.139814,60,193.655917,4.700216,60,60,60,60,60,60,60,60,60,60,60,60,60,60,60,60,60,60,60,60,60,60,59,59,59,59,59,59,60,60,12.8893,12.95,12.84,24.11,26,23,29.25,6882153
2026-10-03 21:31:00,22.798657,22.853437,22.734417,0.025256,60,14.476412,14.538796,14.406042,0.028356,60,18.898680,18.957809,18.843367,0.025508,60,89.096667,89.200000,88.600000,0.183161,60,27.689641,27.721062,27.662315,0.013628,60,27.965267,27.985428,27.942703,0.013067,60,27.680562,27.705040,27.648964,0.012670,60,27.200000,27.200000,27.200000,0.000000,60,26.953228,26.971756,26.922775,0.009976,60,27.184333,27.202225,27.154251,0.008391,60,26.967625,26.992722,26.953018,0.009112,60,1002.605000,1002.700000,1002.600000,0.021978,60,1002.605000,1002.700000,1002.600000,0.021978,60,25.300000,25.300000,25.300000,0.000001,60,0.121186,0.160296,0.025382,0.030597,60,0.063875,0.112188,-0.027368,0.028607,60,0.086124,0.130570,-0.005754,0.033134,60,0.000940,0.001426,-0.000063,0.000362,60,0.001281,0.001694,0.000268,0.000323,60,0.000683,0.001199,-0.000293,0.000306,60,1.336136,1.453590,1.112745,0.072939,60,-178.908968,-178.776733,-179.009766,0.043902,60,-0.252129,-0.159657,-0.332854,0.044155,60,7.343834,7.518217,7.189583,0.070657,60,179.302732,179.447372,179.191147,0.055082,60,0.142606,0.253433,0.015628,0.045789,60,0.000000,10.450000,14.000000,6.000000,2.102662,60,1912.700000,2025.000000,1773.000000,56.023391,60,1.045000,1.400000,0.600000,0.210266,60,191.275987,5.552160,60,60,60,60,60,60,60,60,60,60,60,60,60,60,60,60,60,60,60,60,60,60,60,60,60,60,60,60,60,60,12.8859,12.94,12.83,23.98,27,22,29.27,6882186
2026-10-03 21:32:00,22.814298,22.867170,22.761883,0.028392,60,14.470156,14.522011,14.406042,0.026019,60,18.897256,18.974594,18.825056,0.028215,60,88.668333,89.100000,88.400000,0.267120,60,27.671172,27.705040,27.648964,0.013549,60,27.952895,27.985428,27.926682,0.014177,60,27.662938,27.689018,27.632942,0.012255,60,27.190000,27.200000,27.100000,0.030253,60,26.937017,26.952377,26.915817,0.007909,60,27.168678,27.186630,27.147202,0.007922,60,26.949443,26.969589,26.931656,0.007693,60,1002.600000,1002.600000,1002.600000,0.000039,60,1002.600000,1002.600000,1002.600000,0.000039,60,25.240000,25.300000,25.000000,0.102841,60,0.096044,0.157552,0.004573,0.035871,60,0.015550,0.077582,-0.077582,0.033605,60,0.018844,0.075465,-0.090735,0.032505,60,0.000206,0.000824,-0.000991,0.000355,60,0.001015,0.001665,0.000048,0.000379,60,0.000166,0.000829,-0.000829,0.000359,60,1.336225,1.558537,1.176788,0.080235,60,-178.897249,-178.780487,-179.009064,0.048960,60,-0.259112,-0.146623,-0.372303,0.047707,60,7.364792,7.507912,7.191108,0.073514,60,179.323439,179.488556,179.217575,0.052052,60,0.134142,0.251928,0.015252,0.045379,60,0.000000,15.700000,18.000000,14.000000,1.013469,60,1879.233333,1931.000000,1796.000000,35.094240,60,1.570000,1.800000,1.400000,0.101347,60,187.924496,3.479489,60,60,60,60,60,60,60,60,60,60,60,60,60,60,60,60,60,60,60,60,60,60,60,60,60,60,60,60,60,60,12.8864,12.95,12.83,24.04,26,22,29.21,6882220
2026-10-03 21:33:00,22.813306,22.865644,22.760357,0.025444,60,14.473360,14.522011,14.387732,0.027879,60,18.893136,18.939499,18.825056,0.028463,60,88.866667,88.900000,88.400000,0.125774,60,27.650210,27.678337,27.622261,0.012167,60,27.934336,27.956055,27.913330,0.013095,60,27.648029,27.675667,27.619591,0.012838,60,27.106667,27.200000,27.100000,0.025155,60,26.923978,26.942307,26.898270,0.008574,60,27.157333,27.180496,27.137497,0.008264,60,26.939321,26.955917,26.925888,0.006725,60,1002.600000,1002.600000,1002.600000,0.000039,60,1002.600000,1002.600000,1002.600000,0.000039,60,25.105000,25.300000,25.000000,0.050169,60,0.073135,0.112275,-0.017379,0.030941,60,-0.006047,0.057225,-0.097938,0.032557,60,0.022009,0.076793,-0.082547,0.031273,60,0.000240,0.000839,-0.000901,0.000342,60,0.000773,0.001187,-0.000184,0.000327,60,-0.000065,0.000612,-0.001047,0.000348,60,1.344390,1.492469,1.214078,0.069765,60,-178.890829,-178.781357,-178.996658,0.047530,60,-0.253699,-0.119705,-0.333439,0.043214,60,7.369451,7.501024,7.210180,0.059310,60,179.309816,179.408112,179.190964,0.052147,60,0.137297,0.252679,0.001806,0.054258,60,0.000000,12.266667,15.000000,9.000000,1.412615,60,1872.933333,1953.000000,1791.000000,36.396529,60,1.226667,1.500000,0.900000,0.141261,60,187.294125,3.608225,60,60,60,60,60,60,60,60,60,60,60,60,60,60,60,60,60,60,60,60,60,60,60,60,60,60,60,60,60,60,12.8860,12.94,12.83,24.05,26,22,29.22,6882254
2026-10-03 21:34:00,22.799039,22.851912,22.729839,0.030483,60,14.480812,14.554055,14.435035,0.030606,60,18.891254,18.988327,18.841841,0.030205,60,88.945000,89.000000,88.900000,0.050169,60,27.639618,27.662315,27.622261,0.011866,60,27.922765,27.956055,27.899979,0.014262,60,27.630806,27.662315,27.592888,0.014641,60,27.100000,27.100000,27.100000,0.000001,60,26.909950,26.925339,26.894333,0.007994,60,27.146541,27.163040,27.122696,0.007407,60,26.923488,26.943924,26.904648,0.008347,60,1002.600000,1002.600000,1002.600000,0.000039,60,1002.600000,1002.600000,1002.600000,0.000039,60,25.100000,25.100000,25.100000,0.000001,60,0.081626,0.131026,-0.027669,0.032235,60,0.012037,0.054963,-0.060844,0.026513,60,0.038433,0.084096,-0.053334,0.031271,60,0.000420,0.000918,-0.000582,0.000341,60,0.000863,0.001385,-0.000292,0.000341,60,0.000129,0.000588,-0.000650,0.000283,60,1.348044,1.502243,1.242113,0.068096,60,-178.896690,-178.778763,-179.009064,0.055224,60,-0.254471,-0.160111,-0.358055,0.041755,60,7.348857,7.488691,7.190758,0.059468,60,179.307054,179.405945,179.150665,0.054291,60,0.147116,0.265398,0.054464,0.050811,60,0.000000,9.400000,13.000000,7.000000,1.520482,60,1885.233333,2011.000000,1766.000000,51.259845,60,0.940000,1.300000,0.700000,0.152048,60,188.523660,5.080658,60,60,60,60,60,60,60,60,60,60,60,60,60,60,60,60,60,60,60,60,60,60,60,60,60,60,60,60,60,60,12.8882,12.94,12.83,24.20,27,22,29.17,6882288
2026-10-03 21:35:00,22.803438,22.848860,22.771038,0.021478,60,14.470436,14.535745,14.419776,0.026243,60,18.888813,18.956284,18.823530,0.029841,60,89.073333,89.100000,89.000000,0.044595,60,27.624086,27.648964,27.606239,0.013012,60,27.912752,27.942703,27.886627,0.012840,60,27.619457,27.648964,27.592888,0.012127,60,27.100000,27.100000,27.100000,0.000001,60,26.895613,26.913040,26.874008,0.010007,60,27.136770,27.147202,27.115341,0.006572,60,26.911038,26.930649,26.891403,0.009409,60,1002.600000,1002.600000,1002.600000,0.000039,60,1002.600000,1002.600000,1002.600000,0.000039,60,25.100000,25.100000,25.100000,0.000001,60,0.079157,0.147262,-0.029498,0.034219,60,0.026121,0.065141,-0.045916,0.025262,60,0.062168,0.103792,-0.020360,0.029848,60,0.000679,0.001133,-0.000222,0.000326,60,0.000837,0.001557,-0.000312,0.000362,60,0.000279,0.000696,-0.000491,0.000270,60,1.340173,1.492920,1.174909,0.063666,60,-178.892266,-178.818359,-179.036240,0.045673,60,-0.260498,-0.160262,-0.359406,0.046615,60,7.348885,7.507911,7.210181,0.058813,60,179.312406,179.448502,179.217575,0.049173,60,0.148042,0.292537,0.015440,0.054290,60,0.000000,8.433333,10.000000,7.000000,0.945402,60,1952.050000,2035.000000,1833.000000,41.051611,60,0.843333,1.000000,0.700000,0.094540,60,195.206166,4.069210,60,60,60,60,60,60,60,60,60,60,60,60,60,60,60,60,60,60,60,60,60,60,60,60,60,60,60,60,60,60,12.8848,12.95,12.84,24.12,26,23,29.15,6882321
2026-10-03 21:36:00,22.796139,22.848860,22.742046,0.027421,60,14.479515,14.535745,14.419776,0.026484,60,18.889575,18.953232,18.838789,0.026215,60,89.100000,89.100000,89.100000,0.000000,60,27.608109,27.635612,27.579536,0.014345,60,27.902382,27.926682,27.870605,0.012278,60,27.607040,27.632942,27.576866,0.012945,60,27.100000,27.100000,27.100000,0.000001,60,26.878677,26.893814,26.862350,0.008755,60,27.124314,27.142746,27.105850,0.008268,60,26.896180,26.914261,26.872726,0.007871,60,1002.600000,1002.600000,1002.600000,0.000039,60,1002.600000,1002.600000,1002.600000,0.000039,60,25.100000,25.100000,25.100000,0.000001,60,0.074016,0.121651,-0.010519,0.028999,60,0.020413,0.075094,-0.063332,0.027306,60,0.056104,0.121275,-0.034966,0.032385,60,0.000613,0.001324,-0.000382,0.000354,60,0.000782,0.001286,-0.000111,0.000307,60,0.000218,0.000803,-0.000677,0.000292,60,1.346017,1.505870,1.177917,0.066442,60,-178.903822,-178.780487,-179.009766,0.046989,60,-0.260406,-0.160111,-0.399499,0.053734,60,7.358604,7.593060,7.224404,0.062215,60,179.300955,179.433884,179.217575,0.051751,60,0.131710,0.252378,0.041300,0.048951,60,0.000000,6.733333,9.000000,5.000000,0.989207,60,2054.266667,2119.000000,1943.000000,40.500624,60,0.673333,0.900000,0.500000,0.098921,60,205.428799,4.014866,60,60,60,60,60,60,60,60,60,60,60,60,60,60,60,60,60,60,60,60,60,60,60,60,60,60,60,60,60,60,12.8882,12.94,12.84,24.01,27,22,29.15,6882355
2026-10-03 21:37:00,22.794613,22.848860,22.738995,0.025604,60,14.470741,14.535745,14.401464,0.030480,60,18.895730,18.971542,18.805218,0.028983,60,89.206667,89.300000,89.100000,0.066042,60,27.591375,27.606239,27.550163,0.011659,60,27.888808,27.913330,27.857254,0.011997,60,27.590707,27.619591,27.563515,0.014867,60,27.100000,27.100000,27.100000,0.000001,60,26.860141,26.879776,26.844772,0.008376,60,27.113952,27.135208,27.095047,0.008019,60,26.881337,26.898026,26.865585,0.007148,60,1002.628333,1002.700000,1002.600000,0.045442,60,1002.628333,1002.700000,1002.600000,0.045442,60,25.150000,25.300000,25.100000,0.087333,60,0.076363,0.140630,-0.021037,0.031397,60,0.031911,0.075772,-0.046820,0.027730,60,0.074864,0.119947,-0.007303,0.028011,60,0.000818,0.001310,-0.000080,0.000306,60,0.000807,0.001486,-0.000222,0.000332,60,0.000341,0.000810,-0.000501,0.000296,60,1.340518,1.492469,1.187594,0.060346,60,-178.908198,-178.792328,-179.009064,0.052820,60,-0.256069,-0.186323,-0.359406,0.042052,60,7.363358,7.512031,7.256575,0.057850,60,179.304239,179.407303,179.216660,0.046798,60,0.137724,0.252980,0.041300,0.050573,60,0.000000,5.933333,8.000000,4.000000,1.039339,60,2070.516667,2159.000000,1925.000000,43.339609,60,0.593333,0.800000,0.400000,0.103934,60,207.055378,4.293272,60,60,60,60,60,60,60,60,60,60,60,60,60,60,60,60,60,60,60,60,60,60,60,60,60,60,60,60,60,60,12.8850,12.94,12.83,24.08,26,22,29.12,6882389
2026-10-03 21:38:00,22.804176,22.861067,22.755779,0.026226,60,14.465960,14.503700,14.384680,0.027518,60,18.884871,18.970016,18.820478,0.027296,60,89.308333,89.400000,89.300000,0.027872,60,27.575041,27.606239,27.550163,0.012587,60,27.881020,27.899979,27.857254,0.012874,60,27.575798,27.606239,27.550163,0.011246,60,27.100000,27.100000,27.100000,0.000001,60,26.844444,26.864029,26.825394,0.007872,60,27.103365,27.121536,27.086960,0.007277,60,26.864525,26.883469,26.843796,0.008064,60,1002.671667,1002.700000,1002.600000,0.045442,60,1002.671667,1002.700000,1002.600000,0.045442,60,25.300000,25.300000,25.300000,0.000001,60,0.082431,0.126681,-0.013491,0.030474,60,0.018283,0.075320,-0.084141,0.033113,60,0.051420,0.110210,-0.066834,0.036580,60,0.000562,0.001203,-0.000730,0.000399,60,0.000871,0.001339,-0.000143,0.000322,60,0.000195,0.000805,-0.000899,0.000354,60,1.342514,1.506324,1.172287,0.076545,60,-178.895074,-178.792328,-178.969040,0.041444,60,-0.259930,-0.160035,-0.372429,0.045752,60,7.363553,7.505855,7.195086,0.059876,60,179.308861,179.435303,179.163574,0.056736,60,0.142214,0.227042,0.001534,0.051756,60,0.000000,8.950000,11.000000,6.000000,1.048405,60,2001.816667,2126.000000,1859.000000,71.423419,60,0.895000,1.100000,0.600000,0.104840,60,200.179431,7.078904,60,60,60,60,60,60,60,60,60,60,60,60,60,60,60,60,60,60,60,60,60,60,60,60,60,60,60,60,60,60,12.8836,12.94,12.84,24.00,26,22,29.10,6882423
2026-10-03 21:39:00,22.795682,22.844282,22.738995,0.022136,60,14.465273,14.517433,14.416724,0.026181,60,18.891305,18.951706,18.838789,0.026810,60,89.400000,89.400000,89.400000,0.000003,60,27.563025,27.592888,27.523460,0.013451,60,27.868781,27.913330,27.830551,0.012247,60,27.559331,27.592888,27.536812,0.012285,60,27.100000,27.100000,27.100000,0.000001,60,26.827508,26.851151,26.807968,0.008768,60,27.089702,27.116806,27.072952,0.008222,60,26.850774,26.871292,26.836411,0.008001,60,1002.696667,1002.700000,1002.600000,0.018102,60,1002.696667,1002.700000,1002.600000,0.018102,60,25.300000,25.300000,25.300000,0.000001,60,0.089817,0.129883,0.004802,0.025730,60,0.024436,0.068987,-0.049761,0.026337,60,0.049248,0.100251,-0.040720,0.032013,60,0.000538,0.001095,-0.000445,0.000350,60,0.000949,0.001373,0.000051,0.000272,60,0.000261,0.000737,-0.000532,0.000282,60,1.331422,1.490217,1.133855,0.067474,60,-178.897698,-178.779633,-178.996201,0.046222,60,-0.256719,-0.147131,-0.359406,0.044413,60,7.351725,7.483105,7.210180,0.062807,60,179.320753,179.434402,179.231445,0.047043,60,0.139471,0.227476,0.041500,0.047074,60,0.000000,8.200000,11.000000,6.000000,1.246011,60,2043.550000,2248.000000,1917.000000,72.799568,60,0.820000,1.100000,0.600000,0.124601,60,204.342237,7.210959,60,60,60,60,60,60,60,60,60,60,60,60,60,60,60,60,60,60,60,60,60,60,60,60,60,60,60,60,60,60,12.8863,12.93,12.83,24.07,26,22,29.13,6882457
2026-10-03 21:40:00,22.789247,22.858015,22.725262,0.027662,60,14.465400,14.534219,14.401464,0.029066,60,18.883828,18.966965,18.837263,0.028371,60,89.336667,89.400000,89.300000,0.048596,60,27.543176,27.563515,27.507439,0.013581,60,27.856942,27.886627,27.830551,0.013293,60,27.546558,27.576866,27.520790,0.012969,60,27.100000,27.100000,27.100000,0.000001,60,26.810094,26.834091,26.794449,0.008318,60,27.082221,27.099899,27.067276,0.007360,60,26.834519,26.852615,26.817581,0.008213,60,1002.700000,1002.700000,1002.700000,0.000041,60,1002.700000,1002.700000,1002.700000,0.000041,60,25.300000,25.300000,25.300000,0.000001,60,0.070391,0.117763,-0.059682,0.032001,60,0.006657,0.061296,-0.078713,0.030417,60,0.041159,0.088964,-0.077235,0.033201,60,0.000449,0.000971,-0.000843,0.000363,60,0.000744,0.001245,-0.000631,0.000338,60,0.000071,0.000655,-0.000841,0.000325,60,1.337753,1.531750,1.137882,0.067612,60,-178.888913,-178.741623,-178.997375,0.055287,60,-0.259909,-0.185996,-0.425368,0.046190,60,7.367352,7.497629,7.204204,0.061758,60,179.313567,179.447754,179.163971,0.052694,60,0.146563,0.265859,0.015252,0.054254,60,0.000000,7.466667,9.000000,6.000000,0.947193,60,1956.983333,2134.000000,1811.000000,69.024558,60,0.746667,0.900000,0.600000,0.094719,60,195.699716,6.839972,60,60,60,60,60,60,60,60,60,60,60,60,60,60,60,60,60,60,60,60,60,60,60,60,60,60,60,60,60,60,12.8850,12.94,12.84,24.03,26,23,29.09,6882490
2026-10-03 21:41:00,22.797462,22.858015,22.734417,0.027146,60,14.459881,14.517433,14.401464,0.024858,60,18.877495,18.951706,18.818953,0.029816,60,89.265000,89.400000,88.800000,0.137564,60,27.531382,27.563515,27.507439,0.012886,60,27.850089,27.870605,27.814529,0.011259,60,27.528934,27.563515,27.507439,0.013575,60,27.100000,27.100000,27.100000,0.000001,60,26.796183,26.820114,26.777359,0.008264,60,27.071146,27.084183,27.050919,0.007481,60,26.821380,26.841202,26.804611,0.008777,60,1002.700000,1002.700000,1002.700000,0.000041,60,1002.700000,1002.700000,1002.700000,0.000041,60,25.280000,25.300000,25.100000,0.060506,60,0.068855,0.123251,-0.039559,0.030847,60,0.013714,0.069665,-0.078034,0.030284,60,0.044600,0.102685,-0.065506,0.031311,60,0.000487,0.001121,-0.000715,0.000342,60,0.000728,0.001303,-0.000418,0.000326,60,0.000147,0.000745,-0.000834,0.000324,60,1.348032,1.490667,1.252794,0.052721,60,-178.895897,-178.751892,-179.009064,0.051834,60,-0.266870,-0.186815,-0.358791,0.040202,60,7.355930,7.492798,7.226399,0.058139,60,179.317974,179.407440,179.217026,0.051684,60,0.130653,0.213564,0.002533,0.045027,60,0.000000,6.216667,8.000000,4.000000,0.804472,60,2083.133333,2286.000000,1948.000000,67.628463,60,0.621667,0.800000,0.400000,0.080447,60,208.305079,6.699826,60,60,60,60,60,60,60,60,60,60,60,60,60,60,60,60,60,60,60,60,60,60,60,60,60,60,60,60,60,60,12.8860,12.94,12.84,24.03,26,22,29.08,6882524
2026-10-03 21:42:00,22.795961,22.856489,22.751202,0.025252,60,14.458712,14.517433,14.401464,0.026866,60,18.878030,18.933393,18.818953,0.023037,60,89.121667,89.500000,88.900000,0.242928,60,27.515093,27.550163,27.494087,0.014031,60,27.834735,27.857254,27.814529,0.013002,60,27.516251,27.536812,27.480736,0.013304,60,27.100000,27.100000,27.100000,0.000001,60,26.780890,26.796738,26.764908,0.007581,60,27.059145,27.074295,27.040176,0.008032,60,26.806722,26.823502,26.782455,0.008028,60,1002.700000,1002.700000,1002.700000,0.000041,60,1002.700000,1002.700000,1002.700000,0.000041,60,25.173333,25.300000,25.100000,0.097192,60,0.074877,0.123709,-0.010519,0.028815,60,0.004037,0.055868,-0.101331,0.028721,60,0.042682,0.100915,-0.057761,0.035468,60,0.000466,0.001102,-0.000631,0.000387,60,0.000791,0.001308,-0.000111,0.000305,60,0.000043,0.000597,-0.001083,0.000307,60,1.334818,1.468338,1.176036,0.069258,60,-178.887881,-178.751022,-178.970749,0.050631,60,-0.264466,-0.186160,-0.372429,0.040255,60,7.363717,7.501740,7.242390,0.063836,60,179.308684,179.448502,179.191147,0.051495,60,0.140310,0.265551,0.080138,0.042014,60,0.000000,6.716667,9.000000,5.000000,1.043002,60,2010.016667,2191.000000,1792.000000,82.153534,60,0.671667,0.900000,0.500000,0.104300,60,201.010801,8.139864,60,60,60,60,60,60,60,60,60,60,60,60,60,60,60,60,60,60,60,60,60,60,60,60,60,60,60,60,60,60,12.8848,12.96,12.83,24.11,26,22,29.11,6882558
2026-10-03 21:43:00,22.791663,22.842756,22.734417,0.022404,60,14.458839,14.517433,14.398413,0.029396,60,18.880802,18.933393,18.834211,0.025386,60,89.075000,89.500000,89.000000,0.180042,60,27.496134,27.523460,27.464714,0.012509,60,27.824543,27.857254,27.801178,0.012395,60,27.503700,27.536812,27.480736,0.011678,60,27.100000,27.100000,27.100000,0.000001,60,26.766785,26.784439,26.739609,0.009173,60,27.049642,27.069504,27.037430,0.007101,60,26.792057,26.811996,26.767075,0.008917,60,1002.700000,1002.700000,1002.700000,0.000041,60,1002.700000,1002.700000,1002.700000,0.000041,60,25.130000,25.300000,25.100000,0.072017,60,0.067826,0.108617,-0.011433,0.027834,60,-0.000418,0.044785,-0.076903,0.025005,60,0.047145,0.092948,-0.044040,0.030802,60,0.000515,0.001015,-0.000481,0.000336,60,0.000717,0.001148,-0.000121,0.000294,60,-0.000004,0.000479,-0.000822,0.000267,60,1.342140,1.467447,1.153207,0.068090,60,-178.887102,-178.791763,-179.007889,0.054329,60,-0.260458,-0.160035,-0.372682,0.048950,60,7.364386,7.507911,7.220160,0.068521,60,179.301597,179.433640,179.191513,0.056278,60,0.141203,0.252228,0.054671,0.044789,60,0.000000,5.333333,9.000000,3.000000,1.469079,60,2187.766667,2482.000000,2020.000000,109.877338,60,0.533333,0.900000,0.300000,0.146908,60,218.716156,10.876072,60,60,60,60,60,60,60,60,60,60,60,60,60,60,60,60,60,60,60,60,60,60,60,60,60,60,60,60,60,60,12.8828,12.94,12.83,23.98,26,22,29.03,6882592
2026-10-03 21:44:00,22.787492,22.825972,22.734417,0.023621,60,14.461458,14.531166,14.398413,0.025768,60,18.875766,18.930342,18.815901,0.023898,60,89.045000,89.500000,88.900000,0.121327,60,27.481626,27.507439,27.451363,0.014640,60,27.816933,27.857254,27.787827,0.014059,60,27.489459,27.520790,27.464714,0.011550,60,27.100000,27.100000,27.100000,0.000001,60,26.752313,26.769760,26.732254,0.007675,60,27.041451,27.058792,27.024277,0.007618,60,26.780261,26.792099,26.764908,0.006733,60,1002.700000,1002.700000,1002.700000,0.000041,60,1002.700000,1002.700000,1002.700000,0.000041,60,25.110000,25.300000,25.100000,0.043957,60,0.067678,0.143831,-0.037044,0.032779,60,0.005108,0.043201,-0.080748,0.027654,60,0.035139,0.082325,-0.057539,0.030986,60,0.000384,0.000899,-0.000628,0.000338,60,0.000715,0.001520,-0.000392,0.000346,60,0.000055,0.000462,-0.000863,0.000296,60,1.337876,1.504962,1.187216,0.068886,60,-178.896519,-178.777313,-178.997375,0.053467,60,-0.256407,-0.146841,-0.371925,0.043215,60,7.359301,7.507911,7.244574,0.063581,60,179.304236,179.407028,179.124725,0.053869,60,0.146176,0.227187,0.001806,0.051868,60,0.000000,3.816667,6.000000,2.000000,0.873172,60,2463.066667,2767.000000,2275.000000,130.415745,60,0.381667,0.600000,0.200000,0.087317,60,246.236326,12.914751,60,60,60,60,60,60,60,60,60,60,60,60,60,60,60,60,60,60,60,60,60,60,60,60,60,60,60,60,60,60,12.8840,12.94,12.83,24.10,26,23,29.06,6882625
2026-10-03 21:45:00,22.785712,22.856489,22.720684,0.029651,60,14.456550,14.515907,14.383154,0.027872,60,18.874723,18.930342,18.783855,0.031691,60,89.271667,89.800000,89.100000,0.119450,60,27.468141,27.494087,27.438011,0.012233,60,27.803136,27.830551,27.774475,0.012051,60,27.474505,27.494087,27.438011,0.012159,60,27.100000,27.100000,27.100000,0.000001,60,26.736743,26.764877,26.723099,0.008326,60,27.030359,27.045364,27.016769,0.006254,60,26.765813,26.790878,26.747696,0.008444,60,1002.700000,1002.700000,1002.700000,0.000041,60,1002.700000,1002.700000,1002.700000,0.000041,60,25.230000,25.300000,25.100000,0.096199,60,0.075106,0.116849,-0.028583,0.032952,60,0.000030,0.055189,-0.101784,0.027437,60,0.031484,0.075022,-0.067277,0.029666,60,0.000344,0.000819,-0.000735,0.000324,60,0.000794,0.001235,-0.000302,0.000348,60,0.000000,0.000590,-0.001088,0.000293,60,1.344434,1.468338,1.215232,0.060202,60,-178.888922,-178.739243,-178.998550,0.056997,60,-0.261897,-0.146551,-0.359652,0.050809,60,7.362017,7.517538,7.174834,0.064947,60,179.310201,179.434280,179.190201,0.055093,60,0.144818,0.226032,0.001081,0.043835,60,0.000000,3.283333,4.000000,2.000000,0.555151,60,2291.716667,2523.000000,2135.000000,99.404855,60,0.328333,0.400000,0.200000,0.055515,60,229.142890,9.842098,60,60,60,60,60,60,60,60,60,60,60,60,60,60,60,60,60,60,60,60,60,60,60,60,60,60,60,60,60,60,12.8849,12.95,12.83,24.14,26,22,29.05,6882659
2026-10-03 21:46:00,22.785381,22.839705,22.732891,0.022649,60,14.458076,14.515907,14.398413,0.028498,60,18.868086,18.948654,18.797588,0.029625,60,89.388333,89.500000,89.300000,0.071525,60,27.456080,27.494087,27.424660,0.014785,60,27.794502,27.814529,27.774475,0.009985,60,27.461020,27.494087,27.438011,0.014385,60,27.100000,27.100000,27.100000,0.000001,60,26.721170,26.740829,26.702072,0.009232,60,27.020134,27.038284,26.999313,0.007529,60,26.750644,26.771866,26.732986,0.008120,60,1002.700000,1002.700000,1002.700000,0.000041,60,1002.700000,1002.700000,1002.700000,0.000041,60,25.300000,25.300000,25.300000,0.000001,60,0.081314,0.145204,-0.000229,0.029951,60,0.007215,0.052927,-0.067177,0.026279,60,0.036146,0.078784,-0.054884,0.027423,60,0.000395,0.000860,-0.000599,0.000299,60,0.000859,0.001535,-0.000002,0.000317,60,0.000077,0.000566,-0.000718,0.000281,60,1.349445,1.469230,1.187216,0.066975,60,-178.890224,-178.779037,-179.037598,0.056673,60,-0.274573,-0.186405,-0.398836,0.045072,60,7.368940,7.548504,7.240193,0.065189,60,179.306493,179.434280,179.191147,0.051896,60,0.151254,0.266628,0.042002,0.049089,60,0.000000,3.000000,3.000000,3.000000,0.000000,60,2581.466667,2790.000000,2344.000000,112.170945,60,0.300000,0.300000,0.300000,0.000000,60,258.153969,11.119043,60,60,60,60,60,60,60,60,60,60,60,60,60,60,60,60,60,60,60,60,60,60,60,60,60,60,60,60,60,60,12.8803,12.94,12.82,24.02,26,23,29.08,6882693
2026-10-03 21:47:00,22.780371,22.838179,22.729839,0.022931,60,14.460288,14.515907,14.396887,0.028790,60,18.866814,18.915083,18.815901,0.024344,60,89.653333,90.200000,89.500000,0.166180,60,27.438990,27.451363,27.408638,0.011942,60,27.785601,27.814529,27.774475,0.010185,60,27.449048,27.480736,27.424660,0.012975,60,27.100000,27.100000,27.100000,0.000001,60,26.709982,26.726547,26.688950,0.007300,60,27.008918,27.028366,26.990067,0.006314,60,26.737419,26.754654,26.724228,0.007056,60,1002.708333,1002.800000,1002.700000,0.027872,60,1002.708333,1002.800000,1002.700000,0.027872,60,25.310000,25.500000,25.300000,0.043957,60,0.085521,0.142002,-0.017607,0.034686,60,0.009602,0.059034,-0.086177,0.027786,60,0.036172,0.087194,-0.054884,0.031291,60,0.000395,0.000952,-0.000599,0.000342,60,0.000904,0.001501,-0.000186,0.000367,60,0.000103,0.000631,-0.000921,0.000297,60,1.344272,1.496084,1.238986,0.066884,60,-178.892358,-178.779633,-179.009766,0.044812,60,-0.257272,-0.160262,-0.372682,0.044518,60,7.366899,7.470022,7.244574,0.052409,60,179.321698,179.474136,179.219589,0.055628,60,0.154032,0.292697,0.014876,0.056014,60,0.000000,5.233333,8.000000,3.000000,1.522338,60,2593.666667,2714.000000,2464.000000,61.397749,60,0.523333,0.800000,0.300000,0.152234,60,259.368376,6.086123,60,60,60,60,60,60,60,60,60,60,60,60,60,60,60,60,60,60,60,60,60,60,60,60,60,60,60,60,60,60,12.8856,12.95,12.84,24.07,26,22,29.06,6882727
2026-10-03 21:48:00,22.785560,22.851912,22.732891,0.028119,60,14.463289,14.515907,14.396887,0.025407,60,18.863254,18.928816,18.797588,0.028122,60,89.676667,90.100000,89.600000,0.072174,60,27.426929,27.451363,27.395287,0.011349,60,27.771893,27.814529,27.742424,0.015470,60,27.431513,27.451363,27.408638,0.010831,60,27.098333,27.100000,27.000000,0.012910,60,26.695947,26.713913,26.678299,0.006770,60,26.996147,27.012985,26.982925,0.006620,60,26.724869,26.747055,26.708145,0.008491,60,1002.733333,1002.800000,1002.700000,0.047538,60,1002.733333,1002.800000,1002.700000,0.047538,60,25.300000,25.300000,25.300000,0.000001,60,0.101559,0.144518,0.011205,0.030928,60,0.001105,0.051118,-0.121688,0.030448,60,0.008944,0.060195,-0.096268,0.032641,60,0.000098,0.000657,-0.001051,0.000356,60,0.001073,0.001528,0.000118,0.000327,60,0.000012,0.000546,-0.001301,0.000325,60,1.340358,1.534054,1.139352,0.072500,60,-178.885553,-178.792618,-179.036911,0.045209,60,-0.266407,-0.160035,-0.359776,0.046351,60,7.359387,7.511331,7.230392,0.066794,60,179.308544,179.434280,179.218506,0.046397,60,0.132155,0.227042,0.015722,0.042626,60,0.000000,7.333333,9.000000,6.000000,0.572437,60,2546.050000,2639.000000,2453.000000,42.783026,60,0.733333,0.900000,0.600000,0.057244,60,254.605604,4.241650,60,60,60,60,60,60,60,60,60,60,60,60,60,60,60,60,60,60,60,60,60,60,60,60,60,60,60,60,60,60,12.8801,12.95,12.83,24.00,26,23,29.03,6882761
2026-10-03 21:49:00,22.784949,22.835127,22.729839,0.024050,60,14.454363,14.531166,14.396887,0.031554,60,18.865187,18.928816,18.797588,0.028118,60,89.781667,90.300000,89.600000,0.207888,60,27.411575,27.438011,27.381935,0.012308,60,27.761166,27.787827,27.729073,0.015907,60,27.419942,27.451363,27.395287,0.013900,60,27.083333,27.100000,27.000000,0.037582,60,26.687132,26.700089,26.668747,0.007288,60,26.984855,27.010330,26.968674,0.006772,60,26.711233,26.726364,26.695236,0.007998,60,1002.761667,1002.800000,1002.700000,0.049030,60,1002.761667,1002.800000,1002.700000,0.049030,60,25.330000,25.500000,25.300000,0.072017,60,0.100499,0.146804,0.007317,0.029210,60,-0.017194,0.031440,-0.094546,0.027682,60,-0.016764,0.030983,-0.099144,0.029526,60,-0.000183,0.000338,-0.001083,0.000322,60,0.001062,0.001552,0.000077,0.000309,60,-0.000184,0.000336,-0.001011,0.000296,60,1.344235,1.507234,1.188729,0.069063,60,-178.883078,-178.739838,-179.036697,0.051529,60,-0.267790,-0.159657,-0.332854,0.040894,60,7.365645,7.522346,7.224159,0.064623,60,179.319645,179.448135,179.163574,0.057272,60,0.142121,0.265398,0.054361,0.051006,60,0.000000,9.233333,11.000000,8.000000,0.532556,60,2605.116667,2714.000000,2441.000000,53.482800,60,0.923333,1.100000,0.800000,0.053256,60,260.516113,5.297507,60,60,60,60,60,60,60,60,60,60,60,60,60,60,60,60,60,60,60,60,60,60,60,60,60,60,60,60,60,60,12.8840,12.93,12.83,24.12,26,23,29.03,6882794
2026-10-03 21:50:00,22.777854,22.848860,22.716106,0.028510,60,14.454159,14.531166,14.380102,0.032064,60,18.868162,18.928816,18.811321,0.027986,60,90.316667,90.500000,89.800000,0.110724,60,27.400138,27.424660,27.381935,0.011324,60,27.749282,27.774475,27.713051,0.012149,60,27.404010,27.424660,27.381935,0.010050,60,27.003333,27.100000,27.000000,0.018102,60,26.678445,26.694107,26.659409,0.006836,60,26.974061,26.990494,26.957382,0.006800,60,26.703710,26.714340,26.680771,0.007450,60,1002.768333,1002.800000,1002.700000,0.046910,60,1002.768333,1002.800000,1002.700000,0.046910,60,25.493333,25.500000,25.300000,0.036204,60,0.080517,0.136057,-0.012577,0.033762,60,-0.037863,0.001357,-0.139104,0.029258,60,-0.039119,-0.007082,-0.125258,0.026086,60,-0.000427,-0.000077,-0.001368,0.000285,60,0.000851,0.001438,-0.000133,0.000357,60,-0.000405,0.000015,-0.001487,0.000313,60,1.344911,1.453590,1.241330,0.054120,60,-178.882376,-178.754272,-179.010239,0.053607,60,-0.259882,-0.146841,-0.373061,0.048649,60,7.374911,7.522347,7.263653,0.055499,60,179.296645,179.475098,179.151077,0.057087,60,0.140819,0.226320,0.002260,0.046933,60,0.000000,8.116667,10.000000,6.000000,1.151148,60,2623.250000,2719.000000,2478.000000,47.989980,60,0.811667,1.000000,0.600000,0.115115,60,262.328278,4.755888,60,60,60,60,60,60,60,60,60,60,60,60,60,60,60,60,60,60,60,60,60,60,60,60,60,60,60,60,60,60,12.8806,12.94,12.82,24.07,27,22,29.05,6882828
2026-10-03 21:51:00,22.768520,22.835127,22.714581,0.024467,60,14.450065,14.531166,14.380102,0.032356,60,18.857150,18.910505,18.796062,0.025871,60,90.531667,90.600000,90.400000,0.050394,60,27.390525,27.424660,27.365913,0.011093,60,27.739933,27.774475,27.699699,0.013802,60,27.396266,27.424660,27.368584,0.010905,60,27.000000,27.000000,27.000000,0.000000,60,26.669753,26.686081,26.653214,0.007577,60,26.962941,26.977066,26.944107,0.006993,60,26.692250,26.708298,26.678207,0.006912,60,1002.741667,1002.800000,1002.700000,0.049717,60,1002.741667,1002.800000,1002.700000,0.049717,60,25.500000,25.500000,25.500000,0.000000,60,0.064511,0.109989,-0.023095,0.028788,60,-0.045173,0.002940,-0.153806,0.031178,60,-0.040975,-0.002434,-0.127029,0.026567,60,-0.000447,-0.000027,-0.001387,0.000290,60,0.000682,0.001163,-0.000244,0.000304,60,-0.000483,0.000031,-0.001644,0.000333,60,1.361951,1.467447,1.239377,0.055204,60,-178.874979,-178.713638,-178.996902,0.056077,60,-0.269183,-0.185996,-0.372303,0.039231,60,7.380456,7.534026,7.273679,0.057475,60,179.308221,179.433380,179.217575,0.048792,60,0.137339,0.253131,0.041300,0.049655,60,0.000000,6.600000,10.000000,4.000000,1.317419,60,2784.716667,3027.000000,2515.000000,146.972048,60,0.660000,1.000000,0.400000,0.131742,60,278.507194,14.572336,60,60,60,60,60,60,60,60,60,60,60,60,60,60,60,60,60,60,60,60,60,60,60,60,60,60,60,60,60,60,12.8823,12.93,12.83,24.12,26,22,29.00,6882864
2026-10-03 21:52:00,22.767834,22.835127,22.714581,0.028647,60,14.448056,14.512856,14.364843,0.032213,60,18.863432,18.910505,18.796062,0.024052,60,90.808333,90.900000,90.600000,0.080867,60,27.383048,27.408638,27.352562,0.013304,60,27.729029,27.774475,27.686348,0.017408,60,27.389634,27.424660,27.368584,0.014096,60,27.000000,27.000000,27.000000,0.000000,60,26.664714,26.676712,26.651260,0.006516,60,26.952976,26.968033,26.940872,0.006507,60,26.685014,26.696152,26.663773,0.006841,60,1002.740000,1002.800000,1002.700000,0.049403,60,1002.740000,1002.800000,1002.700000,0.049403,60,25.500000,25.500000,25.500000,0.000000,60,0.058741,0.112733,-0.036815,0.032196,60,-0.058526,-0.021940,-0.152902,0.029828,60,-0.049760,-0.003320,-0.147168,0.029540,60,-0.000543,-0.000036,-0.001607,0.000323,60,0.000621,0.001192,-0.000389,0.000340,60,-0.000626,-0.000235,-0.001635,0.000319,60,1.346767,1.497443,1.174909,0.065305,60,-178.904728,-178.791763,-179.039185,0.056826,60,-0.254189,-0.185915,-0.358422,0.039953,60,7.372147,7.534026,7.191108,0.067857,60,179.304949,179.434906,179.163971,0.061587,60,0.145941,0.266320,0.054774,0.046633,60,0.000000,8.466667,10.000000,6.000000,1.241468,60,2856.266667,3014.000000,2667.000000,80.137777,60,0.846667,1.000000,0.600000,0.124147,60,285.632520,7.939140,60,60,60,60,60,60,60,60,60,60,60,60,60,60,60,60,60,60,60,60,60,60,60,60,60,60,60,60,60,60,12.8802,12.95,12.82,24.00,26,22,29.02,6882898
2026-10-03 21:53:00,22.767834,22.847334,22.714581,0.027293,60,14.448844,14.497597,14.380102,0.029911,60,18.856438,18.942551,18.779278,0.029416,60,90.858333,90.900000,90.800000,0.049717,60,27.375660,27.408638,27.352562,0.013685,60,27.719905,27.742424,27.686348,0.013278,60,27.381090,27.408638,27.339211,0.014177,60,27.000000,27.000000,27.000000,0.000000,60,26.662225,26.674820,26.640305,0.008068,60,26.944514,26.958969,26.923019,0.007067,60,26.678839,26.694809,26.661636,0.006663,60,1002.725000,1002.800000,1002.700000,0.043667,60,1002.725000,1002.800000,1002.700000,0.043667,60,25.500000,25.500000,25.500000,0.000000,60,0.047490,0.107702,-0.040245,0.031206,60,-0.071509,-0.015381,-0.152449,0.030215,60,-0.077534,-0.027220,-0.187445,0.031672,60,-0.000847,-0.000297,-0.002047,0.000346,60,0.000502,0.001138,-0.000425,0.000330,60,-0.000764,-0.000164,-0.001630,0.000323,60,1.336692,1.572871,1.171166,0.069249,60,-178.891799,-178.779922,-179.011627,0.053231,60,-0.273377,-0.212662,-0.425785,0.044820,60,7.372799,7.505853,7.242390,0.061147,60,179.309852,179.447372,179.218124,0.054862,60,0.140609,0.251778,0.054155,0.048699,60,0.000000,10.816667,13.000000,7.000000,1.882044,60,3017.983333,3099.000000,2914.000000,48.771863,60,1.081667,1.300000,0.700000,0.188204,60,301.799954,4.835302,60,60,60,60,60,60,60,60,60,60,60,60,60,60,60,60,60,60,60,60,60,60,60,60,60,60,60,60,60,60,12.8840,12.93,12.84,24.11,26,22,29.03,6882931
2026-10-03 21:54:00,22.767935,22.806133,22.711529,0.023204,60,14.444495,14.512856,14.393835,0.027469,60,18.849724,18.910505,18.779278,0.028028,60,90.638333,90.800000,90.500000,0.107501,60,27.370764,27.395287,27.339211,0.013424,60,27.707933,27.729073,27.686348,0.013075,60,27.370764,27.395287,27.339211,0.011997,60,27.000000,27.000000,27.000000,0.000000,60,26.658252,26.672958,26.643997,0.006394,60,26.938870,26.965225,26.911484,0.008142,60,26.675791,26.691940,26.656479,0.005912,60,1002.740000,1002.800000,1002.700000,0.049403,60,1002.740000,1002.800000,1002.700000,0.049403,60,25.393333,25.500000,25.300000,0.100620,60,0.067762,0.116620,-0.017607,0.029474,60,-0.071407,-0.028726,-0.182306,0.031226,60,-0.090462,-0.041163,-0.170405,0.030907,60,-0.000988,-0.000449,-0.001861,0.000338,60,0.000716,0.001233,-0.000186,0.000312,60,-0.000763,-0.000307,-0.001949,0.000334,60,1.336967,1.571930,1.191385,0.071307,60,-178.886245,-178.791763,-179.036911,0.054657,60,-0.267871,-0.159884,-0.372682,0.045491,60,7.375234,7.485163,7.211033,0.056757,60,179.309327,179.407700,179.084290,0.062900,60,0.159497,0.264938,0.041500,0.051799,60,0.000000,10.883333,14.000000,7.000000,1.776415,60,3050.316667,3252.000000,2851.000000,75.724633,60,1.088333,1.400000,0.700000,0.177641,60,305.022772,7.499778,60,60,60,60,60,60,60,60,60,60,60,60,60,60,60,60,60,60,60,60,60,60,60,60,60,60,60,60,60,60,12.8810,12.95,12.83,24.05,26,22,29.02,6882965
2026-10-03 21:55:00,22.760484,22.833601,22.697796,0.028150,60,14.447140,14.511330,14.393835,0.026751,60,18.854785,18.942551,18.793011,0.029095,60,90.558333,91.200000,90.100000,0.350927,60,27.365824,27.395287,27.339211,0.011675,60,27.698231,27.729073,27.672997,0.012037,60,27.364267,27.381935,27.339211,0.012821,60,26.978333,27.000000,26.900000,0.041545,60,26.658378,26.671066,26.646011,0.006071,60,26.929232,26.942978,26.912308,0.007457,60,26.669069,26.690506,26.645584,0.007676,60,1002.796667,1002.800000,1002.700000,0.018102,60,1002.796667,1002.800000,1002.700000,0.018102,60,25.320000,25.500000,25.100000,0.108612,60,0.064957,0.118907,-0.021495,0.029140,60,-0.084495,-0.037999,-0.200853,0.031169,60,-0.106200,-0.064400,-0.202051,0.029140,60,-0.001160,-0.000703,-0.002206,0.000318,60,0.000687,0.001257,-0.000227,0.000308,60,-0.000903,-0.000406,-0.002147,0.000333,60,1.361516,1.508600,1.241330,0.065291,60,-178.878344,-178.750427,-179.010239,0.062986,60,-0.276688,-0.160035,-0.398968,0.048259,60,7.383358,7.540224,7.263651,0.062127,60,179.295175,179.407990,179.191711,0.050702,60,0.145278,0.227187,0.054464,0.041047,60,0.000000,11.316667,14.000000,9.000000,1.214205,60,3109.050000,3245.000000,3005.000000,52.729056,60,1.131667,1.400000,0.900000,0.121421,60,310.899326,5.225092,60,60,60,60,60,60,60,60,60,60,60,60,60,60,60,60,60,60,60,60,60,60,60,60,60,60,60,60,60,60,12.8819,12.94,12.83,24.11,26,23,29.02,6882999
2026-10-03 21:56:00,22.754533,22.816816,22.714581,0.025768,60,14.448030,14.512856,14.393835,0.025993,60,18.849292,18.907454,18.760967,0.026134,60,91.025000,91.100000,91.000000,0.043667,60,27.364089,27.395287,27.339211,0.010888,60,27.691243,27.729073,27.656975,0.013239,60,27.360350,27.395287,27.339211,0.013075,60,26.900000,26.900000,26.900000,0.000000,60,26.660107,26.675217,26.643997,0.006150,60,26.920939,26.937088,26.900558,0.008130,60,26.666860,26.684555,26.652878,0.007584,60,1002.800000,1002.800000,1002.800000,0.000000,60,1002.800000,1002.800000,1002.800000,0.000000,60,25.350000,25.500000,25.300000,0.087333,60,0.059408,0.107245,-0.025382,0.029845,60,-0.094444,-0.043654,-0.161949,0.025843,60,-0.114610,-0.075686,-0.204043,0.027006,60,-0.001252,-0.000826,-0.002228,0.000295,60,0.000628,0.001134,-0.000268,0.000315,60,-0.001010,-0.000467,-0.001731,0.000276,60,1.352435,1.456246,1.149873,0.067351,60,-178.896010,-178.752502,-179.009064,0.057082,60,-0.269469,-0.212839,-0.359406,0.042073,60,7.362180,7.523713,7.232169,0.067507,60,179.291807,179.407028,179.190964,0.050360,60,0.145092,0.252980,0.041200,0.049388,60,0.000000,10.366667,13.000000,8.000000,1.040969,60,3104.916667,3274.000000,3017.000000,50.687909,60,1.036667,1.300000,0.800000,0.104097,60,310.483910,5.020996,60,60,60,60,60,60,60,60,60,60,60,60,60,60,60,60,60,60,60,60,60,60,60,60,60,60,60,60,60,60,12.8792,12.94,12.83,24.04,26,23,29.00,6883033
2026-10-03 21:57:00,22.759696,22.816816,22.696270,0.026004,60,14.442817,14.511330,14.361792,0.027638,60,18.848809,18.910505,18.777752,0.029993,60,91.270000,91.500000,91.100000,0.109390,60,27.361107,27.395287,27.339211,0.011674,60,27.683010,27.713051,27.656975,0.013515,60,27.354342,27.381935,27.325859,0.012550,60,26.900000,26.900000,26.900000,0.000000,60,26.663574,26.680008,26.643997,0.006945,60,26.913343,26.928482,26.899338,0.006346,60,26.670330,26.685104,26.659042,0.005731,60,1002.800000,1002.800000,1002.800000,0.000000,60,1002.800000,1002.800000,1002.800000,0.000000,60,25.500000,25.500000,25.500000,0.000000,60,0.038854,0.081177,-0.043447,0.029563,60,-0.109044,-0.053606,-0.194294,0.029365,60,-0.126793,-0.084760,-0.206256,0.027317,60,-0.001385,-0.000926,-0.002252,0.000298,60,0.000411,0.000858,-0.000459,0.000312,60,-0.001166,-0.000573,-0.002077,0.000314,60,1.334025,1.463891,1.188729,0.066856,60,-178.891218,-178.751617,-179.010925,0.054749,60,-0.266360,-0.146406,-0.372303,0.044664,60,7.375601,7.534026,7.236386,0.070073,60,179.307446,179.434647,179.190964,0.054717,60,0.155177,0.264326,0.041500,0.054270,60,0.000000,9.100000,11.000000,6.000000,1.188932,60,3138.116667,3323.000000,2954.000000,77.375398,60,0.910000,1.100000,0.600000,0.118893,60,313.814128,7.666824,60,60,60,60,60,60,60,60,60,60,60,60,60,60,60,60,60,60,60,60,60,60,60,60,60,60,60,60,60,60,12.8815,12.93,12.82,24.15,26,22,29.01,6883067
2026-10-03 21:58:00,22.755423,22.819868,22.696270,0.026340,60,14.442817,14.494545,14.393835,0.024041,60,18.849317,18.907454,18.777752,0.028964,60,91.668333,91.800000,91.500000,0.074769,60,27.366180,27.395287,27.325859,0.011347,60,27.677135,27.699699,27.643623,0.014430,60,27.349358,27.381935,27.325859,0.011591,60,26.900000,26.900000,26.900000,0.000000,60,26.671927,26.688248,26.657272,0.006463,60,26.906010,26.916519,26.889389,0.005963,60,26.670386,26.688614,26.654251,0.007689,60,1002.800000,1002.800000,1002.800000,0.000000,60,1002.800000,1002.800000,1002.800000,0.000000,60,25.500000,25.500000,25.500000,0.000000,60,0.023278,0.067914,-0.086436,0.031205,60,-0.123151,-0.072153,-0.220079,0.032722,60,-0.151173,-0.078563,-0.253394,0.035119,60,-0.001651,-0.000858,-0.002767,0.000383,60,0.000246,0.000718,-0.000914,0.000330,60,-0.001316,-0.000771,-0.002353,0.000350,60,1.351982,1.467447,1.215232,0.058285,60,-178.887075,-178.738037,-178.969788,0.058683,60,-0.256261,-0.146551,-0.372051,0.044965,60,7.373675,7.562832,7.240582,0.066230,60,179.302578,179.407028,179.150467,0.056336,60,0.140117,0.252378,0.014876,0.050142,60,0.000000,12.166667,17.000000,7.000000,2.315509,60,3043.766667,3273.000000,2850.000000,75.474177,60,1.216667,1.700000,0.700000,0.231551,60,304.373589,7.471063,60,60,60,60,60,60,60,60,60,60,60,60,60,60,60,60,60,60,60,60,60,60,60,60,60,60,60,60,60,60,12.8807,12.93,12.83,24.05,26,23,29.00,6883100
2026-10-03 21:59:00,22.754253,22.816816,22.684061,0.026393,60,14.434882,14.494545,14.378576,0.025256,60,18.846622,18.907454,18.793011,0.026546,60,91.521667,91.700000,91.000000,0.252507,60,27.368361,27.395287,27.339211,0.012605,60,27.668680,27.686348,27.630272,0.012535,60,27.351360,27.381935,27.325859,0.012539,60,26.900000,26.900000,26.900000,0.000000,60,26.680679,26.693527,26.661270,0.007021,60,26.901031,26.919449,26.886063,0.006927,60,26.678627,26.693039,26.659500,0.006907,60,1002.800000,1002.800000,1002.800000,0.000000,60,1002.800000,1002.800000,1002.800000,0.000000,60,25.466667,25.500000,25.300000,0.075165,60,0.008727,0.073631,-0.101299,0.034787,60,-0.132718,-0.083236,-0.220983,0.027057,60,-0.154987,-0.100251,-0.259369,0.032905,60,-0.001692,-0.001095,-0.002832,0.000359,60,0.000092,0.000778,-0.001071,0.000368,60,-0.001419,-0.000890,-0.002362,0.000289,60,1.350696,1.471017,1.191385,0.063509,60,-178.893728,-178.752792,-179.008362,0.056144,60,-0.259716,-0.159657,-0.359406,0.044070,60,7.379626,7.517526,7.210180,0.064657,60,179.296966,179.407303,179.164734,0.056429,60,0.145702,0.252980,0.054774,0.048779,60,0.000000,11.016667,14.000000,6.000000,1.556742,60,3088.733333,3240.000000,2934.000000,70.435658,60,1.101667,1.400000,0.600000,0.155674,60,308.870179,6.979277,60,60,60,60,60,60,60,60,60,60,60,60,60,60,60,60,60,60,60,60,60,60,60,60,60,60,60,60,60,60,12.8810,12.94,12.82,24.07,26,22,29.00,6883134
2026-10-03 22:00:00,22.743572,22.806133,22.665751,0.028639,60,14.429694,14.479286,14.360266,0.028909,60,18.839501,18.907454,18.777752,0.027618,60,91.143333,91.600000,90.900000,0.226519,60,27.372901,27.408638,27.352562,0.014485,60,27.660224,27.686348,27.630272,0.014139,60,27.355989,27.381935,27.339211,0.011983,60,26.900000,26.900000,26.900000,0.000000,60,26.685050,26.699020,26.667221,0.008145,60,26.897775,26.917953,26.888107,0.006090,60,26.684231,26.697525,26.668777,0.006436,60,1002.800000,1002.800000,1002.800000,0.000000,60,1002.800000,1002.800000,1002.800000,0.000000,60,25.400000,25.500000,25.300000,0.100844,60,0.004996,0.053737,-0.098327,0.031954,60,-0.117662,-0.051570,-0.207639,0.029113,60,-0.130714,-0.081883,-0.210461,0.028550,60,-0.001427,-0.000894,-0.002298,0.000312,60,0.000053,0.000568,-0.001039,0.000338,60,-0.001258,-0.000551,-0.002220,0.000311,60,1.349364,1.495179,1.189487,0.063615,60,-178.888333,-178.778763,-179.036911,0.062761,60,-0.262148,-0.160035,-0.370919,0.042942,60,7.382984,7.558065,7.275770,0.058956,60,179.292657,179.381180,179.164734,0.053228,60,0.141114,0.251778,0.001806,0.048839,60,0.000000,10.100000,13.000000,7.000000,1.559009,60,3104.233333,3240.000000,2960.000000,70.434094,60,1.010000,1.300000,0.700000,0.155901,60,310.422310,6.980862,60,60,60,60,60,60,60,60,60,60,60,60,60,60,60,60,60,60,60,60,60,60,60,60,60,60,60,60,60,60,12.8789,12.94,12.83,24.08,26,22,29.00,6883168
2026-10-03 22:01:00,22.744437,22.819868,22.696270,0.027354,60,14.440986,14.494545,14.393835,0.021657,60,18.843773,18.925764,18.777752,0.030828,60,91.301667,91.400000,91.200000,0.053652,60,27.378108,27.408638,27.339211,0.014345,60,27.656485,27.699699,27.630272,0.013495,60,27.354698,27.395287,27.339211,0.013507,60,26.900000,26.900000,26.900000,0.000000,60,26.694755,26.717209,26.678574,0.006506,60,26.896564,26.913223,26.884598,0.005862,60,26.685086,26.698288,26.673630,0.006350,60,1002.800000,1002.800000,1002.800000,0.000000,60,1002.800000,1002.800000,1002.800000,0.000000,60,25.500000,25.500000,25.500000,0.000000,60,0.000267,0.034300,-0.094211,0.028419,60,-0.107525,-0.067177,-0.196329,0.028665,60,-0.122625,-0.075907,-0.189437,0.026248,60,-0.001339,-0.000829,-0.002069,0.000287,60,0.000003,0.000363,-0.000996,0.000300,60,-0.001149,-0.000718,-0.002099,0.000306,60,1.365513,1.503601,1.215617,0.067679,60,-178.903539,-178.750427,-179.038498,0.057968,60,-0.270930,-0.185996,-0.371422,0.045017,60,7.368230,7.532016,7.155777,0.067874,60,179.293420,179.380341,179.189636,0.050139,60,0.138620,0.252980,0.014502,0.048291,60,0.000000,11.566667,14.000000,10.000000,0.963163,60,3112.150000,3228.000000,3049.000000,38.614051,60,1.156667,1.400000,1.000000,0.096316,60,311.211665,3.827080,60,60,60,60,60,60,60,60,60,60,60,60,60,60,60,60,60,60,60,60,60,60,60,60,60,60,60,60,60,60,12.8795,12.96,12.83,24.03,26,23,29.00,6883202
2026-10-03 22:02:00,22.744132,22.819868,22.684061,0.026182,60,14.430177,14.479286,14.360266,0.027696,60,18.835228,18.892195,18.764019,0.022144,60,91.323333,91.800000,91.200000,0.131956,60,27.385629,27.408638,27.365913,0.013202,60,27.655106,27.686348,27.630272,0.012767,60,27.358837,27.395287,27.339211,0.013948,60,26.890000,26.900000,26.800000,0.030253,60,26.698641,26.712692,26.678329,0.007313,60,26.895375,26.908127,26.879105,0.005998,60,26.689702,26.709122,26.675949,0.005828,60,1002.800000,1002.800000,1002.800000,0.000000,60,1002.800000,1002.800000,1002.800000,0.000000,60,25.500000,25.500000,25.500000,0.000000,60,-0.011300,0.052365,-0.100385,0.032444,60,-0.113594,-0.066272,-0.202662,0.026340,60,-0.129024,-0.091399,-0.210903,0.028127,60,-0.001409,-0.000998,-0.002303,0.000307,60,-0.000119,0.000553,-0.001061,0.000343,60,-0.001214,-0.000708,-0.002166,0.000282,60,1.355545,1.455803,1.187594,0.054008,60,-178.895918,-178.777313,-179.009064,0.052973,60,-0.260535,-0.159808,-0.359406,0.046078,60,7.370308,7.465919,7.260583,0.051869,60,179.304296,179.434402,179.192657,0.055568,60,0.148699,0.291259,0.040700,0.049519,60,0.000000,10.466667,12.000000,8.000000,0.999435,60,3052.783333,3151.000000,2921.000000,59.239557,60,1.046667,1.200000,0.800000,0.099943,60,305.283373,5.871914,60,60,60,60,60,60,60,60,60,60,60,60,60,60,60,60,60,60,60,60,60,60,60,60,60,60,60,60,60,60,12.8799,12.93,12.83,24.04,26,22,29.01,6883235
2026-10-03 22:03:00,22.736960,22.787823,22.697796,0.022754,60,14.437502,14.494545,14.375525,0.027065,60,18.838000,18.910505,18.779278,0.029836,60,91.590000,91.800000,91.100000,0.154810,60,27.385451,27.424660,27.352562,0.014997,60,27.651100,27.672997,27.616920,0.014239,60,27.362798,27.381935,27.339211,0.012907,60,26.813333,26.900000,26.800000,0.034280,60,26.705150,26.723831,26.688583,0.008063,60,26.893088,26.912460,26.875259,0.007940,60,26.693924,26.710556,26.675400,0.006798,60,1002.800000,1002.800000,1002.800000,0.000000,60,1002.800000,1002.800000,1002.800000,0.000000,60,25.500000,25.500000,25.500000,0.000000,60,-0.020565,0.033385,-0.110217,0.031320,60,-0.122736,-0.076677,-0.207639,0.028712,60,-0.126195,-0.073916,-0.210239,0.030533,60,-0.001378,-0.000807,-0.002296,0.000333,60,-0.000217,0.000353,-0.001165,0.000331,60,-0.001312,-0.000820,-0.002220,0.000307,60,1.347646,1.503601,1.189487,0.063741,60,-178.888952,-178.710281,-179.009537,0.058325,60,-0.262818,-0.159431,-0.332620,0.040928,60,7.363969,7.486482,7.214170,0.061301,60,179.314398,179.487640,179.191711,0.054770,60,0.158003,0.227476,0.055603,0.039465,60,0.000000,7.150000,10.000000,5.000000,1.299609,60,3093.483333,3269.000000,2900.000000,70.068850,60,0.715000,1.000000,0.500000,0.129961,60,309.355599,6.938735,60,60,60,60,60,60,60,60,60,60,60,60,60,60,60,60,60,60,60,60,60,60,60,60,60,60,60,60,60,60,12.8780,12.93,12.82,23.93,26,22,29.00,6883269
2026-10-03 22:04:00,22.731263,22.789349,22.684061,0.026670,60,14.433102,14.493019,14.375525,0.024570,60,18.835253,18.892195,18.760967,0.028905,60,91.476667,91.600000,91.300000,0.116977,60,27.394441,27.424660,27.365913,0.014663,60,27.651634,27.672997,27.630272,0.013775,60,27.362709,27.395287,27.339211,0.013381,60,26.900000,26.900000,26.900000,0.000000,60,26.712637,26.730637,26.698685,0.006573,60,26.894443,26.910782,26.879929,0.007436,60,26.695273,26.710556,26.674789,0.007453,60,1002.800000,1002.800000,1002.800000,0.000000,60,1002.800000,1002.800000,1002.800000,0.000000,60,25.500000,25.500000,25.500000,0.000000,60,-0.024391,0.017379,-0.112504,0.029227,60,-0.117138,-0.074867,-0.199948,0.028066,60,-0.102678,-0.047359,-0.191650,0.030215,60,-0.001121,-0.000517,-0.002093,0.000330,60,-0.000258,0.000184,-0.001189,0.000309,60,-0.001252,-0.000800,-0.002137,0.000300,60,1.341351,1.502243,1.153207,0.066049,60,-178.884777,-178.753983,-178.997849,0.060614,60,-0.272011,-0.186569,-0.359652,0.042420,60,7.362505,7.466685,7.226399,0.055740,60,179.310059,179.448380,179.192657,0.053760,60,0.143838,0.251928,0.041300,0.048852,60,0.000000,5.433333,8.000000,3.000000,0.997738,60,3081.616667,3190.000000,2929.000000,55.576819,60,0.543333,0.800000,0.300000,0.099774,60,308.165224,5.507772,60,60,60,60,60,60,60,60,60,60,60,60,60,60,60,60,60,60,60,60,60,60,60,60,60,60,60,60,60,60,12.8809,12.94,12.83,24.02,26,22,29.01,6883303
2026-10-03 22:05:00,22.735561,22.806133,22.687113,0.023158,60,14.433585,14.494545,14.360266,0.028321,60,18.836627,18.910505,18.764019,0.028507,60,91.600000,92.000000,91.400000,0.174667,60,27.398535,27.438011,27.365913,0.013321,60,27.648964,27.672997,27.630272,0.011738,60,27.368406,27.395287,27.339211,0.011910,60,26.871667,26.900000,26.800000,0.045442,60,26.715338,26.731216,26.697861,0.007042,60,26.892763,26.909073,26.871567,0.006443,60,26.697759,26.712173,26.677017,0.007178,60,1002.800000,1002.800000,1002.800000,0.000000,60,1002.800000,1002.800000,1002.800000,0.000000,60,25.503333,25.600000,25.500000,0.018102,60,-0.022150,0.015778,-0.106330,0.029599,60,-0.113926,-0.069665,-0.194520,0.028077,60,-0.113179,-0.069932,-0.218870,0.031437,60,-0.001236,-0.000764,-0.002390,0.000343,60,-0.000234,0.000167,-0.001124,0.000313,60,-0.001218,-0.000745,-0.002079,0.000300,60,1.343232,1.492469,1.132760,0.072954,60,-178.890978,-178.778763,-179.009766,0.056902,60,-0.268588,-0.159657,-0.398174,0.043576,60,7.361546,7.507911,7.242390,0.053977,60,179.303254,179.407440,179.164169,0.056857,60,0.136756,0.226032,0.014689,0.045186,60,0.000000,7.333333,10.000000,5.000000,1.271149,60,3078.100000,3142.000000,2931.000000,41.682700,60,0.733333,1.000000,0.500000,0.127115,60,307.814725,4.129997,60,60,60,60,60,60,60,60,60,60,60,60,60,60,60,60,60,60,60,60,60,60,60,60,60,60,60,60,60,60,12.8782,12.93,12.83,24.06,26,22,29.01,6883337
2026-10-03 22:06:00,22.731136,22.775616,22.670328,0.022012,60,14.435772,14.494545,14.343480,0.025826,60,18.829887,18.907454,18.777752,0.027609,60,91.710000,91.800000,91.200000,0.077460,60,27.402897,27.424660,27.381935,0.010792,60,27.645582,27.686348,27.630272,0.011328,60,27.370942,27.408638,27.339211,0.015352,60,26.801667,26.900000,26.800000,0.012910,60,26.718947,26.740250,26.704300,0.007357,60,26.892165,26.911148,26.878036,0.006625,60,26.700818,26.718185,26.684982,0.006611,60,1002.800000,1002.800000,1002.800000,0.000000,60,1002.800000,1002.800000,1002.800000,0.000000,60,25.500000,25.500000,25.500000,0.000000,60,-0.021209,0.030184,-0.115248,0.031239,60,-0.111272,-0.072832,-0.203793,0.027879,60,-0.107927,-0.068162,-0.201166,0.028794,60,-0.001179,-0.000744,-0.002197,0.000314,60,-0.000224,0.000319,-0.001218,0.000330,60,-0.001189,-0.000779,-0.002179,0.000298,60,1.354460,1.463447,1.242113,0.057392,60,-178.904247,-178.781357,-179.011627,0.051299,60,-0.254096,-0.160642,-0.333088,0.039091,60,7.369166,7.511331,7.198236,0.058815,60,179.298301,179.434280,179.163177,0.058456,60,0.149181,0.252980,0.042002,0.052967,60,0.000000,8.083333,10.000000,6.000000,0.925929,60,3012.416667,3158.000000,2853.000000,74.672004,60,0.808333,1.000000,0.600000,0.092593,60,301.255680,7.398933,60,60,60,60,60,60,60,60,60,60,60,60,60,60,60,60,60,60,60,60,60,60,60,60,60,60,60,60,60,60,12.8791,12.93,12.83,24.09,26,22,29.00,6883371
2026-10-03 22:07:00,22.729915,22.778667,22.670328,0.026391,60,14.435340,14.511330,14.360266,0.027026,60,18.834669,18.893721,18.779278,0.026635,60,91.488333,91.900000,91.200000,0.188744,60,27.407481,27.424660,27.381935,0.011752,60,27.647851,27.672997,27.616920,0.013029,60,27.373079,27.395287,27.339211,0.013187,60,26.870000,26.900000,26.800000,0.046212,60,26.721720,26.735306,26.705856,0.007617,60,26.893324,26.915634,26.881607,0.007012,60,26.703395,26.717300,26.688309,0.006601,60,1002.800000,1002.800000,1002.800000,0.000000,60,1002.800000,1002.800000,1002.800000,0.000000,60,25.500000,25.500000,25.500000,0.000000,60,-0.029441,0.032928,-0.128739,0.033272,60,-0.124787,-0.066499,-0.217591,0.026855,60,-0.125778,-0.076350,-0.225509,0.031616,60,-0.001374,-0.000834,-0.002463,0.000345,60,-0.000311,0.000348,-0.001361,0.000352,60,-0.001334,-0.000711,-0.002326,0.000287,60,1.326686,1.557138,1.191765,0.069500,60,-178.883408,-178.738937,-179.010239,0.052936,60,-0.268040,-0.159884,-0.372682,0.044756,60,7.362191,7.495576,7.179197,0.066116,60,179.303310,179.448135,179.149673,0.050841,60,0.148520,0.265398,0.015440,0.054399,60,0.000000,6.450000,8.000000,4.000000,1.048405,60,3007.616667,3167.000000,2813.000000,93.070611,60,0.645000,0.800000,0.400000,0.104840,60,300.777985,9.221515,60,60,60,60,60,60,60,60,60,60,60,60,60,60,60,60,60,60,60,60,60,60,60,60,60,60,60,60,60,60,12.8774,12.93,12.83,24.06,27,22,29.00,6883404
2026-10-03 22:08:00,22.724651,22.792400,22.668802,0.028637,60,14.430457,14.493019,14.375525,0.028269,60,18.826581,18.893721,18.779278,0.024592,60,91.485000,92.000000,91.400000,0.128650,60,27.411842,27.438011,27.395287,0.012705,60,27.648118,27.672997,27.630272,0.012683,60,27.378820,27.408638,27.352562,0.013457,60,26.893333,26.900000,26.800000,0.025155,60,26.728893,26.742050,26.715988,0.006548,60,26.893149,26.904099,26.879929,0.006519,60,26.709157,26.724564,26.697159,0.006343,60,1002.805000,1002.900000,1002.800000,0.021978,60,1002.805000,1002.900000,1002.800000,0.021978,60,25.501667,25.600000,25.500000,0.012910,60,-0.033980,0.008461,-0.132398,0.027580,60,-0.134547,-0.090700,-0.225960,0.030472,60,-0.126203,-0.082768,-0.232149,0.032078,60,-0.001378,-0.000904,-0.002535,0.000350,60,-0.000359,0.000089,-0.001399,0.000292,60,-0.001438,-0.000970,-0.002416,0.000326,60,1.336309,1.467001,1.188350,0.065142,60,-178.883077,-178.755142,-178.996658,0.058966,60,-0.259068,-0.185751,-0.359406,0.043919,60,7.362641,7.505145,7.185149,0.056532,60,179.309460,179.434402,179.191147,0.057271,60,0.140682,0.226753,0.001353,0.044975,60,0.000000,8.233333,11.000000,6.000000,1.094929,60,2982.466667,3147.000000,2801.000000,102.006226,60,0.823333,1.100000,0.600000,0.109493,60,298.252597,10.114947,60,60,60,60,60,60,60,60,60,60,60,60,60,60,60,60,60,60,60,60,60,60,60,60,60,60,60,60,60,60,12.8758,12.93,12.82,24.03,26,22,29.00,6883438
2026-10-03 22:09:00,22.725083,22.778667,22.627604,0.029647,60,14.424582,14.493019,14.375525,0.029938,60,18.826225,18.893721,18.777752,0.026391,60,91.443333,91.900000,91.300000,0.175988,60,27.420076,27.438011,27.395287,0.011821,60,27.646516,27.672997,27.630272,0.011710,60,27.381179,27.408638,27.352562,0.014921,60,26.885000,26.900000,26.800000,0.036008,60,26.736455,26.753372,26.718887,0.006811,60,26.895466,26.916458,26.877182,0.006803,60,26.716236,26.728317,26.704910,0.006182,60,1002.806667,1002.900000,1002.800000,0.025155,60,1002.806667,1002.900000,1002.800000,0.025155,60,25.500000,25.500000,25.500000,0.000000,60,-0.047002,-0.002058,-0.144060,0.031462,60,-0.142143,-0.103819,-0.232067,0.027074,60,-0.142989,-0.099808,-0.229714,0.029116,60,-0.001561,-0.001090,-0.002508,0.000318,60,-0.000497,-0.000022,-0.001523,0.000333,60,-0.001520,-0.001110,-0.002481,0.000289,60,1.352034,1.464779,1.188350,0.057644,60,-178.887033,-178.751617,-178.996201,0.056718,60,-0.269839,-0.159657,-0.372682,0.042020,60,7.365607,7.505144,7.230392,0.064906,60,179.308124,179.447372,179.150665,0.055090,60,0.139500,0.226032,0.001715,0.049444,60,0.000000,9.100000,12.000000,6.000000,1.258193,60,2860.466667,2985.000000,2679.000000,76.304356,60,0.910000,1.200000,0.600000,0.125819,60,286.056509,7.560834,60,60,60,60,60,60,60,60,60,60,60,60,60,60,60,60,60,60,60,60,60,60,60,60,60,60,60,60,60,60,12.8746,12.93,12.81,24.01,26,22,29.00,6883472
2026-10-03 22:10:00,22.725134,22.819868,22.670328,0.031237,60,14.421988,14.457923,14.360266,0.023450,60,18.827929,18.878462,18.713665,0.025642,60,91.443333,91.500000,91.400000,0.049972,60,27.425683,27.451363,27.395287,0.013854,60,27.646917,27.672997,27.630272,0.011752,60,27.387053,27.408638,27.368584,0.011813,60,26.900000,26.900000,26.900000,0.000000,60,26.743936,26.757462,26.724136,0.007436,60,26.898062,26.914780,26.884933,0.007160,60,26.720238,26.741653,26.702194,0.007446,60,1002.808333,1002.900000,1002.800000,0.027872,60,1002.808333,1002.900000,1002.800000,0.027872,60,25.500000,25.500000,25.500000,0.000000,60,-0.058455,-0.013491,-0.149091,0.029817,60,-0.157222,-0.106307,-0.250388,0.025976,60,-0.155337,-0.108882,-0.243878,0.032112,60,-0.001696,-0.001189,-0.002663,0.000351,60,-0.000618,-0.000143,-0.001576,0.000315,60,-0.001681,-0.001136,-0.002677,0.000278,60,1.337593,1.495179,1.187216,0.057853,60,-178.899275,-178.740433,-179.009766,0.053246,60,-0.269879,-0.159657,-0.398439,0.051821,60,7.369939,7.505145,7.200223,0.063290,60,179.307371,179.380341,179.190567,0.050857,60,0.149868,0.251478,0.053537,0.040608,60,0.000000,10.666667,13.000000,6.000000,1.901531,60,2808.766667,2984.000000,2585.000000,71.045788,60,1.066667,1.300000,0.600000,0.190153,60,280.887421,7.032549,60,60,60,60,60,60,60,60,60,60,60,60,60,60,60,60,60,60,60,60,60,60,60,60,60,60,60,60,60,60,12.8775,12.93,12.83,24.07,26,23,29.01,6883506
2026-10-03 22:11:00,22.724753,22.792400,22.670328,0.026729,60,14.422421,14.479286,14.360266,0.028379,60,18.818392,18.878462,18.747234,0.033668,60,91.485000,91.600000,91.300000,0.063313,60,27.430223,27.464714,27.408638,0.011236,60,27.649899,27.672997,27.616920,0.009455,60,27.396177,27.438011,27.368584,0.014263,60,26.900000,26.900000,26.900000,0.000000,60,26.754595,26.768875,26.739700,0.007015,60,26.902490,26.914383,26.887650,0.007005,60,26.726844,26.743332,26.713150,0.006594,60,1002.800000,1002.800000,1002.800000,0.000000,60,1002.800000,1002.800000,1002.800000,0.000000,60,25.500000,25.500000,25.500000,0.000000,60,-0.052738,-0.010061,-0.146118,0.030333,60,-0.155510,-0.111736,-0.237495,0.028233,60,-0.160833,-0.093612,-0.248083,0.029700,60,-0.001756,-0.001022,-0.002709,0.000324,60,-0.000557,-0.000106,-0.001544,0.000321,60,-0.001662,-0.001194,-0.002539,0.000302,60,1.345292,1.467447,1.241330,0.059950,60,-178.882132,-178.752792,-178.970749,0.048548,60,-0.263954,-0.186323,-0.359652,0.038533,60,7.370483,7.466685,7.147862,0.056653,60,179.308631,179.447128,179.191513,0.045709,60,0.136532,0.224882,0.053949,0.046081,60,0.000000,11.333333,14.000000,5.000000,2.005642,60,2710.350000,2967.000000,2643.000000,62.173029,60,1.133333,1.400000,0.500000,0.200564,60,271.015652,6.150140,60,60,60,60,60,60,60,60,60,60,60,60,60,60,60,60,60,60,60,60,60,60,60,60,60,60,60,60,60,60,12.8785,12.93,12.82,24.16,26,22,29.00,6883540
2026-10-03 22:12:00,22.716004,22.778667,22.656595,0.028671,60,14.423336,14.479286,14.360266,0.026491,60,18.819308,18.861677,18.747234,0.026741,60,91.226667,91.700000,91.100000,0.075614,60,27.439569,27.480736,27.408638,0.011564,60,27.654839,27.672997,27.616920,0.012743,60,27.394530,27.424660,27.368584,0.012331,60,26.898333,26.900000,26.800000,0.012910,60,26.761454,26.783768,26.744339,0.007067,60,26.903062,26.915085,26.885513,0.006127,60,26.735373,26.746567,26.719376,0.006520,60,1002.800000,1002.800000,1002.800000,0.000000,60,1002.800000,1002.800000,1002.800000,0.000000,60,25.500000,25.500000,25.500000,0.000000,60,-0.045893,0.005259,-0.126910,0.028367,60,-0.140522,-0.103593,-0.206055,0.023489,60,-0.142273,-0.077014,-0.248083,0.033378,60,-0.001554,-0.000841,-0.002709,0.000364,60,-0.000485,0.000056,-0.001341,0.000300,60,-0.001502,-0.001107,-0.002203,0.000251,60,1.339207,1.609235,1.147290,0.077150,60,-178.884457,-178.792328,-178.995499,0.052200,60,-0.260594,-0.159884,-0.398836,0.041198,60,7.362564,7.554564,7.163707,0.068387,60,179.309320,179.447876,179.190018,0.062477,60,0.152070,0.252378,0.054464,0.048042,60,0.000000,9.366667,13.000000,6.000000,1.389631,60,2681.833333,2939.000000,2460.000000,118.774129,60,0.936667,1.300000,0.600000,0.138963,60,268.189111,11.768281,60,60,60,60,60,60,60,60,60,60,60,60,60,60,60,60,60,60,60,60,60,60,60,60,60,60,60,60,60,60,12.8786,12.93,12.83,24.10,26,23,29.00,6883573
2026-10-03 22:13:00,22.722668,22.792400,22.659647,0.025191,60,14.424608,14.511330,14.375525,0.027584,60,18.823657,18.878462,18.747234,0.025858,60,91.241667,91.600000,91.100000,0.203605,60,27.447001,27.480736,27.424660,0.013383,60,27.652658,27.672997,27.630272,0.011027,60,27.402941,27.424660,27.381935,0.011151,60,26.876667,26.900000,26.800000,0.042652,60,26.769826,26.784317,26.748428,0.006514,60,26.907661,26.923813,26.893784,0.005937,60,26.738627,26.758041,26.722763,0.007754,60,1002.800000,1002.800000,1002.800000,0.000000,60,1002.800000,1002.800000,1002.800000,0.000000,60,25.500000,25.500000,25.500000,0.000000,60,-0.026068,0.026754,-0.123709,0.031598,60,-0.116750,-0.066725,-0.202889,0.031406,60,-0.096172,-0.049572,-0.184125,0.027752,60,-0.001050,-0.000541,-0.002011,0.000303,60,-0.000276,0.000283,-0.001308,0.000334,60,-0.001248,-0.000713,-0.002169,0.000336,60,1.366126,1.495179,1.242113,0.054489,60,-178.891108,-178.778183,-179.010468,0.047941,60,-0.265173,-0.186323,-0.358668,0.039989,60,7.368922,7.501025,7.194261,0.065741,60,179.296146,179.433884,179.151077,0.055024,60,0.139703,0.225888,0.002260,0.040769,60,0.000000,8.500000,11.000000,6.000000,1.512658,60,2537.316667,2663.000000,2424.000000,67.017198,60,0.850000,1.100000,0.600000,0.151266,60,253.729828,6.644194,60,60,60,60,60,60,60,60,60,60,60,60,60,60,60,60,60,60,60,60,60,60,60,60,60,60,60,60,60,60,12.8765,12.94,12.82,24.09,26,22,29.00,6883607
2026-10-03 22:14:00,22.719667,22.778667,22.656595,0.027290,60,14.421810,14.457923,14.360266,0.026823,60,18.826276,18.879988,18.731976,0.028289,60,91.248333,91.700000,91.000000,0.184567,60,27.451363,27.464714,27.424660,0.009833,60,27.658310,27.699699,27.630272,0.014932,60,27.406813,27.438011,27.381935,0.013823,60,26.876667,26.900000,26.800000,0.042652,60,26.773638,26.793961,26.759201,0.006672,60,26.905748,26.919662,26.895248,0.006114,60,26.742723,26.758835,26.725143,0.007496,60,1002.800000,1002.800000,1002.800000,0.000000,60,1002.800000,1002.800000,1002.800000,0.000000,60,25.493333,25.500000,25.300000,0.036204,60,-0.019715,0.043447,-0.102214,0.029784,60,-0.100125,-0.051797,-0.188187,0.028781,60,-0.084317,-0.031647,-0.165093,0.029131,60,-0.000921,-0.000346,-0.001803,0.000318,60,-0.000208,0.000459,-0.001080,0.000315,60,-0.001070,-0.000554,-0.002012,0.000308,60,1.344886,1.469230,1.212541,0.053520,60,-178.880976,-178.739243,-178.997849,0.053171,60,-0.262782,-0.185996,-0.332620,0.038335,60,7.379592,7.511331,7.200224,0.059603,60,179.316918,179.433380,179.163971,0.057907,60,0.143911,0.253131,0.041200,0.048980,60,0.000000,9.900000,13.000000,6.000000,2.160508,60,2669.750000,2773.000000,2518.000000,43.286442,60,0.990000,1.300000,0.600000,0.216051,60,266.976949,4.288955,60,60,60,60,60,60,60,60,60,60,60,60,60,60,60,60,60,60,60,60,60,60,60,60,60,60,60,60,60,60,12.8760,12.93,12.82,24.03,26,23,29.00,6883641
2026-10-03 22:15:00,22.718421,22.780193,22.659647,0.025931,60,14.420208,14.494545,14.360266,0.029965,60,18.820808,18.879988,18.747234,0.023970,60,91.293333,91.600000,91.000000,0.232792,60,27.455235,27.494087,27.424660,0.014671,60,27.653192,27.686348,27.630272,0.012652,60,27.410107,27.438011,27.395287,0.012701,60,26.856667,26.900000,26.800000,0.049972,60,26.772638,26.783951,26.756332,0.005387,60,26.906218,26.918655,26.892258,0.006662,60,26.743741,26.758194,26.722977,0.007584,60,1002.800000,1002.800000,1002.800000,0.000000,60,1002.800000,1002.800000,1002.800000,0.000000,60,25.493333,25.500000,25.300000,0.036204,60,-0.016887,0.038645,-0.119364,0.033399,60,-0.082882,-0.019678,-0.186377,0.029524,60,-0.066672,0.001328,-0.183019,0.036260,60,-0.000728,0.000014,-0.001999,0.000396,60,-0.000178,0.000408,-0.001262,0.000353,60,-0.000886,-0.000210,-0.001992,0.000316,60,1.342710,1.428075,1.176036,0.057484,60,-178.890993,-178.779922,-178.997375,0.045344,60,-0.255815,-0.160111,-0.332504,0.039262,60,7.352727,7.483105,7.250569,0.052713,60,179.315175,179.487991,179.191513,0.048473,60,0.134637,0.252980,0.054361,0.047510,60,0.000000,9.950000,13.000000,7.000000,1.620054,60,2456.166667,2622.000000,2341.000000,57.371571,60,0.995000,1.300000,0.700000,0.162005,60,245.614771,5.685470,60,60,60,60,60,60,60,60,60,60,60,60,60,60,60,60,60,60,60,60,60,60,60,60,60,60,60,60,60,60,12.8750,12.93,12.83,24.01,26,23,29.00,6883675
2026-10-03 22:16:00,22.712699,22.764935,22.673380,0.020830,60,14.420437,14.479286,14.343480,0.028488,60,18.816536,18.879988,18.764019,0.027506,60,91.458333,91.600000,91.400000,0.067124,60,27.455769,27.480736,27.438011,0.011767,60,27.654171,27.686348,27.630272,0.012777,60,27.409573,27.438011,27.381935,0.011549,60,26.800000,26.800000,26.800000,0.000001,60,26.770235,26.782455,26.753708,0.006233,60,26.901540,26.921005,26.884018,0.007389,60,26.741202,26.753494,26.728256,0.005832,60,1002.768333,1002.800000,1002.700000,0.046910,60,1002.768333,1002.800000,1002.700000,0.046910,60,25.500000,25.500000,25.500000,0.000000,60,-0.007737,0.036358,-0.115477,0.033419,60,-0.061534,-0.021261,-0.143628,0.028401,60,-0.038297,0.013057,-0.127471,0.032506,60,-0.000418,0.000143,-0.001392,0.000355,60,-0.000082,0.000384,-0.001221,0.000353,60,-0.000658,-0.000227,-0.001535,0.000304,60,1.348520,1.528075,1.211008,0.065255,60,-178.883437,-178.751022,-178.995010,0.049844,60,-0.276836,-0.146044,-0.372429,0.045850,60,7.373395,7.501025,7.230165,0.057046,60,179.296147,179.379608,179.190201,0.050292,60,0.138147,0.291259,0.041300,0.048856,60,0.000000,9.883333,12.000000,7.000000,1.165779,60,2407.150000,2484.000000,2293.000000,53.215846,60,0.988333,1.200000,0.700000,0.116578,60,240.719182,5.275545,60,60,60,60,60,60,60,60,60,60,60,60,60,60,60,60,60,60,60,60,60,60,60,60,60,60,60,60,60,60,12.8767,12.93,12.83,24.17,26,22,29.00,6883709
2026-10-03 22:17:00,22.703899,22.751202,22.642862,0.026073,60,14.423362,14.511330,14.360266,0.032293,60,18.811348,18.861677,18.764019,0.025959,60,91.453333,91.600000,91.000000,0.164128,60,27.462889,27.494087,27.438011,0.011162,60,27.652880,27.672997,27.630272,0.011514,60,27.411976,27.438011,27.381935,0.012967,60,26.811667,26.900000,26.800000,0.032373,60,26.765649,26.778152,26.751694,0.005993,60,26.899412,26.916183,26.886734,0.006195,60,26.736678,26.752579,26.724106,0.006234,60,1002.710000,1002.800000,1002.700000,0.030253,60,1002.710000,1002.800000,1002.700000,0.030253,60,25.480000,25.500000,25.300000,0.060506,60,-0.005191,0.029955,-0.095583,0.027854,60,-0.042670,0.006333,-0.123950,0.030826,60,-0.016849,0.059752,-0.109546,0.031337,60,-0.000184,0.000652,-0.001196,0.000342,60,-0.000055,0.000317,-0.001010,0.000294,60,-0.000456,0.000068,-0.001325,0.000330,60,1.343105,1.491568,1.215617,0.061602,60,-178.888016,-178.713333,-179.009766,0.054975,60,-0.267302,-0.160414,-0.438776,0.048414,60,7.362036,7.488691,7.279778,0.044608,60,179.304849,179.434906,179.231079,0.046403,60,0.141417,0.266166,0.054671,0.051785,60,0.000000,9.583333,12.000000,8.000000,0.869281,60,2326.616667,2453.000000,2203.000000,64.288832,60,0.958333,1.200000,0.800000,0.086928,60,232.659434,6.372832,60,60,60,60,60,60,60,60,60,60,60,60,60,60,60,60,60,60,60,60,60,60,60,60,60,60,60,60,60,60,12.8742,12.93,12.82,24.12,26,22,29.00,6883742
2026-10-03 22:18:00,22.706646,22.761883,22.659647,0.024580,60,14.417741,14.494545,14.343480,0.028709,60,18.808728,18.879988,18.764019,0.024423,60,91.311667,91.500000,91.200000,0.094046,60,27.454923,27.494087,27.424660,0.013162,60,27.655061,27.686348,27.630272,0.011718,60,27.408638,27.424660,27.381935,0.011992,60,26.800000,26.800000,26.800000,0.000001,60,26.758731,26.772598,26.736801,0.007353,60,26.898726,26.914047,26.884750,0.006780,60,26.731037,26.743454,26.712753,0.006013,60,1002.700000,1002.700000,1002.700000,0.000041,60,1002.700000,1002.700000,1002.700000,0.000041,60,25.493333,25.500000,25.300000,0.036204,60,-0.006445,0.040931,-0.105644,0.032106,60,-0.040389,0.003845,-0.122819,0.025645,60,-0.002021,0.059088,-0.095382,0.031355,60,-0.000022,0.000645,-0.001042,0.000342,60,-0.000068,0.000433,-0.001117,0.000339,60,-0.000432,0.000041,-0.001313,0.000274,60,1.337176,1.557604,1.191385,0.067913,60,-178.892005,-178.750427,-179.012787,0.055382,60,-0.269718,-0.160262,-0.359776,0.041872,60,7.352004,7.505145,7.203052,0.063047,60,179.293657,179.406357,179.163177,0.054788,60,0.129544,0.226609,0.001806,0.049229,60,0.000000,9.316667,12.000000,7.000000,1.016669,60,2246.450000,2404.000000,2099.000000,51.078678,60,0.931667,1.200000,0.700000,0.101667,60,224.643365,5.060347,60,60,60,60,60,60,60,60,60,60,60,60,60,60,60,60,60,60,60,60,60,60,60,60,60,60,60,60,60,60,12.8743,12.94,12.83,24.03,26,22,29.00,6883776
2026-10-03 22:19:00,22.714250,22.780193,22.670328,0.026707,60,14.423591,14.508278,14.360266,0.031084,60,18.814908,18.864729,18.747234,0.029560,60,91.125000,91.200000,91.100000,0.043667,60,27.455546,27.480736,27.424660,0.011193,60,27.651545,27.672997,27.630272,0.011992,60,27.409350,27.438011,27.368584,0.016679,60,26.800000,26.800000,26.800000,0.000001,60,26.746826,26.766251,26.727219,0.008475,60,26.897562,26.912369,26.882339,0.006710,60,26.724523,26.741043,26.706192,0.006872,60,1002.700000,1002.700000,1002.700000,0.000041,60,1002.700000,1002.700000,1002.700000,0.000041,60,25.476667,25.500000,25.300000,0.064746,60,0.006483,0.058539,-0.096497,0.032520,60,-0.026238,0.023523,-0.113998,0.028474,60,0.028205,0.071481,-0.064842,0.031411,60,0.000308,0.000781,-0.000708,0.000343,60,0.000069,0.000619,-0.001020,0.000344,60,-0.000280,0.000251,-0.001219,0.000304,60,1.339003,1.504055,1.213309,0.068710,60,-178.887223,-178.779922,-179.010468,0.053478,60,-0.268863,-0.146623,-0.372682,0.050893,60,7.355825,7.474887,7.224404,0.057662,60,179.314626,179.447754,179.163574,0.058350,60,0.146888,0.251928,0.053949,0.042044,60,0.000000,6.616667,8.000000,4.000000,0.903696,60,2134.233333,2348.000000,1917.000000,122.409616,60,0.661667,0.800000,0.400000,0.090370,60,213.416732,12.134100,60,60,60,60,60,60,60,60,60,60,60,60,60,60,60,60,60,60,60,60,60,60,60,60,60,60,60,60,60,60,12.8755,12.92,12.83,24.26,26,23,29.00,6883810
2026-10-03 22:20:00,22.703263,22.748150,22.641336,0.023673,60,14.410748,14.457923,14.343480,0.024315,60,18.810559,18.896772,18.747234,0.032074,60,91.320000,91.600000,91.000000,0.173498,60,27.444464,27.480736,27.408638,0.012898,60,27.649632,27.672997,27.616920,0.012049,60,27.402808,27.424660,27.381935,0.011855,60,26.823333,26.900000,26.800000,0.042652,60,26.729844,26.748245,26.710342,0.009383,60,26.892113,26.904190,26.870102,0.006728,60,26.711412,26.729996,26.697189,0.006714,60,1002.700000,1002.700000,1002.700000,0.000041,60,1002.700000,1002.700000,1002.700000,0.000041,60,25.486667,25.500000,25.300000,0.050310,60,0.048698,0.105187,-0.055566,0.034749,60,0.025665,0.091831,-0.051797,0.030828,60,0.078379,0.135881,-0.026999,0.035450,60,0.000856,0.001484,-0.000295,0.000387,60,0.000515,0.001112,-0.000587,0.000367,60,0.000274,0.000982,-0.000554,0.000330,60,1.348979,1.503601,1.169301,0.060663,60,-178.884515,-178.779633,-178.995956,0.050509,60,-0.265272,-0.160414,-0.359652,0.041442,60,7.364683,7.509268,7.214170,0.057914,60,179.309155,179.446381,179.219406,0.049370,60,0.138290,0.291738,0.041300,0.050053,60,0.000000,7.633333,9.000000,6.000000,1.024557,60,2095.050000,2165.000000,1993.000000,42.966059,60,0.763333,0.900000,0.600000,0.102456,60,209.506142,4.259578,60,60,60,60,60,60,60,60,60,60,60,60,60,60,60,60,60,60,60,60,60,60,60,60,60,60,60,60,60,60,12.8764,12.93,12.82,24.18,26,22,29.00,6883844
2026-10-03 22:21:00,22.702983,22.761883,22.641336,0.026521,60,14.410391,14.479286,14.325170,0.028237,60,18.813662,18.893721,18.747234,0.030861,60,91.338333,91.600000,91.000000,0.231496,60,27.435786,27.451363,27.395287,0.013679,60,27.648741,27.686348,27.630272,0.012982,60,27.396043,27.424660,27.368584,0.011060,60,26.840000,26.900000,26.800000,0.049403,60,26.710153,26.725357,26.688889,0.008925,60,26.879557,26.901535,26.862595,0.008261,60,26.694815,26.710281,26.678696,0.007228,60,1002.700000,1002.700000,1002.700000,0.000041,60,1002.700000,1002.700000,1002.700000,0.000041,60,25.476667,25.500000,25.300000,0.064746,60,0.078734,0.130111,-0.005717,0.028810,60,0.042161,0.085724,-0.037773,0.026519,60,0.100428,0.141856,0.014385,0.029750,60,0.001097,0.001549,0.000157,0.000325,60,0.000832,0.001375,-0.000060,0.000305,60,0.000451,0.000916,-0.000404,0.000283,60,1.339796,1.467002,1.174909,0.058784,60,-178.889130,-178.751617,-179.037598,0.060105,60,-0.260186,-0.146189,-0.359037,0.043419,60,7.367863,7.498967,7.240387,0.060605,60,179.312801,179.447510,179.163971,0.055805,60,0.144867,0.264173,0.001987,0.051746,60,0.000000,8.550000,9.000000,8.000000,0.501692,60,2102.183333,2189.000000,2023.000000,29.892174,60,0.855000,0.900000,0.800000,0.050169,60,210.218183,2.963377,60,60,60,60,60,60,60,60,60,60,60,60,60,60,60,60,60,60,60,60,60,60,60,60,60,60,60,60,60,60,12.8747,12.93,12.82,24.11,26,22,29.00,6883879
2026-10-03 22:22:00,22.701762,22.775616,22.655069,0.028179,60,14.419649,14.476234,14.360266,0.025248,60,18.811246,18.861677,18.745708,0.030828,60,91.400000,91.500000,91.000000,0.201688,60,27.415180,27.451363,27.395287,0.014446,60,27.637660,27.672997,27.616920,0.010975,60,27.385674,27.408638,27.352562,0.010874,60,26.820000,26.900000,26.800000,0.040338,60,26.689239,26.711075,26.671494,0.008415,60,26.871471,26.885391,26.852676,0.006991,60,26.678752,26.697067,26.658798,0.008250,60,1002.700000,1002.700000,1002.700000,0.000041,60,1002.700000,1002.700000,1002.700000,0.000041,60,25.460000,25.500000,25.300000,0.080675,60,0.080133,0.122108,-0.027440,0.030705,60,0.035764,0.087986,-0.061749,0.030478,60,0.096954,0.153364,0.009959,0.027822,60,0.001059,0.001675,0.000109,0.000304,60,0.000847,0.001291,-0.000290,0.000325,60,0.000382,0.000941,-0.000660,0.000326,60,1.334252,1.428948,1.189487,0.051874,60,-178.897906,-178.752792,-178.997375,0.054710,60,-0.262232,-0.185751,-0.332620,0.037473,60,7.359390,7.453626,7.246396,0.053033,60,179.306474,179.447372,179.191147,0.046298,60,0.142745,0.318908,0.041801,0.054776,60,0.000000,8.600000,10.000000,8.000000,0.527225,60,2149.933333,2186.000000,2123.000000,15.402913,60,0.860000,1.000000,0.800000,0.052722,60,214.993228,1.527317,60,60,60,60,60,60,60,60,60,60,60,60,60,60,60,60,60,60,60,60,60,60,60,60,60,60,60,60,60,60,12.8724,12.93,12.82,23.99,26,23,29.00,6883913
2026-10-03 22:23:00,22.699016,22.760357,22.641336,0.025697,60,14.413392,14.457923,14.343480,0.027107,60,18.810000,18.860151,18.745708,0.025407,60,91.383051,91.500000,91.200000,0.105295,59,27.402808,27.424660,27.381935,0.012355,60,27.632052,27.656975,27.616920,0.010846,60,27.369429,27.395287,27.339211,0.013031,60,26.800000,26.800000,26.800000,0.000001,59,26.669577,26.692795,26.651108,0.008737,60,26.860463,26.881790,26.843430,0.008382,60,26.661993,26.679245,26.638718,0.008428,60,1002.700000,1002.700000,1002.700000,0.000041,59,1002.700000,1002.700000,1002.700000,0.000041,59,25.442373,25.500000,25.300000,0.091356,59,0.078959,0.135142,-0.012577,0.032916,60,0.034365,0.082105,-0.045463,0.030360,60,0.091089,0.137209,-0.002213,0.027192,60,0.000995,0.001498,-0.000024,0.000297,60,0.000835,0.001428,-0.000133,0.000348,60,0.000367,0.000878,-0.000486,0.000325,60,1.351918,1.507234,1.188350,0.067702,60,-178.885518,-178.792328,-178.996902,0.044026,60,-0.255290,-0.186405,-0.333439,0.038171,60,7.364633,7.538157,7.201059,0.069794,60,179.304262,179.407028,179.219040,0.044562,60,0.141107,0.213141,0.001353,0.044408,60,0.000000,9.050000,10.000000,8.000000,0.387298,60,2149.000000,2191.000000,2108.000000,17.187895,60,0.905000,1.000000,0.800000,0.038730,60,214.900023,1.704291,60,60,60,60,60,60,60,60,60,60,60,60,60,60,60,60,60,60,60,60,60,60,59,59,59,59,59,59,60,60,12.8751,12.93,12.83,24.05,26,22,29.00,6883947
2026-10-03 22:24:00,22.708273,22.760357,22.655069,0.025647,60,14.413825,14.476234,14.343480,0.026000,60,18.813357,18.875410,18.728924,0.029671,60,91.320000,91.400000,91.200000,0.048011,60,27.383938,27.408638,27.365913,0.013152,60,27.621549,27.643623,27.600899,0.012610,60,27.355989,27.381935,27.325859,0.011933,60,26.800000,26.800000,26.800000,0.000001,60,26.651540,26.666397,26.630173,0.008254,60,26.850537,26.870743,26.833206,0.008802,60,26.646549,26.659897,26.632248,0.006300,60,1002.700000,1002.700000,1002.700000,0.000041,60,1002.700000,1002.700000,1002.700000,0.000041,60,25.300000,25.300000,25.300000,0.000001,60,0.082743,0.133313,-0.007317,0.030614,60,0.028130,0.075320,-0.045237,0.028477,60,0.080160,0.145176,-0.026778,0.031119,60,0.000875,0.001585,-0.000292,0.000340,60,0.000875,0.001409,-0.000077,0.000324,60,0.000301,0.000805,-0.000484,0.000304,60,1.336580,1.465667,1.177917,0.068982,60,-178.883141,-178.794617,-178.997375,0.047843,60,-0.275722,-0.146841,-0.372429,0.053806,60,7.365210,7.564280,7.236591,0.056298,60,179.307349,179.407303,179.190964,0.057821,60,0.145825,0.291898,0.041500,0.049834,60,0.000000,10.250000,11.000000,9.000000,0.704104,60,2151.150000,2219.000000,2086.000000,29.522657,60,1.025000,1.100000,0.900000,0.070410,60,215.115212,2.927113,60,60,60,60,60,60,60,60,60,60,60,60,60,60,60,60,60,60,60,60,60,60,60,60,60,60,60,60,60,60,12.8723,12.93,12.82,24.11,27,22,29.00,6883981
2026-10-03 22:25:00,22.705704,22.774090,22.655069,0.027799,60,14.407747,14.493019,14.343480,0.028306,60,18.805040,18.860151,18.727398,0.026379,60,91.401667,91.500000,91.400000,0.012910,60,27.367382,27.395287,27.339211,0.014563,60,27.613805,27.630272,27.587547,0.010984,60,27.339967,27.368584,27.296486,0.014552,60,26.800000,26.800000,26.800000,0.000001,60,26.633025,26.655045,26.611588,0.009062,60,26.837929,26.850723,26.816544,0.007544,60,26.628707,26.644547,26.614792,0.007826,60,1002.700000,1002.700000,1002.700000,0.000041,60,1002.700000,1002.700000,1002.700000,0.000041,60,25.303333,25.500000,25.300000,0.025820,60,0.094321,0.145204,-0.008689,0.030818,60,0.032480,0.080070,-0.083236,0.030823,60,0.083159,0.129242,-0.023237,0.032043,60,0.000908,0.001411,-0.000254,0.000350,60,0.000997,0.001535,-0.000092,0.000326,60,0.000347,0.000856,-0.000890,0.000329,60,1.334630,1.452707,1.185705,0.058972,60,-178.893812,-178.753983,-178.995499,0.043522,60,-0.273462,-0.186815,-0.358668,0.038306,60,7.351426,7.472836,7.224404,0.055843,60,179.310643,179.475327,179.122452,0.055775,60,0.148389,0.291419,0.041801,0.045374,60,0.000000,9.750000,11.000000,9.000000,0.600141,60,2141.300000,2177.000000,2071.000000,20.263769,60,0.975000,1.100000,0.900000,0.060014,60,214.130331,2.009086,60,60,60,60,60,60,60,60,60,60,60,60,60,60,60,60,60,60,60,60,60,60,60,60,60,60,60,60,60,60,12.8744,12.93,12.82,24.10,26,22,29.00,6884014
2026-10-03 22:26:00,22.708451,22.774090,22.652018,0.026329,60,14.411053,14.493019,14.325170,0.028503,60,18.806948,18.860151,18.727398,0.028480,60,91.341667,91.400000,90.800000,0.113931,60,27.350559,27.381935,27.309837,0.012502,60,27.598763,27.630272,27.574196,0.014008,60,27.323055,27.352562,27.296486,0.013269,60,26.800000,26.800000,26.800000,0.000001,60,26.612683,26.632492,26.596817,0.009030,60,26.824622,26.838913,26.813248,0.006194,60,26.613816,26.635666,26.594437,0.009369,60,1002.700000,1002.700000,1002.700000,0.000041,60,1002.700000,1002.700000,1002.700000,0.000041,60,25.293333,25.300000,25.100000,0.036204,60,0.082423,0.129197,0.003430,0.027996,60,0.024383,0.077129,-0.071249,0.033087,60,0.067148,0.118619,-0.028106,0.032148,60,0.000733,0.001295,-0.000307,0.000351,60,0.000871,0.001366,0.000036,0.000296,60,0.000261,0.000825,-0.000762,0.000354,60,1.351650,1.494275,1.188350,0.056917,60,-178.890824,-178.753983,-179.010468,0.057453,60,-0.270774,-0.186405,-0.373441,0.043607,60,7.358950,7.528549,7.256575,0.052385,60,179.317881,179.435303,179.190964,0.048858,60,0.152740,0.252378,0.014876,0.053160,60,0.000000,9.666667,12.000000,9.000000,0.795467,60,2139.216667,2242.000000,2032.000000,44.536442,60,0.966667,1.200000,0.900000,0.079547,60,213.923278,4.414833,60,60,60,60,60,60,60,60,60,60,60,60,60,60,60,60,60,60,60,60,60,60,60,60,60,60,60,60,60,60,12.8734,12.93,12.82,24.07,26,22,29.00,6884048
2026-10-03 22:27:00,22.706798,22.771038,22.633707,0.028676,60,14.407518,14.456397,14.325170,0.029002,60,18.807660,18.889143,18.745708,0.027360,60,91.265000,91.500000,90.900000,0.235656,60,27.333069,27.365913,27.296486,0.014167,60,27.588749,27.616920,27.574196,0.009863,60,27.309170,27.339211,27.283134,0.015238,60,26.800000,26.800000,26.800000,0.000001,60,26.598095,26.618942,26.578232,0.008771,60,26.813458,26.835861,26.795639,0.007892,60,26.598042,26.614792,26.580307,0.008326,60,1002.700000,1002.700000,1002.700000,0.000041,60,1002.700000,1002.700000,1002.700000,0.000041,60,25.236667,25.300000,25.100000,0.093820,60,0.094996,0.154579,0.006860,0.032585,60,0.034655,0.090474,-0.045011,0.030679,60,0.076774,0.125258,-0.013278,0.030316,60,0.000838,0.001368,-0.000145,0.000331,60,0.001004,0.001634,0.000073,0.000344,60,0.000370,0.000967,-0.000481,0.000328,60,1.344123,1.467447,1.213309,0.058949,60,-178.890544,-178.750122,-179.063843,0.055235,60,-0.278956,-0.186405,-0.372429,0.047716,60,7.360608,7.505853,7.210180,0.061683,60,179.302358,179.434280,179.217575,0.050316,60,0.147482,0.265552,0.014970,0.053019,60,0.000000,9.416667,11.000000,8.000000,0.561223,60,2120.950000,2178.000000,2054.000000,21.981830,60,0.941667,1.100000,0.800000,0.056122,60,212.095221,2.179463,60,60,60,60,60,60,60,60,60,60,60,60,60,60,60,60,60,60,60,60,60,60,60,60,60,60,60,60,60,60,12.8709,12.94,12.82,24.11,26,22,29.00,6884082
2026-10-03 22:28:00,22.712775,22.784771,22.650492,0.026196,60,14.407619,14.456397,14.357214,0.023274,60,18.813636,18.873884,18.759441,0.025748,60,91.356667,91.600000,91.000000,0.240315,60,27.311351,27.352562,27.283134,0.013663,60,27.582474,27.616920,27.544823,0.014681,60,27.296308,27.325859,27.269783,0.012753,60,26.800000,26.800000,26.800000,0.000001,60,26.576972,26.595352,26.558548,0.009492,60,26.800069,26.818100,26.785019,0.007193,60,26.582844,26.605270,26.568527,0.008560,60,1002.700000,1002.700000,1002.700000,0.000041,60,1002.700000,1002.700000,1002.700000,0.000041,60,25.290000,25.300000,25.100000,0.043957,60,0.094813,0.139715,0.002058,0.031170,60,0.037170,0.097712,-0.062880,0.032184,60,0.074325,0.126586,-0.014163,0.027955,60,0.000812,0.001382,-0.000155,0.000305,60,0.001002,0.001477,0.000022,0.000329,60,0.000397,0.001045,-0.000672,0.000344,60,1.350894,1.487970,1.188350,0.062884,60,-178.887960,-178.755142,-179.009537,0.052751,60,-0.277256,-0.186815,-0.372051,0.037548,60,7.379702,7.511331,7.260583,0.059462,60,179.308729,179.433380,179.190567,0.055564,60,0.143816,0.213141,0.015252,0.045151,60,0.000000,8.433333,11.000000,7.000000,0.810245,60,2061.183333,2220.000000,1908.000000,76.827452,60,0.843333,1.100000,0.700000,0.081025,60,206.119596,7.614272,60,60,60,60,60,60,60,60,60,60,60,60,60,60,60,60,60,60,60,60,60,60,60,60,60,60,60,60,60,60,12.8719,12.93,12.83,24.13,26,22,29.00,6884116
2026-10-03 22:29:00,22.699474,22.752728,22.632181,0.025615,60,14.410290,14.474709,14.357214,0.025529,60,18.803540,18.857100,18.727398,0.026281,60,91.311667,91.800000,91.100000,0.251835,60,27.294617,27.339211,27.269783,0.015227,60,27.567298,27.600899,27.531471,0.014098,60,27.280286,27.309837,27.240402,0.013579,60,26.785000,26.800000,26.700000,0.036008,60,26.560133,26.575638,26.540268,0.007935,60,26.787112,26.807785,26.768692,0.007234,60,26.567313,26.583542,26.550430,0.007785,60,1002.641667,1002.700000,1002.600000,0.049717,60,1002.641667,1002.700000,1002.600000,0.049717,60,25.300000,25.300000,25.300000,0.000001,60,0.100762,0.167156,-0.012577,0.031458,60,0.042730,0.096355,-0.043654,0.031026,60,0.068970,0.126808,-0.013278,0.029921,60,0.000753,0.001385,-0.000145,0.000327,60,0.001065,0.001767,-0.000133,0.000333,60,0.000457,0.001030,-0.000467,0.000332,60,1.335473,1.465667,1.215232,0.052244,60,-178.883797,-178.751617,-179.010239,0.051353,60,-0.272285,-0.146986,-0.398439,0.049684,60,7.357700,7.492798,7.224404,0.061141,60,179.307018,179.434280,179.218124,0.049226,60,0.141282,0.264326,-0.025198,0.049558,60,0.000000,9.683333,12.000000,8.000000,1.016669,60,1951.800000,2043.000000,1865.000000,38.922696,60,0.968333,1.200000,0.800000,0.101667,60,195.179245,3.858379,60,60,60,60,60,60,60,60,60,60,60,60,60,60,60,60,60,60,60,60,60,60,60,60,60,60,60,60,60,60,12.8696,12.93,12.82,24.03,26,22,29.00,6884150
2026-10-03 22:30:00,22.699855,22.752728,22.647440,0.028962,60,14.411917,14.489967,14.338902,0.027016,60,18.805066,18.857100,18.741131,0.027642,60,91.583333,92.200000,91.100000,0.173856,60,27.278283,27.309837,27.253761,0.012345,60,27.556839,27.574196,27.531471,0.012984,60,27.262973,27.296486,27.227051,0.014220,60,26.703333,26.800000,26.700000,0.018102,60,26.544404,26.558792,26.528458,0.007907,60,26.775098,26.790939,26.758286,0.007591,60,26.550662,26.572830,26.533340,0.009169,60,1002.600000,1002.600000,1002.600000,0.000039,60,1002.600000,1002.600000,1002.600000,0.000039,60,25.310000,25.500000,25.300000,0.043957,60,0.089127,0.139258,-0.004116,0.030278,60,0.032100,0.084593,-0.069891,0.032087,60,0.069243,0.123709,-0.028106,0.029433,60,0.000756,0.001351,-0.000307,0.000321,60,0.000942,0.001472,-0.000044,0.000320,60,0.000343,0.000904,-0.000747,0.000343,60,1.331887,1.492920,1.148396,0.069769,60,-178.882670,-178.779922,-179.034882,0.054394,60,-0.271715,-0.212486,-0.372429,0.039998,60,7.360584,7.470022,7.256432,0.053744,60,179.294055,179.447754,179.165527,0.052841,60,0.146229,0.265859,0.053949,0.048046,60,0.000000,7.383333,10.000000,4.000000,1.747557,60,2055.083333,2242.000000,1880.000000,91.403982,60,0.738333,1.000000,0.400000,0.174756,60,205.506281,9.063073,60,60,60,60,60,60,60,60,60,60,60,60,60,60,60,60,60,60,60,60,60,60,60,60,60,60,60,60,60,60,12.8687,12.92,12.82,24.01,26,22,29.00,6884183
2026-10-03 22:31:00,22.710308,22.766460,22.645914,0.026597,60,14.408179,14.506752,14.355688,0.029692,60,18.804379,18.855574,18.754864,0.023945,60,91.485000,91.500000,91.400000,0.036008,60,27.264041,27.296486,27.227051,0.014758,60,27.543488,27.574196,27.518120,0.014564,60,27.246503,27.269783,27.213699,0.013169,60,26.700000,26.700000,26.700000,0.000000,60,26.525809,26.541519,26.511185,0.008050,60,26.763850,26.777359,26.742630,0.007594,60,26.534141,26.552444,26.518448,0.007927,60,1002.600000,1002.600000,1002.600000,0.000039,60,1002.600000,1002.600000,1002.600000,0.000039,60,25.300000,25.300000,25.300000,0.000001,60,0.084755,0.131483,-0.034529,0.032444,60,0.023143,0.081653,-0.070118,0.027980,60,0.049510,0.104898,-0.048244,0.031583,60,0.000541,0.001145,-0.000527,0.000345,60,0.000896,0.001390,-0.000365,0.000343,60,0.000247,0.000873,-0.000750,0.000299,60,1.349374,1.492920,1.148027,0.064083,60,-178.886050,-178.779037,-178.996658,0.048640,60,-0.267911,-0.159884,-0.372051,0.044684,60,7.379249,7.544362,7.214170,0.071176,60,179.306639,179.434906,179.122452,0.057138,60,0.148372,0.265091,0.054774,0.041783,60,0.000000,11.300000,14.000000,8.000000,1.441515,60,1940.683333,2029.000000,1873.000000,28.751708,60,1.130000,1.400000,0.800000,0.144152,60,194.067680,2.850303,60,60,60,60,60,60,60,60,60,60,60,60,60,60,60,60,60,60,60,60,60,60,60,60,60,60,60,60,60,60,12.8706,12.93,12.83,24.01,26,22,29.00,6884217
2026-10-03 22:32:00,22.699499,22.751202,22.645914,0.026346,60,14.408865,14.489967,14.355688,0.028081,60,18.808169,18.887617,18.754864,0.030741,60,91.610000,91.700000,91.500000,0.075240,60,27.244322,27.269783,27.211029,0.012743,60,27.534809,27.560844,27.504768,0.012346,60,27.233549,27.269783,27.213699,0.010999,60,26.700000,26.700000,26.700000,0.000000,60,26.509766,26.527481,26.489426,0.008888,60,26.751034,26.767227,26.728134,0.007913,60,26.520238,26.538467,26.499985,0.008740,60,1002.600000,1002.600000,1002.600000,0.000039,60,1002.600000,1002.600000,1002.600000,0.000039,60,25.300000,25.300000,25.300000,0.000001,60,0.119181,0.176760,0.029269,0.029574,60,0.045757,0.122140,-0.052023,0.032957,60,0.069630,0.119062,-0.026999,0.030708,60,0.000760,0.001300,-0.000295,0.000335,60,0.001260,0.001868,0.000309,0.000313,60,0.000489,0.001306,-0.000556,0.000352,60,1.348391,1.467001,1.215617,0.057639,60,-178.888494,-178.752792,-178.996201,0.050455,60,-0.273047,-0.160035,-0.358791,0.038638,60,7.378056,7.534026,7.214170,0.064971,60,179.301586,179.406631,179.165131,0.051412,60,0.152153,0.252980,0.016005,0.054450,60,0.000000,9.650000,11.000000,8.000000,0.659353,60,1924.083333,2078.000000,1780.000000,75.439569,60,0.965000,1.100000,0.800000,0.065935,60,192.398821,7.477552,60,60,60,60,60,60,60,60,60,60,60,60,60,60,60,60,60,60,60,60,60,60,60,60,60,60,60,60,60,60,12.8701,12.92,12.82,24.04,26,22,29.00,6884251
2026-10-03 22:33:00,22.699728,22.748150,22.656595,0.022007,60,14.411790,14.471657,14.338902,0.026500,60,18.802396,18.869307,18.738079,0.028027,60,91.661667,91.700000,91.600000,0.049030,60,27.228742,27.253761,27.181656,0.012535,60,27.520034,27.544823,27.488747,0.012468,60,27.217482,27.240402,27.181656,0.014184,60,26.700000,26.700000,26.700000,0.000000,60,26.493549,26.515091,26.474686,0.009456,60,26.736791,26.761124,26.721268,0.008082,60,26.503374,26.524094,26.487442,0.008279,60,1002.600000,1002.600000,1002.600000,0.000039,60,1002.600000,1002.600000,1002.600000,0.000039,60,25.300000,25.300000,25.300000,0.000001,60,0.112664,0.166012,0.004573,0.032395,60,0.040563,0.099974,-0.079165,0.034769,60,0.061611,0.109546,-0.028770,0.031640,60,0.000673,0.001196,-0.000314,0.000346,60,0.001191,0.001755,0.000048,0.000342,60,0.000434,0.001069,-0.000846,0.000372,60,1.342871,1.492920,1.217546,0.058307,60,-178.883223,-178.751617,-178.967606,0.052847,60,-0.267525,-0.160111,-0.359406,0.045165,60,7.354820,7.476391,7.203052,0.064052,60,179.301678,179.433884,179.164734,0.051276,60,0.146901,0.226032,0.014876,0.046773,60,0.000000,10.750000,12.000000,9.000000,0.772954,60,2013.816667,2118.000000,1921.000000,45.590473,60,1.075000,1.200000,0.900000,0.077295,60,201.381809,4.519687,60,60,60,60,60,60,60,60,60,60,60,60,60,60,60,60,60,60,60,60,60,60,60,60,60,60,60,60,60,60,12.8721,12.93,12.83,24.14,26,22,29.00,6884285
2026-10-03 22:34:00,22.694871,22.748150,22.627604,0.028166,60,14.405992,14.453345,14.355688,0.024830,60,18.800539,18.852522,18.719769,0.028814,60,91.600000,91.700000,91.500000,0.055234,60,27.206712,27.240402,27.181656,0.014775,60,27.503433,27.531471,27.462044,0.012558,60,27.194384,27.213699,27.168304,0.012334,60,26.700000,26.700000,26.700000,0.000000,60,26.474059,26.488297,26.452835,0.007824,60,26.723918,26.748062,26.700150,0.008799,60,26.486771,26.500595,26.469131,0.007846,60,1002.563333,1002.600000,1002.500000,0.048596,60,1002.563333,1002.600000,1002.500000,0.048596,60,25.300000,25.300000,25.300000,0.000001,60,0.095449,0.141545,-0.005031,0.031899,60,0.015965,0.066046,-0.100879,0.035595,60,0.055031,0.102685,-0.027663,0.029833,60,0.000601,0.001121,-0.000302,0.000326,60,0.001009,0.001496,-0.000053,0.000337,60,0.000171,0.000706,-0.001078,0.000381,60,1.348151,1.470570,1.145450,0.060952,60,-178.884583,-178.753387,-179.036697,0.053256,60,-0.273218,-0.159884,-0.371925,0.041490,60,7.369111,7.517526,7.236386,0.062496,60,179.291203,179.447372,179.163574,0.056764,60,0.153413,0.291419,0.041200,0.050521,60,0.000000,10.100000,11.000000,9.000000,0.602256,60,2093.450000,2157.000000,2034.000000,28.888696,60,1.010000,1.100000,0.900000,0.060226,60,209.345042,2.864371,60,60,60,60,60,60,60,60,60,60,60,60,60,60,60,60,60,60,60,60,60,60,60,60,60,60,60,60,60,60,12.8696,12.93,12.82,24.08,26,22,28.99,6884318
2026-10-03 22:35:00,22.702551,22.806133,22.656595,0.026226,60,14.404491,14.453345,14.305333,0.027533,60,18.791943,18.852522,18.736553,0.028686,60,91.751667,91.900000,91.600000,0.079173,60,27.195408,27.227051,27.168304,0.015311,60,27.494532,27.531471,27.475395,0.013139,60,27.183614,27.213699,27.154953,0.012800,60,26.700000,26.700000,26.700000,0.000000,60,26.458369,26.475723,26.437820,0.007616,60,26.710235,26.727280,26.694290,0.008120,60,26.472316,26.502853,26.456100,0.008300,60,1002.516667,1002.600000,1002.500000,0.037582,60,1002.516667,1002.600000,1002.500000,0.037582,60,25.300000,25.300000,25.300000,0.000001,60,0.097500,0.134913,-0.005259,0.033140,60,0.024805,0.087308,-0.077129,0.032586,60,0.060896,0.113308,-0.040941,0.029277,60,0.000665,0.001237,-0.000447,0.000320,60,0.001031,0.001426,-0.000056,0.000350,60,0.000265,0.000933,-0.000825,0.000348,60,1.368108,1.535439,1.189487,0.058978,60,-178.899988,-178.780487,-179.037598,0.051532,60,-0.274714,-0.159884,-0.398968,0.043693,60,7.360016,7.507912,7.203052,0.064136,60,179.292439,179.434006,179.149673,0.057743,60,0.152027,0.265552,0.054671,0.043441,60,0.000000,9.966667,11.000000,9.000000,0.901349,60,2085.683333,2213.000000,1959.000000,52.779520,60,0.996667,1.100000,0.900000,0.090135,60,208.574516,5.229442,60,60,60,60,60,60,60,60,60,60,60,60,60,60,60,60,60,60,60,60,60,60,60,60,60,60,60,60,60,60,12.8705,12.92,12.82,24.15,26,23,29.00,6884352
2026-10-03 22:36:00,22.694718,22.761883,22.655069,0.022930,60,14.400803,14.451819,14.352636,0.022483,60,18.800565,18.866255,18.736553,0.029223,60,91.700000,91.900000,91.300000,0.231933,59,27.174669,27.211029,27.152283,0.015384,60,27.479623,27.518120,27.446022,0.013900,60,27.170307,27.195007,27.154953,0.011484,60,26.700000,26.700000,26.700000,0.000000,59,26.442723,26.458664,26.426468,0.007759,60,26.697499,26.716476,26.678574,0.007443,60,26.457922,26.478653,26.442886,0.007791,60,1002.510169,1002.600000,1002.500000,0.030484,59,1002.510169,1002.600000,1002.500000,0.030484,59,25.300000,25.300000,25.300000,0.000001,59,0.100522,0.153436,-0.024467,0.031874,60,0.031006,0.097486,-0.053154,0.035517,60,0.056912,0.107111,-0.036294,0.030069,60,0.000621,0.001170,-0.000396,0.000328,60,0.001063,0.001622,-0.000259,0.000337,60,0.000331,0.001042,-0.000568,0.000380,60,1.358113,1.467001,1.240939,0.057517,60,-178.886810,-178.779037,-179.036697,0.061425,60,-0.284620,-0.147131,-0.399233,0.048327,60,7.369909,7.512031,7.174836,0.068760,60,179.305799,179.434006,179.165131,0.054621,60,0.150490,0.293018,0.015158,0.052151,60,0.000000,10.200000,12.000000,9.000000,0.576371,60,2042.266667,2135.000000,1991.000000,38.529701,60,1.020000,1.200000,0.900000,0.057637,60,204.224633,3.819860,60,60,60,60,60,60,60,60,60,60,60,60,60,60,60,60,60,60,60,60,60,60,59,59,59,59,59,59,60,60,12.8694,12.93,12.82,24.15,26,22,29.00,6884386
2026-10-03 22:37:00,22.696956,22.760357,22.641336,0.025948,60,14.402202,14.470131,14.319066,0.029219,60,18.795224,18.866255,18.736553,0.028584,60,91.413333,91.900000,91.300000,0.197841,60,27.159403,27.181656,27.125580,0.013299,60,27.464848,27.488747,27.446022,0.012246,60,27.152772,27.181656,27.138931,0.013003,60,26.698333,26.700000,26.600000,0.012910,60,26.430054,26.447525,26.412643,0.009546,60,26.685119,26.703964,26.669510,0.008020,60,26.443610,26.456955,26.420883,0.008305,60,1002.505000,1002.600000,1002.500000,0.021978,60,1002.505000,1002.600000,1002.500000,0.021978,60,25.300000,25.300000,25.300000,0.000001,60,0.092965,0.143603,-0.010747,0.030219,60,0.017790,0.081427,-0.058582,0.031846,60,0.042885,0.086530,-0.048466,0.027752,60,0.000468,0.000945,-0.000529,0.000303,60,0.000983,0.001518,-0.000114,0.000319,60,0.000190,0.000870,-0.000626,0.000340,60,1.354902,1.469677,1.216388,0.058560,60,-178.870906,-178.739838,-178.994064,0.056735,60,-0.276707,-0.212486,-0.332854,0.036584,60,7.384458,7.492798,7.200223,0.056810,60,179.301158,179.433884,179.190964,0.053397,60,0.153345,0.265091,0.041500,0.049036,60,0.000000,10.450000,13.000000,9.000000,0.832089,60,2022.483333,2098.000000,1940.000000,34.720917,60,1.045000,1.300000,0.900000,0.083209,60,202.249060,3.442149,60,60,60,60,60,60,60,60,60,60,60,60,60,60,60,60,60,60,60,60,60,60,60,60,60,60,60,60,60,60,12.8700,12.92,12.82,24.10,26,23,28.99,6884420
2026-10-03 22:38:00,22.700364,22.746624,22.655069,0.024807,60,14.399583,14.470131,14.302281,0.031167,60,18.791282,18.850996,18.736553,0.025184,60,91.651667,91.900000,91.300000,0.239697,60,27.144850,27.181656,27.109558,0.014750,60,27.449449,27.475395,27.432671,0.011983,60,27.140444,27.168304,27.112228,0.013440,60,26.640000,26.700000,26.600000,0.049403,60,26.416488,26.432175,26.401077,0.006885,60,26.673241,26.690262,26.657700,0.007356,60,26.431467,26.445084,26.413528,0.007515,60,1002.500000,1002.500000,1002.500000,0.000000,60,1002.500000,1002.500000,1002.500000,0.000000,60,25.300000,25.300000,25.300000,0.000001,60,0.077804,0.130340,-0.017607,0.031928,60,-0.005542,0.064011,-0.103141,0.033125,60,0.024502,0.082325,-0.068162,0.034993,60,0.000268,0.000899,-0.000744,0.000382,60,0.000822,0.001378,-0.000186,0.000337,60,-0.000059,0.000684,-0.001103,0.000354,60,1.342018,1.494275,1.176036,0.066708,60,-178.895379,-178.781357,-179.012314,0.046786,60,-0.274837,-0.159657,-0.372429,0.043098,60,7.379945,7.512031,7.240387,0.059871,60,179.300078,179.381454,179.164734,0.046857,60,0.154585,0.264632,0.054671,0.045794,60,0.000000,10.700000,13.000000,9.000000,0.926082,60,2012.016667,2088.000000,1930.000000,40.048484,60,1.070000,1.300000,0.900000,0.092608,60,201.200897,3.970689,60,60,60,60,60,60,60,60,60,60,60,60,60,60,60,60,60,60,60,60,60,60,60,60,60,60,60,60,60,60,12.8675,12.94,12.81,24.10,26,22,28.98,6884453
2026-10-03 22:39:00,22.697770,22.760357,22.641336,0.024889,60,14.397370,14.470131,14.351110,0.028236,60,18.789781,18.847944,18.733501,0.028810,60,91.813333,91.900000,91.800000,0.034280,60,27.130386,27.152283,27.096207,0.012377,60,27.438857,27.462044,27.405968,0.014405,60,27.125135,27.154953,27.082855,0.010995,60,26.600000,26.600000,26.600000,0.000001,60,26.402327,26.422379,26.381119,0.008091,60,26.662922,26.677292,26.650894,0.006802,60,26.418089,26.436020,26.398453,0.007988,60,1002.500000,1002.500000,1002.500000,0.000000,60,1002.500000,1002.500000,1002.500000,0.000000,60,25.210000,25.300000,25.100000,0.100338,60,0.067137,0.120736,-0.009147,0.025915,60,-0.013409,0.054963,-0.131866,0.037122,60,0.023167,0.082547,-0.085645,0.031722,60,0.000253,0.000901,-0.000935,0.000346,60,0.000710,0.001276,-0.000097,0.000274,60,-0.000143,0.000588,-0.001410,0.000397,60,1.354103,1.466112,1.245645,0.057611,60,-178.895699,-178.793198,-179.007889,0.048565,60,-0.277828,-0.159808,-0.372429,0.039367,60,7.364624,7.505853,7.250569,0.060406,60,179.310333,179.435303,179.191147,0.047996,60,0.147884,0.265091,0.041600,0.046203,60,0.000000,10.350000,12.000000,9.000000,0.798834,60,2089.066667,2144.000000,1983.000000,33.433905,60,1.035000,1.200000,0.900000,0.079883,60,208.908618,3.313922,60,60,60,60,60,60,60,60,60,60,60,60,60,60,60,60,60,60,60,60,60,60,60,60,60,60,60,60,60,60,12.8691,12.94,12.82,24.00,26,22,29.00,6884487
2026-10-03 22:40:00,22.694794,22.743572,22.652018,0.022948,60,14.403143,14.485390,14.334325,0.031154,60,18.787772,18.846418,18.733501,0.025019,60,92.008333,92.200000,91.900000,0.123908,60,27.114053,27.138931,27.082855,0.012825,60,27.428398,27.446022,27.389946,0.012055,60,27.113519,27.138931,27.082855,0.011302,60,26.600000,26.600000,26.600000,0.000001,60,26.389961,26.406021,26.373001,0.007627,60,26.652067,26.670029,26.632645,0.007785,60,26.408057,26.422684,26.390335,0.007307,60,1002.500000,1002.500000,1002.500000,0.000000,60,1002.500000,1002.500000,1002.500000,0.000000,60,25.240000,25.500000,25.100000,0.144034,60,0.080559,0.115934,-0.003201,0.028648,60,-0.011094,0.045011,-0.116712,0.035139,60,0.025081,0.064178,-0.042712,0.026137,60,0.000274,0.000701,-0.000466,0.000285,60,0.000852,0.001225,-0.000034,0.000303,60,-0.000119,0.000481,-0.001248,0.000376,60,1.360527,1.496084,1.173035,0.069026,60,-178.883773,-178.751617,-178.970749,0.051288,60,-0.275887,-0.160111,-0.426480,0.046491,60,7.371078,7.507911,7.230392,0.055835,60,179.310947,179.407990,179.218674,0.045614,60,0.149244,0.265091,0.055499,0.045931,60,0.000000,10.800000,13.000000,9.000000,0.898209,60,2161.416667,2247.000000,2082.000000,32.217109,60,1.080000,1.300000,0.900000,0.089821,60,216.141251,3.193915,60,60,60,60,60,60,60,60,60,60,60,60,60,60,60,60,60,60,60,60,60,60,60,60,60,60,60,60,60,60,12.8678,12.92,12.82,24.09,26,22,29.00,6884521
2026-10-03 22:41:00,22.687266,22.742046,22.606241,0.028353,60,14.390122,14.467078,14.334325,0.027737,60,18.793596,18.864729,18.731976,0.027688,60,92.230000,92.300000,92.200000,0.046212,60,27.101369,27.125580,27.069504,0.013472,60,27.417806,27.446022,27.389946,0.013305,60,27.105686,27.138931,27.082855,0.015021,60,26.600000,26.600000,26.600000,0.000001,60,26.376830,26.392868,26.362930,0.007715,60,26.641625,26.659378,26.620316,0.008722,60,26.395789,26.413345,26.380478,0.007009,60,1002.500000,1002.500000,1002.500000,0.000000,60,1002.500000,1002.500000,1002.500000,0.000000,60,25.306667,25.500000,25.300000,0.036204,60,0.087400,0.139715,0.006631,0.029121,60,-0.003687,0.064011,-0.131188,0.039872,60,0.035571,0.086088,-0.066834,0.030620,60,0.000388,0.000940,-0.000730,0.000334,60,0.000924,0.001477,0.000070,0.000308,60,-0.000039,0.000684,-0.001402,0.000426,60,1.359727,1.502695,1.148396,0.065284,60,-178.890508,-178.740433,-179.009766,0.057312,60,-0.284368,-0.212927,-0.373948,0.039679,60,7.380402,7.524413,7.252570,0.051626,60,179.301931,179.434280,179.165131,0.051979,60,0.151325,0.265551,0.016383,0.056141,60,0.000000,9.283333,12.000000,7.000000,1.236338,60,2183.950000,2282.000000,2112.000000,46.340093,60,0.928333,1.200000,0.700000,0.123634,60,218.393323,4.594333,60,60,60,60,60,60,60,60,60,60,60,60,60,60,60,60,60,60,60,60,60,60,60,60,60,60,60,60,60,60,12.8692,12.92,12.82,24.14,27,22,28.99,6884555
2026-10-03 22:42:00,22.684571,22.757305,22.606241,0.029069,60,14.401134,14.448768,14.351110,0.024132,60,18.789324,18.847944,18.715191,0.027319,60,92.376667,92.400000,92.300000,0.042652,60,27.089620,27.125580,27.069504,0.013584,60,27.409973,27.432671,27.376595,0.013169,60,27.091801,27.125580,27.056152,0.015769,60,26.600000,26.600000,26.600000,0.000001,60,26.363919,26.385269,26.341415,0.009305,60,26.629709,26.650650,26.610733,0.008097,60,26.382731,26.402969,26.368637,0.007871,60,1002.500000,1002.500000,1002.500000,0.000000,60,1002.500000,1002.500000,1002.500000,0.000000,60,25.300000,25.300000,25.300000,0.000001,60,0.089897,0.136285,0.002744,0.030599,60,0.004678,0.077356,-0.082558,0.036920,60,0.036382,0.103349,-0.043376,0.030284,60,0.000397,0.001129,-0.000474,0.000331,60,0.000950,0.001441,0.000029,0.000323,60,0.000050,0.000827,-0.000883,0.000395,60,1.355599,1.495179,1.190625,0.068886,60,-178.888236,-178.792328,-178.994781,0.051045,60,-0.279174,-0.186980,-0.359037,0.036016,60,7.385226,7.478243,7.265656,0.050674,60,179.298110,179.408508,179.192459,0.052455,60,0.161969,0.252679,0.054361,0.048365,60,0.000000,9.850000,12.000000,8.000000,0.840198,60,2137.350000,2224.000000,1995.000000,49.078569,60,0.985000,1.200000,0.800000,0.084020,60,213.739795,4.863615,60,60,60,60,60,60,60,60,60,60,60,60,60,60,60,60,60,60,60,60,60,60,60,60,60,60,60,60,60,60,12.8684,12.92,12.82,24.09,26,22,28.98,6884589
2026-10-03 22:43:00,22.683909,22.738995,22.619974,0.027337,60,14.396531,14.483864,14.348059,0.026484,60,18.790188,18.861677,18.731976,0.028525,60,92.463333,92.500000,92.300000,0.051967,60,27.077159,27.096207,27.040131,0.011916,60,27.396088,27.419319,27.363243,0.013195,60,27.074844,27.112228,27.042801,0.013008,60,26.600000,26.600000,26.600000,0.000001,60,26.351966,26.373306,26.327744,0.008557,60,26.616463,26.631912,26.600754,0.007004,60,26.369572,26.380234,26.354446,0.005619,60,1002.500000,1002.500000,1002.500000,0.000000,60,1002.500000,1002.500000,1002.500000,0.000000,60,25.300000,25.300000,25.300000,0.000001,60,0.077808,0.127367,-0.023095,0.033012,60,-0.015007,0.074189,-0.093867,0.036845,60,0.013230,0.060859,-0.082104,0.029317,60,0.000144,0.000665,-0.000897,0.000320,60,0.000822,0.001346,-0.000244,0.000349,60,-0.000160,0.000793,-0.001003,0.000394,60,1.363009,1.466112,1.215232,0.053645,60,-178.870133,-178.711197,-178.996658,0.055474,60,-0.280777,-0.186160,-0.359037,0.039098,60,7.365273,7.494853,7.200224,0.057181,60,179.305589,179.435303,179.150070,0.060584,60,0.142045,0.225600,0.054361,0.040394,60,0.000000,10.133333,11.000000,8.000000,0.872687,60,2097.433333,2170.000000,2025.000000,37.274687,60,1.013333,1.100000,0.800000,0.087269,60,209.743166,3.695667,60,60,60,60,60,60,60,60,60,60,60,60,60,60,60,60,60,60,60,60,60,60,60,60,60,60,60,60,60,60,12.8692,12.92,12.83,24.07,26,22,28.98,6884622
2026-10-03 22:44:00,22.685791,22.738995,22.636759,0.024850,60,14.390784,14.447242,14.332799,0.028386,60,18.782610,18.861677,18.715191,0.030499,60,92.481667,92.600000,92.400000,0.062414,60,27.062339,27.082855,27.040131,0.012286,60,27.383893,27.419319,27.349892,0.014231,60,27.062160,27.082855,27.042801,0.012149,60,26.600000,26.600000,26.600000,0.000001,60,26.337829,26.352676,26.323898,0.007690,60,26.606435,26.620193,26.589706,0.006697,60,26.359713,26.373276,26.341782,0.007653,60,1002.500000,1002.500000,1002.500000,0.000000,60,1002.500000,1002.500000,1002.500000,0.000000,60,25.300000,25.300000,25.300000,0.000001,60,0.076802,0.121193,-0.024925,0.030774,60,-0.013454,0.075094,-0.112414,0.039196,60,0.017372,0.069711,-0.069490,0.031129,60,0.000190,0.000761,-0.000759,0.000340,60,0.000812,0.001281,-0.000263,0.000325,60,-0.000144,0.000803,-0.001202,0.000419,60,1.357680,1.454917,1.186460,0.058787,60,-178.884823,-178.779922,-178.996201,0.048905,60,-0.270370,-0.120300,-0.371925,0.051699,60,7.376311,7.478995,7.230392,0.057505,60,179.298630,179.434280,179.110611,0.055930,60,0.162009,0.266166,0.054774,0.053167,60,0.000000,9.566667,12.000000,7.000000,1.063519,60,2083.500000,2135.000000,1932.000000,35.074497,60,0.956667,1.200000,0.700000,0.106352,60,208.353898,3.474610,60,60,60,60,60,60,60,60,60,60,60,60,60,60,60,60,60,60,60,60,60,60,60,60,60,60,60,60,60,60,12.8678,12.92,12.82,23.96,26,22,28.99,6884656
2026-10-03 22:45:00,22.680349,22.725262,22.633707,0.022716,60,14.396760,14.448768,14.316014,0.028536,60,18.783271,18.878462,18.728924,0.029315,60,92.460000,92.600000,91.500000,0.325837,60,27.050856,27.069504,27.026779,0.011855,60,27.372901,27.405968,27.349892,0.012054,60,27.050545,27.082855,27.026779,0.013060,60,26.600000,26.600000,26.600000,0.000001,60,26.326071,26.350082,26.303238,0.008521,60,26.597720,26.609482,26.580429,0.006374,60,26.347055,26.368454,26.327927,0.009287,60,1002.500000,1002.500000,1002.500000,0.000000,60,1002.500000,1002.500000,1002.500000,0.000000,60,25.280000,25.300000,25.100000,0.060506,60,0.068951,0.125995,-0.027211,0.034359,60,-0.008723,0.064915,-0.119426,0.037520,60,0.024687,0.082325,-0.071260,0.029966,60,0.000270,0.000899,-0.000778,0.000327,60,0.000729,0.001332,-0.000288,0.000363,60,-0.000093,0.000694,-0.001277,0.000401,60,1.361020,1.558537,1.190246,0.070103,60,-178.879885,-178.779633,-178.998093,0.045004,60,-0.271070,-0.120433,-0.399499,0.052881,60,7.384410,7.507911,7.275688,0.063526,60,179.297399,179.434006,179.124313,0.058806,60,0.155678,0.292217,0.041200,0.057279,60,0.000000,8.650000,11.000000,7.000000,1.204863,60,2101.383333,2281.000000,1982.000000,60.598733,60,0.865000,1.100000,0.700000,0.120486,60,210.130323,6.003068,60,60,60,60,60,60,60,60,60,60,60,60,60,60,60,60,60,60,60,60,60,60,60,60,60,60,60,60,60,60,12.8685,12.92,12.82,24.19,26,22,28.98,6884690
2026-10-03 22:46:00,22.687699,22.737469,22.633707,0.025580,60,14.390249,14.467078,14.300756,0.027797,60,18.785941,18.861677,18.728924,0.027990,60,92.148333,92.700000,91.500000,0.553109,60,27.038395,27.069504,27.010757,0.012677,60,27.364667,27.389946,27.333870,0.012393,60,27.042890,27.069504,27.013428,0.011982,60,26.600000,26.600000,26.600000,0.000001,60,26.312483,26.327957,26.288345,0.007536,60,26.588576,26.607407,26.569321,0.007981,60,26.336168,26.351913,26.320633,0.007018,60,1002.500000,1002.500000,1002.500000,0.000000,60,1002.500000,1002.500000,1002.500000,0.000000,60,25.216667,25.300000,25.100000,0.099433,60,0.073002,0.126453,-0.017379,0.031839,60,-0.006608,0.051797,-0.110152,0.039408,60,0.024712,0.095825,-0.064400,0.034278,60,0.000270,0.001046,-0.000703,0.000374,60,0.000772,0.001337,-0.000184,0.000337,60,-0.000071,0.000554,-0.001178,0.000421,60,1.348414,1.538216,1.148396,0.077318,60,-178.878477,-178.792618,-178.997849,0.048303,60,-0.269713,-0.160111,-0.358668,0.041739,60,7.373711,7.485164,7.252570,0.062673,60,179.299070,179.380753,179.164551,0.043490,60,0.156970,0.291419,0.040700,0.045410,60,0.000000,8.000000,10.000000,7.000000,0.863576,60,2177.500000,2291.000000,2071.000000,58.301525,60,0.800000,1.000000,0.700000,0.086358,60,217.745941,5.779298,60,60,60,60,60,60,60,60,60,60,60,60,60,60,60,60,60,60,60,60,60,60,60,60,60,60,60,60,60,60,12.8658,12.92,12.82,23.97,26,22,28.98,6884724
2026-10-03 22:47:00,22.677907,22.723736,22.618448,0.025199,60,14.393479,14.447242,14.332799,0.025711,60,18.784237,18.828108,18.728924,0.025480,60,91.623333,92.600000,91.500000,0.241019,60,27.025311,27.069504,26.984055,0.014022,60,27.353764,27.376595,27.333870,0.011461,60,27.031363,27.056152,27.013428,0.014360,60,26.598333,26.600000,26.500000,0.012910,60,26.299535,26.312027,26.278122,0.007166,60,26.575557,26.587601,26.556351,0.007136,60,26.326403,26.341446,26.308426,0.007241,60,1002.500000,1002.500000,1002.500000,0.000000,60,1002.500000,1002.500000,1002.500000,0.000000,60,25.113333,25.300000,25.100000,0.050310,60,0.069675,0.119593,-0.033843,0.032155,60,-0.016934,0.041844,-0.156294,0.036162,60,0.024613,0.072588,-0.056211,0.028788,60,0.000269,0.000793,-0.000614,0.000314,60,0.000736,0.001264,-0.000358,0.000340,60,-0.000181,0.000447,-0.001671,0.000387,60,1.342030,1.507689,1.217160,0.069270,60,-178.884711,-178.752792,-178.996902,0.055341,60,-0.277857,-0.160262,-0.372935,0.047961,60,7.367026,7.482361,7.220417,0.059569,60,179.293762,179.380341,179.190018,0.045360,60,0.167263,0.266166,0.041200,0.052340,60,0.000000,6.683333,9.000000,5.000000,0.833446,60,2285.166667,2480.000000,2124.000000,75.759917,60,0.668333,0.900000,0.500000,0.083345,60,228.506129,7.503480,60,60,60,60,60,60,60,60,60,60,60,60,60,60,60,60,60,60,60,60,60,60,60,60,60,60,60,60,60,60,12.8671,12.93,12.81,24.07,26,22,28.98,6884758
2026-10-03 22:48:00,22.680807,22.737469,22.618448,0.021031,60,14.388190,14.465552,14.329747,0.029854,60,18.783957,18.875410,18.710613,0.031735,60,91.765000,92.900000,91.600000,0.164497,60,27.013205,27.040131,26.970703,0.014686,60,27.343527,27.363243,27.307167,0.013959,60,27.021127,27.042801,27.000076,0.011759,60,26.600000,26.600000,26.600000,0.000001,60,26.284452,26.303482,26.266861,0.007344,60,26.566874,26.583847,26.548935,0.008239,60,26.313503,26.327469,26.298508,0.008053,60,1002.500000,1002.500000,1002.500000,0.000000,60,1002.500000,1002.500000,1002.500000,0.000000,60,25.103333,25.300000,25.100000,0.025820,60,0.080754,0.133313,-0.017379,0.033160,60,0.001229,0.066951,-0.100653,0.037211,60,0.028851,0.082104,-0.057761,0.031566,60,0.000315,0.000897,-0.000631,0.000345,60,0.000854,0.001409,-0.000184,0.000351,60,0.000013,0.000716,-0.001076,0.000398,60,1.357289,1.467447,1.211008,0.063006,60,-178.877793,-178.752792,-178.967834,0.046645,60,-0.282898,-0.186569,-0.333439,0.037883,60,7.380920,7.505145,7.192275,0.066780,60,179.304823,179.433640,179.190964,0.053139,60,0.159937,0.251478,0.080465,0.043030,60,0.000000,6.516667,8.000000,5.000000,0.791730,60,2343.000000,2491.000000,2227.000000,66.131866,60,0.651667,0.800000,0.500000,0.079173,60,234.292717,6.553385,60,60,60,60,60,60,60,60,60,60,60,60,60,60,60,60,60,60,60,60,60,60,60,60,60,60,60,60,60,60,12.8681,12.92,12.82,24.08,26,23,28.98,6884791
2026-10-03 22:49:00,22.673609,22.720684,22.601664,0.025658,60,14.387554,14.444190,14.329747,0.023008,60,18.776404,18.825056,18.727398,0.023114,60,91.843333,92.300000,91.700000,0.185369,60,26.997807,27.026779,26.970703,0.013273,60,27.331556,27.363243,27.307167,0.013875,60,27.007731,27.042801,26.970703,0.013504,60,26.583333,26.600000,26.500000,0.037582,60,26.272001,26.288132,26.254807,0.008035,60,26.557830,26.576889,26.537460,0.008150,60,26.298214,26.313797,26.279892,0.007415,60,1002.500000,1002.500000,1002.500000,0.000000,60,1002.500000,1002.500000,1002.500000,0.000000,60,25.133333,25.300000,25.100000,0.075165,60,0.068299,0.110903,-0.014406,0.028412,60,0.005640,0.071701,-0.079617,0.035368,60,0.024203,0.074580,-0.102685,0.033525,60,0.000264,0.000814,-0.001121,0.000366,60,0.000722,0.001172,-0.000152,0.000300,60,0.000060,0.000766,-0.000851,0.000378,60,1.372490,1.513166,1.214462,0.066165,60,-178.883340,-178.779922,-178.995499,0.047782,60,-0.289446,-0.186160,-0.398439,0.046971,60,7.370695,7.525800,7.170864,0.071240,60,179.292176,179.448380,179.150665,0.059217,60,0.162708,0.291259,0.054361,0.049642,60,0.000000,5.516667,8.000000,4.000000,0.833446,60,2285.133333,2378.000000,2173.000000,44.246408,60,0.551667,0.800000,0.400000,0.083345,60,228.515140,4.386009,60,60,60,60,60,60,60,60,60,60,60,60,60,60,60,60,60,60,60,60,60,60,60,60,60,60,60,60,60,60,12.8635,12.93,12.81,24.01,26,23,28.97,6884825
2026-10-03 22:50:00,22.676432,22.734417,22.600138,0.023764,60,14.380586,14.444190,14.314488,0.028531,60,18.779405,18.825056,18.713665,0.027449,60,92.063333,92.400000,91.800000,0.254430,60,26.990063,27.010757,26.970703,0.012873,60,27.322032,27.376595,27.293816,0.013839,60,26.999409,27.026779,26.957352,0.015078,60,26.540000,26.600000,26.500000,0.049403,60,26.259981,26.280075,26.240494,0.008026,60,26.547901,26.561447,26.531662,0.007713,60,26.284769,26.307236,26.267014,0.008303,60,1002.500000,1002.500000,1002.500000,0.000000,60,1002.500000,1002.500000,1002.500000,0.000000,60,25.203333,25.300000,25.100000,0.100788,60,0.072891,0.121193,-0.016693,0.032912,60,0.002537,0.068082,-0.084820,0.034868,60,0.030212,0.075022,-0.066170,0.026835,60,0.000330,0.000819,-0.000723,0.000293,60,0.000770,0.001281,-0.000176,0.000348,60,0.000027,0.000728,-0.000907,0.000373,60,1.358570,1.494275,1.149873,0.068955,60,-178.874205,-178.778763,-178.994064,0.050230,60,-0.282955,-0.186980,-0.399897,0.040047,60,7.366292,7.484586,7.234386,0.059207,60,179.291657,179.434280,179.149475,0.061145,60,0.156729,0.265091,0.080794,0.042181,60,0.000000,5.266667,7.000000,4.000000,0.860955,60,2291.783333,2465.000000,2152.000000,75.513854,60,0.526667,0.700000,0.400000,0.086095,60,229.171073,7.481294,60,60,60,60,60,60,60,60,60,60,60,60,60,60,60,60,60,60,60,60,60,60,60,60,60,60,60,60,60,60,12.8670,12.93,12.82,24.21,27,22,28.95,6884859
2026-10-03 22:51:00,22.676712,22.720684,22.615396,0.022396,60,14.385494,14.430457,14.329747,0.028816,60,18.775463,18.841841,18.710613,0.028810,60,92.358333,92.400000,91.800000,0.104625,60,26.977067,26.997406,26.941330,0.012272,60,27.312953,27.349892,27.277794,0.015043,60,26.983743,27.013428,26.957352,0.011851,60,26.503333,26.600000,26.500000,0.018102,60,26.246030,26.264938,26.232376,0.007350,60,26.537314,26.557053,26.516464,0.008077,60,26.271674,26.285172,26.257004,0.007274,60,1002.500000,1002.500000,1002.500000,0.000000,60,1002.500000,1002.500000,1002.500000,0.000000,60,25.293333,25.300000,25.100000,0.036204,60,0.071855,0.110675,-0.026297,0.032720,60,-0.001018,0.070570,-0.126438,0.043192,60,0.033941,0.079006,-0.052007,0.027308,60,0.000371,0.000863,-0.000568,0.000298,60,0.000760,0.001170,-0.000278,0.000346,60,-0.000011,0.000754,-0.001352,0.000462,60,1.365292,1.507689,1.214462,0.059379,60,-178.881718,-178.751022,-179.009537,0.060206,60,-0.301852,-0.159657,-0.399233,0.048199,60,7.384876,7.509268,7.273679,0.052672,60,179.305996,179.434402,179.150467,0.059567,60,0.158991,0.265091,0.054464,0.042397,60,0.000000,4.033333,5.000000,3.000000,0.712281,60,2366.350000,2548.000000,2098.000000,95.535391,60,0.403333,0.500000,0.300000,0.071228,60,236.634759,9.460462,60,60,60,60,60,60,60,60,60,60,60,60,60,60,60,60,60,60,60,60,60,60,60,60,60,60,60,60,60,60,12.8642,12.92,12.82,24.10,26,22,28.96,6884895
2026-10-03 22:52:00,22.673228,22.720684,22.613871,0.024902,60,14.384146,14.462501,14.314488,0.030084,60,18.776124,18.841841,18.724346,0.027462,60,92.400000,92.400000,92.400000,0.000004,60,26.959310,26.984055,26.927979,0.014764,60,27.304052,27.349892,27.277794,0.014335,60,26.968923,27.000076,26.927979,0.012169,60,26.500000,26.500000,26.500000,0.000000,60,26.231439,26.246262,26.214951,0.007355,60,26.526721,26.541733,26.512741,0.006987,60,26.261157,26.281967,26.244797,0.008078,60,1002.500000,1002.500000,1002.500000,0.000000,60,1002.500000,1002.500000,1002.500000,0.000000,60,25.300000,25.300000,25.300000,0.000001,60,0.067830,0.106101,-0.036358,0.029857,60,0.003106,0.073058,-0.107212,0.037647,60,0.030533,0.084096,-0.046695,0.027442,60,0.000333,0.000918,-0.000510,0.000300,60,0.000717,0.001121,-0.000384,0.000316,60,0.000033,0.000781,-0.001146,0.000402,60,1.374673,1.503601,1.244466,0.054886,60,-178.872037,-178.779037,-179.008606,0.046116,60,-0.286013,-0.185996,-0.372935,0.040910,60,7.391578,7.538239,7.224404,0.061427,60,179.296563,179.408508,179.123077,0.058526,60,0.168519,0.291419,0.014970,0.047544,60,0.000000,2.316667,3.000000,1.000000,0.503939,60,2013.650000,2264.000000,1815.000000,136.893974,60,0.231667,0.300000,0.100000,0.050394,60,201.344119,13.583378,60,60,60,60,60,60,60,60,60,60,60,60,60,60,60,60,60,60,60,60,60,60,60,60,60,60,60,60,60,60,12.8651,12.92,12.81,24.04,26,22,28.95,6884928
2026-10-03 22:53:00,22.668625,22.732891,22.610819,0.023085,60,14.381933,14.444190,14.314488,0.029721,60,18.772564,18.825056,18.709087,0.027489,60,92.465000,92.500000,92.400000,0.048099,60,26.946671,26.970703,26.927979,0.012242,60,27.293371,27.320518,27.264442,0.011781,60,26.957218,27.000076,26.914627,0.015252,60,26.500000,26.500000,26.500000,0.000000,60,26.217224,26.233231,26.203629,0.007377,60,26.517827,26.539505,26.502640,0.007537,60,26.244949,26.262253,26.224442,0.008150,60,1002.461667,1002.500000,1002.400000,0.049030,60,1002.461667,1002.500000,1002.400000,0.049030,60,25.300000,25.300000,25.300000,0.000001,60,0.073349,0.114562,-0.029041,0.033328,60,0.025732,0.093415,-0.079165,0.037999,60,0.065178,0.113751,-0.034745,0.033399,60,0.000712,0.001242,-0.000379,0.000365,60,0.000775,0.001211,-0.000307,0.000352,60,0.000275,0.000999,-0.000846,0.000406,60,1.361412,1.497443,1.242505,0.057230,60,-178.879913,-178.751892,-179.009766,0.054410,60,-0.289793,-0.212838,-0.360022,0.034938,60,7.374892,7.486483,7.224159,0.057556,60,179.292595,179.434006,179.165131,0.053398,60,0.159764,0.265859,0.054361,0.046138,60,0.000000,2.933333,4.000000,1.000000,0.756142,60,1947.833333,2176.000000,1811.000000,85.263931,60,0.293333,0.400000,0.100000,0.075614,60,194.754966,8.439096,60,60,60,60,60,60,60,60,60,60,60,60,60,60,60,60,60,60,60,60,60,60,60,60,60,60,60,60,60,60,12.8663,12.94,12.82,24.08,26,23,28.93,6884962
2026-10-03 22:54:00,22.663793,22.719158,22.610819,0.023150,60,14.390453,14.462501,14.329747,0.028315,60,18.766791,18.823530,18.724346,0.023879,60,92.491667,92.500000,92.400000,0.027872,60,26.933364,26.954681,26.911957,0.012558,60,27.283134,27.307167,27.264442,0.011738,60,26.940217,26.970703,26.901276,0.013350,60,26.500000,26.500000,26.500000,0.000000,60,26.197519,26.210617,26.183456,0.006879,60,26.507943,26.530624,26.487167,0.008405,60,26.230045,26.253433,26.212021,0.007326,60,1002.438333,1002.500000,1002.400000,0.049030,60,1002.438333,1002.500000,1002.400000,0.049030,60,25.300000,25.300000,25.300000,0.000001,60,0.072438,0.121193,-0.025382,0.030357,60,0.013760,0.065594,-0.084593,0.034601,60,0.060556,0.133889,-0.051785,0.030880,60,0.000661,0.001462,-0.000565,0.000337,60,0.000766,0.001281,-0.000268,0.000321,60,0.000147,0.000701,-0.000904,0.000370,60,1.358204,1.457133,1.239377,0.059396,60,-178.876234,-178.712097,-179.010239,0.059792,60,-0.279713,-0.159884,-0.425507,0.053307,60,7.374506,7.521662,7.164915,0.065656,60,179.291795,179.434647,179.163574,0.063249,60,0.164033,0.292697,0.042303,0.053631,60,0.000000,0.783333,3.000000,0.000000,0.865373,60,2316.833333,3578.000000,1280.000000,522.680061,60,0.078333,0.300000,0.000000,0.086537,60,228.785317,52.799636,60,60,60,60,60,60,60,60,60,60,60,60,60,60,60,60,60,60,60,60,60,60,60,60,60,60,60,60,60,60,12.8671,12.92,12.82,24.09,26,23,28.91,6884996
2026-10-03 22:55:00,22.664276,22.716106,22.609293,0.022018,60,14.376694,14.428931,14.328221,0.022847,60,18.766359,18.837263,18.706036,0.029410,60,92.400000,92.400000,92.400000,0.000004,60,26.917564,26.954681,26.885254,0.015822,60,27.274634,27.293816,27.251083,0.011346,60,26.926866,26.957352,26.901276,0.014727,60,26.500000,26.500000,26.500000,0.000000,60,26.180014,26.196762,26.162277,0.009305,60,26.496417,26.512192,26.481735,0.006651,60,26.212781,26.235214,26.190811,0.009172,60,1002.408333,1002.500000,1002.400000,0.027872,60,1002.408333,1002.500000,1002.400000,0.027872,60,25.300000,25.300000,25.300000,0.000001,60,0.079176,0.133541,-0.015092,0.033735,60,0.038519,0.101784,-0.076903,0.039369,60,0.075612,0.130348,-0.019254,0.033555,60,0.000826,0.001423,-0.000210,0.000366,60,0.000837,0.001412,-0.000160,0.000357,60,0.000412,0.001088,-0.000822,0.000421,60,1.364530,1.496537,1.218318,0.065115,60,-178.894627,-178.751892,-179.038498,0.054033,60,-0.293036,-0.225640,-0.424398,0.037853,60,7.380355,7.491341,7.256432,0.056862,60,179.284674,179.407440,179.151657,0.056194,60,0.150911,0.226609,0.014876,0.048064,60,0.000000,1.183333,2.000000,0.000000,0.650728,60,2221.866667,2521.000000,1872.000000,108.455641,60,0.118333,0.200000,0.000000,0.065073,60,222.202593,10.720041,60,60,60,60,60,60,60,60,60,60,60,60,60,60,60,60,60,60,60,60,60,60,60,60,60,60,60,60,60,60,12.8629,12.92,12.81,24.03,26,23,28.90,6885030
2026-10-03 22:56:00,22.664937,22.746624,22.581827,0.028372,60,14.382722,14.444190,14.328221,0.025810,60,18.768571,18.855574,18.706036,0.029514,60,92.400000,92.400000,92.400000,0.000004,60,26.899139,26.927979,26.871902,0.012240,60,27.263594,27.293816,27.237732,0.012610,60,26.913381,26.944000,26.887924,0.011936,60,26.500000,26.500000,26.500000,0.000000,60,26.160874,26.185043,26.140121,0.009672,60,26.485827,26.503983,26.465836,0.007782,60,26.195544,26.216232,26.177414,0.008031,60,1002.405000,1002.500000,1002.400000,0.021978,60,1002.405000,1002.500000,1002.400000,0.021978,60,25.300000,25.300000,25.300000,0.000001,60,0.083593,0.135599,-0.007775,0.030851,60,0.041558,0.106533,-0.078713,0.035129,60,0.086530,0.129685,0.003541,0.029374,60,0.000945,0.001416,0.000039,0.000321,60,0.000884,0.001433,-0.000082,0.000326,60,0.000444,0.001139,-0.000841,0.000376,60,1.380818,1.509967,1.282433,0.057815,60,-178.882167,-178.775864,-178.970749,0.059197,60,-0.281952,-0.213192,-0.372429,0.041685,60,7.385535,7.560136,7.282694,0.059806,60,179.282708,179.448380,179.190964,0.056679,60,0.153546,0.291898,0.054774,0.049616,60,0.000000,1.133333,2.000000,0.000000,0.595653,60,1946.900000,2185.000000,1748.000000,110.838667,60,0.113333,0.200000,0.000000,0.059565,60,194.669225,10.985257,60,60,60,60,60,60,60,60,60,60,60,60,60,60,60,60,60,60,60,60,60,60,60,60,60,60,60,60,60,60,12.8654,12.92,12.81,24.13,26,23,28.93,6885063
2026-10-03 22:57:00,22.652857,22.714581,22.581827,0.026548,60,14.378220,14.462501,14.311437,0.025196,60,18.764884,18.837263,18.706036,0.027360,60,92.400000,92.400000,92.400000,0.000004,60,26.879602,26.898605,26.842529,0.014114,60,27.250373,27.277794,27.221710,0.011223,60,26.900742,26.927979,26.871902,0.011990,60,26.500000,26.500000,26.500000,0.000000,60,26.138634,26.159866,26.115982,0.009265,60,26.473823,26.495346,26.457748,0.007604,60,26.177275,26.198593,26.158676,0.008571,60,1002.400000,1002.400000,1002.400000,0.000000,60,1002.400000,1002.400000,1002.400000,0.000000,60,25.300000,25.300000,25.300000,0.000001,60,0.082050,0.134685,0.002058,0.030217,60,0.039307,0.097260,-0.068987,0.032323,60,0.098270,0.133668,0.007303,0.029072,60,0.001073,0.001460,0.000080,0.000317,60,0.000867,0.001424,0.000022,0.000319,60,0.000420,0.001040,-0.000737,0.000346,60,1.362063,1.495179,1.187216,0.063926,60,-178.880230,-178.751892,-179.035110,0.057529,60,-0.289471,-0.212222,-0.425368,0.046791,60,7.391602,7.498967,7.269667,0.051476,60,179.302184,179.474731,179.190201,0.053740,60,0.161671,0.266166,0.041801,0.048386,60,0.000000,1.566667,3.000000,1.000000,0.563484,60,1718.900000,1874.000000,1485.000000,93.325510,60,0.156667,0.300000,0.100000,0.056348,60,171.925774,9.236411,60,60,60,60,60,60,60,60,60,60,60,60,60,60,60,60,60,60,60,60,60,60,60,60,60,60,60,60,60,60,12.8630,12.92,12.81,24.10,26,23,28.93,6885097
2026-10-03 22:58:00,22.659571,22.714581,22.592508,0.025925,60,14.375804,14.442664,14.311437,0.023548,60,18.764985,18.820478,18.704510,0.026600,60,92.366667,92.400000,92.300000,0.047538,60,26.859085,26.885254,26.829178,0.013930,60,27.237332,27.264442,27.192337,0.015976,60,26.877021,26.914627,26.845200,0.013707,60,26.500000,26.500000,26.500000,0.000000,60,26.118481,26.140884,26.096115,0.009696,60,26.462580,26.478531,26.445114,0.006830,60,26.157624,26.174606,26.144485,0.007186,60,1002.400000,1002.400000,1002.400000,0.000000,60,1002.400000,1002.400000,1002.400000,0.000000,60,25.300000,25.300000,25.300000,0.000001,60,0.090800,0.144518,-0.016921,0.031801,60,0.033811,0.108795,-0.048404,0.032759,60,0.082613,0.131234,0.003320,0.029048,60,0.000902,0.001433,0.000036,0.000317,60,0.000960,0.001528,-0.000179,0.000336,60,0.000361,0.001163,-0.000517,0.000350,60,1.373891,1.559938,1.257925,0.056432,60,-178.885327,-178.779633,-178.997375,0.051165,60,-0.293028,-0.186569,-0.398174,0.046239,60,7.394715,7.540226,7.269667,0.058376,60,179.291239,179.406631,179.150467,0.053861,60,0.164268,0.251178,0.107354,0.036882,60,0.000000,0.600000,1.000000,0.000000,0.494032,60,2344.300000,3143.000000,1609.000000,408.219711,60,0.060000,0.100000,0.000000,0.049403,60,235.217315,41.121628,60,60,60,60,60,60,60,60,60,60,60,60,60,60,60,60,60,60,60,60,60,60,60,60,60,60,60,60,60,60,12.8617,12.92,12.82,24.01,26,22,28.89,6885131
2026-10-03 22:59:00,22.655400,22.725262,22.604715,0.025535,60,14.380484,14.460975,14.311437,0.027843,60,18.761756,18.837263,18.719769,0.024568,60,92.296667,92.300000,92.200000,0.018102,60,26.841639,26.855881,26.815826,0.011229,60,27.228787,27.264442,27.192337,0.013373,60,26.859975,26.887924,26.831848,0.012167,60,26.500000,26.500000,26.500000,0.000000,60,26.100233,26.117722,26.081100,0.008037,60,26.451874,26.467056,26.432236,0.007642,60,26.142562,26.158066,26.123154,0.007363,60,1002.400000,1002.400000,1002.400000,0.000000,60,1002.400000,1002.400000,1002.400000,0.000000,60,25.280000,25.300000,25.100000,0.060506,60,0.091661,0.139487,-0.004116,0.031565,60,0.038384,0.095903,-0.048856,0.030920,60,0.068966,0.124816,-0.014606,0.030383,60,0.000753,0.001363,-0.000159,0.000332,60,0.000969,0.001474,-0.000044,0.000334,60,0.000410,0.001025,-0.000522,0.000331,60,1.377851,1.496084,1.257925,0.067315,60,-178.872834,-178.736832,-179.037354,0.065783,60,-0.299048,-0.186569,-0.372429,0.046015,60,7.385953,7.564281,7.242390,0.071390,60,179.299756,179.381042,179.189438,0.051486,60,0.171602,0.291738,0.054361,0.046580,60,0.000000,0.766667,1.000000,0.000000,0.426522,60,2517.616667,3058.000000,2198.000000,176.155372,60,0.076667,0.100000,0.000000,0.042652,60,251.636165,17.400620,60,60,60,60,60,60,60,60,60,60,60,60,60,60,60,60,60,60,60,60,60,60,60,60,60,60,60,60,60,60,12.8636,12.92,12.81,24.20,26,23,28.89,6885165
2026-10-03 23:00:00,22.656672,22.711529,22.590982,0.027399,60,14.373058,14.442664,14.328221,0.023205,60,18.762137,18.818953,18.719769,0.022924,60,92.261667,92.300000,92.200000,0.049030,60,26.824282,26.855881,26.799805,0.012907,60,27.218372,27.251083,27.176315,0.012636,60,26.844488,26.871902,26.815826,0.011487,60,26.500000,26.500000,26.500000,0.000000,60,26.081530,26.105148,26.068466,0.008215,60,26.441957,26.458359,26.425339,0.007626,60,26.126119,26.145706,26.105820,0.008266,60,1002.400000,1002.400000,1002.400000,0.000000,60,1002.400000,1002.400000,1002.400000,0.000000,60,25.150000,25.300000,25.100000,0.087333,60,0.077583,0.135142,-0.036815,0.030525,60,0.023237,0.080296,-0.049987,0.027652,60,0.052958,0.105120,-0.034745,0.031447,60,0.000578,0.001148,-0.000379,0.000343,60,0.000820,0.001428,-0.000389,0.000323,60,0.000248,0.000858,-0.000534,0.000296,60,1.381303,1.493823,1.254369,0.056231,60,-178.876671,-178.781357,-179.010239,0.060321,60,-0.327904,-0.225913,-0.437218,0.047008,60,7.392491,7.531961,7.230165,0.063805,60,179.287062,179.447876,179.164734,0.056398,60,0.173870,0.265091,0.041000,0.047997,60,0.000000,0.350000,2.000000,0.000000,0.605763,60,1846.433333,3598.000000,11.000000,1259.153124,60,0.035000,0.200000,0.000000,0.060576,60,54.395105,70.560901,60,60,60,60,60,60,60,60,60,60,60,60,60,60,60,60,60,60,60,60,60,60,60,60,60,60,60,60,60,60,12.8640,12.92,12.81,24.05,26,22,28.88,6885199
2026-10-03 23:01:00,22.652476,22.710003,22.601664,0.022054,60,14.375092,14.442664,14.293126,0.030138,60,18.759035,18.818953,18.718243,0.023866,60,92.336667,92.900000,91.900000,0.119273,60,26.806925,26.829178,26.773102,0.014926,60,27.207335,27.221710,27.176315,0.012439,60,26.827665,26.858551,26.802475,0.013978,60,26.496667,26.500000,26.400000,0.018102,60,26.064226,26.092361,26.044937,0.009149,60,26.430950,26.447433,26.417679,0.006645,60,26.108540,26.127121,26.089188,0.008230,60,1002.400000,1002.400000,1002.400000,0.000000,60,1002.400000,1002.400000,1002.400000,0.000000,60,25.098333,25.100000,25.000000,0.012910,60,0.073974,0.119593,-0.018979,0.033778,60,0.023210,0.082105,-0.066272,0.030075,60,0.049100,0.104898,-0.047802,0.030562,60,0.000536,0.001145,-0.000522,0.000334,60,0.000782,0.001264,-0.000201,0.000357,60,0.000248,0.000878,-0.000708,0.000322,60,1.364332,1.536363,1.239377,0.064911,60,-178.873210,-178.780487,-178.970261,0.042670,60,-0.289085,-0.212486,-0.424952,0.042592,60,7.390399,7.548504,7.203052,0.065145,60,179.293459,179.448380,179.163971,0.064111,60,0.161706,0.252679,0.054361,0.043739,60,0.000000,0.916667,2.000000,0.000000,0.618683,60,2645.933333,3596.000000,0.000000,1463.493763,60,0.091667,0.200000,0.000000,0.061868,60,348.653149,12.524099,60,60,60,60,60,60,60,60,60,60,60,60,60,60,60,60,60,60,60,60,60,60,60,60,60,60,60,60,60,60,12.8627,12.93,12.82,24.21,27,23,28.85,6885232
2026-10-03 23:02:00,22.658477,22.710003,22.587931,0.026098,60,14.375931,14.424354,14.325170,0.023487,60,18.758831,18.847944,18.686197,0.027815,60,92.491667,93.000000,91.900000,0.286588,60,26.789836,26.815826,26.773102,0.012436,60,27.194562,27.237732,27.162964,0.016307,60,26.813023,26.845200,26.775772,0.013242,60,26.470000,26.500000,26.400000,0.046212,60,26.050112,26.070694,26.030594,0.008439,60,26.420895,26.432938,26.399460,0.006669,60,26.095399,26.110550,26.076370,0.006821,60,1002.400000,1002.400000,1002.400000,0.000000,60,1002.400000,1002.400000,1002.400000,0.000000,60,25.108333,25.300000,25.000000,0.064550,60,0.075003,0.116620,-0.010061,0.029448,60,0.008897,0.075320,-0.090700,0.034191,60,0.031551,0.079670,-0.053334,0.030863,60,0.000345,0.000870,-0.000582,0.000337,60,0.000793,0.001233,-0.000106,0.000311,60,0.000095,0.000805,-0.000970,0.000365,60,1.380125,1.496084,1.216388,0.064261,60,-178.874791,-178.779037,-178.970993,0.052505,60,-0.284644,-0.185996,-0.397910,0.046106,60,7.390611,7.560765,7.256432,0.061439,60,179.296841,179.407028,179.165131,0.053261,60,0.165181,0.290941,0.080247,0.045682,60,0.000000,0.850000,1.000000,0.000000,0.360085,60,1717.733333,3589.000000,0.000000,1695.762104,60,0.085000,0.100000,0.000000,0.036008,60,3.753601,13.435646,60,60,60,60,60,60,60,60,60,60,60,60,60,60,60,60,60,60,60,60,60,60,60,60,60,60,60,60,60,60,12.8632,12.92,12.82,24.02,26,23,28.86,6885266
2026-10-03 23:03:00,22.649475,22.720684,22.574198,0.028481,60,14.378017,14.424354,14.309911,0.026447,60,18.755627,18.815901,18.683146,0.028002,60,92.658333,93.000000,92.000000,0.289530,60,26.772968,26.799805,26.743721,0.013387,60,27.184460,27.208359,27.162964,0.014261,60,26.800428,26.831848,26.775772,0.013900,60,26.410000,26.500000,26.400000,0.030253,60,26.033678,26.054306,26.015732,0.008581,60,26.412369,26.426559,26.399307,0.006932,60,26.080876,26.098862,26.063126,0.008410,60,1002.400000,1002.400000,1002.400000,0.000000,60,1002.400000,1002.400000,1002.400000,0.000000,60,25.166667,25.300000,25.100000,0.095077,60,0.072952,0.127596,-0.032471,0.032960,60,0.001172,0.058808,-0.078486,0.030556,60,0.031008,0.075022,-0.066391,0.031290,60,0.000339,0.000819,-0.000725,0.000342,60,0.000771,0.001349,-0.000343,0.000348,60,0.000013,0.000629,-0.000839,0.000327,60,1.377821,1.495179,1.240939,0.059742,60,-178.879490,-178.753387,-179.010239,0.051969,60,-0.298915,-0.226645,-0.398439,0.036947,60,7.396431,7.505145,7.252570,0.060528,60,179.297556,179.407028,179.190201,0.048753,60,0.165329,0.253885,0.054774,0.045824,60,0.000000,0.650000,1.000000,0.000000,0.480995,60,631.666667,3599.000000,6.000000,997.735974,60,0.065000,0.100000,0.000000,0.048099,60,26.961007,20.219046,60,60,60,60,60,60,60,60,60,60,60,60,60,60,60,60,60,60,60,60,60,60,60,60,60,60,60,60,60,60,12.8605,12.94,12.81,24.00,26,23,28.85,6885300
2026-10-03 23:04:00,22.643524,22.691692,22.587931,0.026194,60,14.372651,14.439612,14.325170,0.028781,60,18.755932,18.815901,18.699932,0.025822,60,92.411667,92.900000,92.400000,0.066617,60,26.756277,26.786453,26.730370,0.012569,60,27.172977,27.208359,27.149612,0.012356,60,26.786765,26.815826,26.759750,0.011614,60,26.400000,26.400000,26.400000,0.000000,60,26.015770,26.037766,25.986954,0.009450,60,26.402343,26.420853,26.387070,0.007273,60,26.066493,26.082260,26.049240,0.007448,60,1002.400000,1002.400000,1002.400000,0.000000,60,1002.400000,1002.400000,1002.400000,0.000000,60,25.100000,25.100000,25.100000,0.000001,60,0.058973,0.103815,-0.031556,0.031516,60,0.007728,0.055416,-0.065141,0.028105,60,0.044327,0.095161,-0.046917,0.029644,60,0.000484,0.001039,-0.000512,0.000324,60,0.000623,0.001097,-0.000334,0.000333,60,0.000083,0.000592,-0.000696,0.000300,60,1.363684,1.540071,1.188729,0.067101,60,-178.875695,-178.741333,-178.996201,0.050889,60,-0.293058,-0.225913,-0.424952,0.044799,60,7.370006,7.509268,7.190758,0.062820,60,179.287159,179.435425,179.190964,0.060541,60,0.165421,0.265551,0.054155,0.047971,60,0.000000,0.683333,2.000000,0.000000,0.567231,60,2311.416667,3598.000000,20.000000,1584.651598,60,0.068333,0.200000,0.000000,0.056723,60,2.687988,20.031474,60,60,60,60,60,60,60,60,60,60,60,60,60,60,60,60,60,60,60,60,60,60,60,60,60,60,60,60,60,60,12.8638,12.90,12.82,24.09,26,22,28.82,6885334
2026-10-03 23:05:00,22.654078,22.719158,22.600138,0.028056,60,14.375296,14.457923,14.309911,0.030257,60,18.749676,18.797588,18.683146,0.026906,60,92.495000,92.500000,92.400000,0.021978,60,26.740385,26.757080,26.717018,0.010611,60,27.165234,27.192337,27.149612,0.010001,60,26.769719,26.789124,26.746391,0.011881,60,26.400000,26.400000,26.400000,0.000000,60,26.002476,26.017899,25.988388,0.007388,60,26.394869,26.408798,26.379654,0.006660,60,26.053907,26.074356,26.039322,0.007375,60,1002.400000,1002.400000,1002.400000,0.000000,60,1002.400000,1002.400000,1002.400000,0.000000,60,25.100000,25.100000,25.100000,0.000001,60,0.060402,0.109303,-0.033843,0.029186,60,-0.011950,0.047047,-0.106307,0.031089,60,0.001177,0.046917,-0.102685,0.033352,60,0.000013,0.000512,-0.001121,0.000364,60,0.000638,0.001155,-0.000358,0.000308,60,-0.000128,0.000503,-0.001136,0.000332,60,1.368313,1.532671,1.139720,0.071925,60,-178.870658,-178.712097,-179.064728,0.057319,60,-0.293080,-0.186651,-0.373314,0.041144,60,7.377867,7.558065,7.272629,0.062007,60,179.297764,179.408783,179.190964,0.053372,60,0.156446,0.318243,0.054464,0.055560,60,0.000000,1.650000,3.000000,1.000000,0.633125,60,3288.216667,3573.000000,32.000000,460.803429,60,0.165000,0.300000,0.100000,0.063313,60,335.015215,17.405938,60,60,60,60,60,60,60,60,60,60,60,60,60,60,60,60,60,60,60,60,60,60,60,60,60,60,60,60,60,60,12.8605,12.90,12.82,24.10,26,22,28.80,6885368
2026-10-03 23:06:00,22.643091,22.688641,22.583353,0.024837,60,14.365886,14.424354,14.306859,0.023835,60,18.756237,18.832685,18.699932,0.028402,60,92.445000,92.500000,92.400000,0.050169,60,26.726231,26.743721,26.700996,0.011366,60,27.159626,27.192337,27.120239,0.012930,60,26.758501,26.789124,26.719688,0.013948,60,26.400000,26.400000,26.400000,0.000000,60,25.992415,26.007614,25.976517,0.006476,60,26.387377,26.404434,26.368576,0.007211,60,26.042999,26.060593,26.027420,0.006892,60,1002.383333,1002.400000,1002.300000,0.037582,60,1002.383333,1002.400000,1002.300000,0.037582,60,25.100000,25.100000,25.100000,0.000001,60,0.042079,0.080033,-0.080262,0.030556,60,-0.031304,0.022392,-0.121914,0.029335,60,-0.021706,0.023016,-0.102464,0.027653,60,-0.000237,0.000251,-0.001119,0.000302,60,0.000445,0.000846,-0.000848,0.000323,60,-0.000335,0.000239,-0.001303,0.000314,60,1.383001,1.494275,1.192525,0.063184,60,-178.874507,-178.751617,-179.011627,0.056902,60,-0.290391,-0.225640,-0.372051,0.036799,60,7.396844,7.534026,7.196744,0.076258,60,179.288487,179.433380,179.163177,0.054136,60,0.174176,0.292537,0.107354,0.041593,60,0.000000,3.350000,4.000000,1.000000,0.879619,60,3343.766667,3438.000000,3183.000000,38.947756,60,0.335000,0.400000,0.100000,0.087962,60,334.379302,3.858172,60,60,60,60,60,60,60,60,60,60,60,60,60,60,60,60,60,60,60,60,60,60,60,60,60,60,60,60,60,60,12.8597,12.92,12.82,24.01,26,22,28.77,6885401
2026-10-03 23:07:00,22.645889,22.688641,22.586405,0.025298,60,14.370871,14.424354,14.323644,0.022727,60,18.745454,18.797588,18.681620,0.027779,60,92.526667,92.600000,92.500000,0.044595,60,26.716440,26.743721,26.687645,0.012915,60,27.148411,27.176315,27.120239,0.011555,60,26.743678,26.775772,26.719688,0.014533,60,26.400000,26.400000,26.400000,0.000000,60,25.987214,26.006363,25.975143,0.006128,60,26.381192,26.407211,26.368027,0.007781,60,26.037224,26.057083,26.021896,0.007100,60,1002.343333,1002.400000,1002.300000,0.049972,60,1002.343333,1002.400000,1002.300000,0.049972,60,25.100000,25.100000,25.100000,0.000001,60,0.034632,0.079347,-0.058310,0.031723,60,-0.066182,-0.014024,-0.149509,0.031689,60,-0.064082,-0.018590,-0.149381,0.027771,60,-0.000700,-0.000203,-0.001631,0.000303,60,0.000366,0.000839,-0.000616,0.000335,60,-0.000707,-0.000150,-0.001598,0.000339,60,1.379443,1.494275,1.241330,0.057869,60,-178.885431,-178.779037,-179.011398,0.055107,60,-0.296482,-0.186815,-0.372935,0.044249,60,7.392448,7.540978,7.214170,0.069701,60,179.281657,179.432846,179.164169,0.052697,60,0.170806,0.292217,0.054981,0.054247,60,0.000000,4.083333,5.000000,3.000000,0.590652,60,3288.016667,3419.000000,3138.000000,54.541072,60,0.408333,0.500000,0.300000,0.059065,60,328.804938,5.403557,60,60,60,60,60,60,60,60,60,60,60,60,60,60,60,60,60,60,60,60,60,60,60,60,60,60,60,60,60,60,12.8599,12.90,12.81,24.14,26,22,28.75,6885435
2026-10-03 23:08:00,22.645940,22.688641,22.569620,0.022134,60,14.365454,14.424354,14.291600,0.029990,60,18.744564,18.797588,18.696880,0.024811,60,92.613333,92.700000,92.500000,0.038912,60,26.709452,26.743721,26.687645,0.011729,60,27.142047,27.176315,27.106888,0.012084,60,26.738604,26.775772,26.703667,0.013540,60,26.400000,26.400000,26.400000,0.000000,60,25.982607,25.996780,25.966354,0.006328,60,26.377251,26.394302,26.365616,0.007391,60,26.027697,26.040237,26.011581,0.006646,60,1002.318333,1002.400000,1002.300000,0.039020,60,1002.318333,1002.400000,1002.300000,0.039020,60,25.100000,25.100000,25.100000,0.000001,60,0.024452,0.071344,-0.065399,0.030869,60,-0.083481,-0.022392,-0.178234,0.031557,60,-0.095013,-0.050015,-0.194748,0.033023,60,-0.001038,-0.000546,-0.002127,0.000361,60,0.000258,0.000754,-0.000691,0.000326,60,-0.000892,-0.000239,-0.001905,0.000337,60,1.371803,1.507689,1.215617,0.057090,60,-178.883767,-178.752502,-179.011398,0.050538,60,-0.294497,-0.212838,-0.399233,0.041257,60,7.395261,7.530617,7.273767,0.057971,60,179.289021,179.379608,179.151260,0.050409,60,0.167076,0.267090,0.002260,0.050209,60,0.000000,4.816667,6.000000,4.000000,0.676273,60,3205.016667,3381.000000,2954.000000,122.002708,60,0.481667,0.600000,0.400000,0.067627,60,320.554922,12.098558,60,60,60,60,60,60,60,60,60,60,60,60,60,60,60,60,60,60,60,60,60,60,60,60,60,60,60,60,60,60,12.8612,12.92,12.82,24.09,26,22,28.75,6885469
2026-10-03 23:09:00,22.640319,22.702374,22.583353,0.026330,60,14.364156,14.438087,14.306859,0.028480,60,18.745581,18.811321,18.696880,0.024726,60,92.626667,92.700000,92.600000,0.044595,60,26.699928,26.730370,26.674294,0.012565,60,27.137151,27.162964,27.120239,0.012454,60,26.730681,26.746391,26.703667,0.012124,60,26.400000,26.400000,26.400000,0.000000,60,25.979724,25.999344,25.967209,0.006871,60,26.371226,26.384567,26.358994,0.006699,60,26.026058,26.039505,26.002579,0.007980,60,1002.301667,1002.400000,1002.300000,0.012910,60,1002.301667,1002.400000,1002.300000,0.012910,60,25.100000,25.100000,25.100000,0.000001,60,0.005705,0.052593,-0.084607,0.031728,60,-0.106620,-0.055868,-0.202210,0.032092,60,-0.118811,-0.065285,-0.207584,0.030798,60,-0.001297,-0.000713,-0.002267,0.000336,60,0.000060,0.000556,-0.000894,0.000335,60,-0.001140,-0.000597,-0.002162,0.000343,60,1.377852,1.493823,1.257529,0.054374,60,-178.877668,-178.750427,-179.010239,0.056564,60,-0.303359,-0.213192,-0.371925,0.039470,60,7.395250,7.522346,7.230165,0.063096,60,179.293505,179.474487,179.150665,0.066773,60,0.171458,0.266320,0.081342,0.045897,60,0.000000,4.433333,6.000000,3.000000,0.830900,60,3014.300000,3194.000000,2703.000000,116.182980,60,0.443333,0.600000,0.300000,0.083090,60,301.506615,11.492059,60,60,60,60,60,60,60,60,60,60,60,60,60,60,60,60,60,60,60,60,60,60,60,60,60,60,60,60,60,60,12.8615,12.92,12.81,24.13,26,23,28.73,6885503
2026-10-03 23:10:00,22.639633,22.702374,22.569620,0.023949,60,14.362732,14.438087,14.291600,0.026604,60,18.739554,18.796062,18.681620,0.029070,60,92.621667,92.700000,92.500000,0.076117,60,26.695611,26.730370,26.674294,0.013576,60,27.135015,27.176315,27.106888,0.012749,60,26.725385,26.746391,26.703667,0.011681,60,26.400000,26.400000,26.400000,0.000000,60,25.981568,25.996994,25.969894,0.006750,60,26.370101,26.383133,26.352829,0.006741,60,26.025318,26.042374,26.012894,0.006043,60,1002.300000,1002.300000,1002.300000,0.000000,60,1002.300000,1002.300000,1002.300000,0.000000,60,25.100000,25.100000,25.100000,0.000001,60,-0.002607,0.039788,-0.105415,0.028199,60,-0.111517,-0.069213,-0.192936,0.029668,60,-0.128939,-0.094276,-0.207141,0.027264,60,-0.001408,-0.001029,-0.002262,0.000298,60,-0.000028,0.000421,-0.001114,0.000298,60,-0.001192,-0.000740,-0.002062,0.000317,60,1.382866,1.557137,1.188729,0.067814,60,-178.886167,-178.754272,-179.008362,0.053313,60,-0.304745,-0.225731,-0.398571,0.040744,60,7.404973,7.577339,7.252414,0.057356,60,179.286612,179.380753,179.164169,0.051216,60,0.182490,0.267090,0.081013,0.039743,60,0.000000,4.050000,6.000000,3.000000,0.964189,60,3075.016667,3292.000000,2842.000000,113.179847,60,0.405000,0.600000,0.300000,0.096419,60,307.517090,11.210584,60,60,60,60,60,60,60,60,60,60,60,60,60,60,60,60,60,60,60,60,60,60,60,60,60,60,60,60,60,60,12.8594,12.93,12.81,24.10,26,23,28.71,6885537
2026-10-03 23:11:00,22.634343,22.719158,22.569620,0.029810,60,14.361283,14.421302,14.306859,0.024501,60,18.741690,18.811321,18.664835,0.032950,60,92.618333,92.700000,92.500000,0.072467,60,26.697481,26.717018,26.674294,0.011876,60,27.127227,27.162964,27.106888,0.012516,60,26.719644,26.746391,26.690315,0.012635,60,26.400000,26.400000,26.400000,0.000000,60,25.983502,26.001633,25.969711,0.006111,60,26.366150,26.385361,26.344894,0.007097,60,26.023834,26.038284,26.007889,0.006677,60,1002.300000,1002.300000,1002.300000,0.000000,60,1002.300000,1002.300000,1002.300000,0.000000,60,25.100000,25.100000,25.100000,0.000001,60,-0.002386,0.053508,-0.077518,0.029216,60,-0.119452,-0.064915,-0.219400,0.028117,60,-0.137744,-0.083874,-0.240116,0.030508,60,-0.001504,-0.000916,-0.002622,0.000333,60,-0.000025,0.000566,-0.000819,0.000309,60,-0.001277,-0.000694,-0.002345,0.000301,60,1.370985,1.573341,1.187216,0.070389,60,-178.882250,-178.738037,-179.036911,0.054830,60,-0.310673,-0.212927,-0.373314,0.040819,60,7.405428,7.566354,7.275688,0.061397,60,179.292866,179.407028,179.055573,0.063355,60,0.181352,0.265398,0.108050,0.040766,60,0.000000,5.350000,6.000000,5.000000,0.480995,60,3168.700000,3275.000000,2990.000000,77.249826,60,0.535000,0.600000,0.500000,0.048099,60,316.879839,7.657450,60,60,60,60,60,60,60,60,60,60,60,60,60,60,60,60,60,60,60,60,60,60,60,60,60,60,60,60,60,60,12.8622,12.92,12.79,24.18,26,22,28.64,6885570
2026-10-03 23:12:00,22.629663,22.702374,22.569620,0.029371,60,14.364207,14.438087,14.323644,0.026173,60,18.740190,18.796062,18.664835,0.025950,60,92.685000,92.800000,92.200000,0.087962,60,26.698326,26.730370,26.674294,0.012867,60,27.126915,27.149612,27.093536,0.012217,60,26.720623,26.746391,26.690315,0.011950,60,26.403333,26.500000,26.400000,0.018102,60,25.985666,26.000534,25.969894,0.006385,60,26.365840,26.383652,26.348831,0.007042,60,26.022826,26.035080,26.006332,0.006502,60,1002.300000,1002.300000,1002.300000,0.000000,60,1002.300000,1002.300000,1002.300000,0.000000,60,25.100000,25.100000,25.100000,0.000001,60,-0.011395,0.054651,-0.120736,0.035558,60,-0.127799,-0.084593,-0.214650,0.027431,60,-0.142074,-0.096046,-0.231042,0.027859,60,-0.001551,-0.001049,-0.002523,0.000304,60,-0.000120,0.000578,-0.001276,0.000376,60,-0.001366,-0.000904,-0.002295,0.000293,60,1.363738,1.505870,1.254764,0.053539,60,-178.874173,-178.738327,-179.007660,0.057977,60,-0.315124,-0.213103,-0.425091,0.046408,60,7.390339,7.538902,7.252570,0.065936,60,179.282101,179.434906,179.166107,0.056344,60,0.179628,0.265398,0.054361,0.046065,60,0.000000,4.300000,5.000000,4.000000,0.462125,60,3097.033333,3293.000000,2865.000000,80.216649,60,0.430000,0.500000,0.400000,0.046212,60,309.712176,7.940782,60,60,60,60,60,60,60,60,60,60,60,60,60,60,60,60,60,60,60,60,60,60,60,60,60,60,60,60,60,60,12.8588,12.92,12.81,24.15,26,23,28.73,6885604
2026-10-03 23:13:00,22.626739,22.674906,22.569620,0.022070,60,14.365174,14.406042,14.323644,0.025442,60,18.745123,18.796062,18.678568,0.024939,60,92.513333,92.900000,92.300000,0.203750,60,26.695478,26.717018,26.674294,0.011581,60,27.124868,27.162964,27.106888,0.013878,60,26.716440,26.733040,26.690315,0.012981,60,26.471667,26.500000,26.400000,0.045442,60,25.990799,26.003494,25.975571,0.005990,60,26.363332,26.378647,26.348190,0.005844,60,26.023512,26.037735,26.007736,0.007273,60,1002.300000,1002.300000,1002.300000,0.000000,60,1002.300000,1002.300000,1002.300000,0.000000,60,25.120000,25.300000,25.100000,0.060506,60,-0.015923,0.041846,-0.103357,0.032584,60,-0.146346,-0.102915,-0.239078,0.032426,60,-0.165042,-0.123931,-0.241443,0.025273,60,-0.001802,-0.001353,-0.002637,0.000276,60,-0.000168,0.000442,-0.001092,0.000344,60,-0.001564,-0.001100,-0.002556,0.000347,60,1.382547,1.559938,1.238207,0.067838,60,-178.883767,-178.750427,-179.038727,0.066431,60,-0.304497,-0.212486,-0.425091,0.042185,60,7.388211,7.515460,7.224160,0.069324,60,179.297014,179.435944,179.193588,0.051578,60,0.167984,0.291419,0.001806,0.052233,60,0.000000,7.116667,10.000000,4.000000,1.668163,60,3243.800000,3433.000000,3096.000000,89.017576,60,0.711667,1.000000,0.400000,0.166816,60,324.380959,8.821910,60,60,60,60,60,60,60,60,60,60,60,60,60,60,60,60,60,60,60,60,60,60,60,60,60,60,60,60,60,60,12.8607,12.92,12.81,24.17,26,22,28.67,6885638
2026-10-03 23:14:00,22.625366,22.687113,22.569620,0.028614,60,14.360265,14.421302,14.306859,0.024697,60,18.737189,18.811321,18.696880,0.022141,60,92.493333,93.000000,92.400000,0.126044,60,26.698682,26.717018,26.674294,0.012403,60,27.121841,27.149612,27.093536,0.012982,60,26.716039,26.746391,26.690315,0.013818,60,26.495000,26.500000,26.400000,0.021978,60,25.993619,26.007645,25.979721,0.006593,60,26.361700,26.377823,26.346542,0.006024,60,26.028456,26.041031,26.011520,0.006396,60,1002.300000,1002.300000,1002.300000,0.000000,60,1002.300000,1002.300000,1002.300000,0.000000,60,25.160000,25.300000,25.100000,0.092425,60,0.012283,0.068829,-0.091924,0.030513,60,-0.144035,-0.090022,-0.239531,0.028717,60,-0.182458,-0.130348,-0.254500,0.029955,60,-0.001992,-0.001423,-0.002779,0.000327,60,0.000130,0.000728,-0.000972,0.000323,60,-0.001540,-0.000962,-0.002561,0.000307,60,1.389497,1.571930,1.242505,0.061144,60,-178.892416,-178.781937,-178.995956,0.047476,60,-0.298150,-0.186815,-0.398439,0.038820,60,7.391414,7.616515,7.279707,0.061577,60,179.296371,179.381454,179.190964,0.045210,60,0.174650,0.292217,0.055499,0.052648,60,0.000000,10.033333,12.000000,6.000000,1.192727,60,3142.916667,3330.000000,2900.000000,95.922690,60,1.003333,1.200000,0.600000,0.119273,60,314.310484,9.503682,60,60,60,60,60,60,60,60,60,60,60,60,60,60,60,60,60,60,60,60,60,60,60,60,60,60,60,60,60,60,12.8587,12.92,12.79,24.04,26,23,28.61,6885672
2026-10-03 23:15:00,22.621398,22.702374,22.540627,0.026939,60,14.358053,14.421302,14.291600,0.026708,60,18.735053,18.811321,18.678568,0.024728,60,92.491667,93.000000,92.400000,0.139359,60,26.704245,26.730370,26.687645,0.013967,60,27.122776,27.149612,27.093536,0.010954,60,26.716573,26.746391,26.690315,0.014986,60,26.495000,26.500000,26.400000,0.021978,60,26.003898,26.017166,25.990738,0.006560,60,26.358695,26.384537,26.344254,0.007437,60,26.026917,26.046921,26.003433,0.008855,60,1002.300000,1002.300000,1002.300000,0.000000,60,1002.300000,1002.300000,1002.300000,0.000000,60,25.113333,25.300000,25.100000,0.050310,60,0.003358,0.050078,-0.103129,0.032985,60,-0.156253,-0.094319,-0.234781,0.029238,60,-0.205264,-0.155356,-0.293671,0.030439,60,-0.002241,-0.001696,-0.003207,0.000332,60,0.000035,0.000529,-0.001090,0.000349,60,-0.001670,-0.001008,-0.002510,0.000313,60,1.371666,1.504962,1.217546,0.072657,60,-178.874864,-178.753983,-178.998550,0.053632,60,-0.297650,-0.213192,-0.425368,0.046371,60,7.390032,7.544362,7.224404,0.060784,60,179.293605,179.408112,179.152664,0.053060,60,0.174129,0.265551,0.054464,0.041419,60,0.000000,9.433333,12.000000,6.000000,1.406603,60,3012.966667,3121.000000,2847.000000,55.764021,60,0.943333,1.200000,0.600000,0.140660,60,301.305547,5.524405,60,60,60,60,60,60,60,60,60,60,60,60,60,60,60,60,60,60,60,60,60,60,60,60,60,60,60,60,60,60,12.8583,12.92,12.82,24.02,26,23,28.61,6885705
2026-10-03 23:16:00,22.616795,22.674906,22.554359,0.029962,60,14.362503,14.456397,14.306859,0.028466,60,18.732408,18.828108,18.678568,0.027694,60,92.763333,93.000000,92.400000,0.212305,60,26.707227,26.743721,26.687645,0.012159,60,27.114053,27.136261,27.093536,0.011097,60,26.711411,26.746391,26.690315,0.013326,60,26.435000,26.500000,26.400000,0.048099,60,26.009485,26.026321,25.990829,0.006666,60,26.355775,26.373489,26.334488,0.008261,60,26.025981,26.051498,26.005966,0.008084,60,1002.300000,1002.300000,1002.300000,0.000000,60,1002.300000,1002.300000,1002.300000,0.000000,60,25.126667,25.300000,25.100000,0.068561,60,0.044342,0.118907,-0.076375,0.038670,60,-0.115935,-0.045690,-0.222341,0.037040,60,-0.150152,-0.067941,-0.247197,0.040448,60,-0.001640,-0.000742,-0.002699,0.000442,60,0.000469,0.001257,-0.000807,0.000409,60,-0.001239,-0.000488,-0.002377,0.000396,60,1.391401,1.499713,1.217160,0.065991,60,-178.879989,-178.752502,-178.996201,0.054157,60,-0.295729,-0.212927,-0.425368,0.049478,60,7.401522,7.522347,7.184781,0.061598,60,179.294352,179.435043,179.124313,0.059862,60,0.172457,0.329897,0.041600,0.054502,60,0.000000,10.500000,12.000000,8.000000,1.049617,60,3050.816667,3118.000000,2973.000000,35.348383,60,1.050000,1.200000,0.800000,0.104962,60,305.082498,3.504634,60,60,60,60,60,60,60,60,60,60,60,60,60,60,60,60,60,60,60,60,60,60,60,60,60,60,60,60,60,60,12.8565,12.90,12.82,24.02,26,22,28.56,6885739
2026-10-03 23:17:00,22.613133,22.673380,22.554359,0.026285,60,14.355866,14.406042,14.306859,0.022642,60,18.729458,18.779278,18.678568,0.022929,60,92.675000,92.800000,92.600000,0.070410,60,26.710921,26.743721,26.687645,0.010682,60,27.112139,27.136261,27.093536,0.010171,60,26.716039,26.746391,26.690315,0.012820,60,26.400000,26.400000,26.400000,0.000000,60,26.008104,26.023239,25.986038,0.007771,60,26.345275,26.365128,26.323410,0.007922,60,26.023156,26.035172,26.011093,0.006127,60,1002.241667,1002.300000,1002.200000,0.049717,60,1002.241667,1002.300000,1002.200000,0.049717,60,25.100000,25.100000,25.100000,0.000001,60,0.081222,0.118907,-0.026068,0.029599,60,-0.055054,0.006786,-0.148604,0.032481,60,-0.061582,-0.012393,-0.175716,0.036756,60,-0.000672,-0.000135,-0.001919,0.000401,60,0.000859,0.001257,-0.000276,0.000313,60,-0.000589,0.000073,-0.001589,0.000347,60,1.374608,1.496084,1.187594,0.063022,60,-178.879493,-178.751892,-179.010239,0.053528,60,-0.301009,-0.186651,-0.424675,0.049465,60,7.390578,7.512031,7.266602,0.052395,60,179.298818,179.435043,179.150467,0.064680,60,0.179456,0.373082,0.014502,0.069211,60,0.000000,7.416667,9.000000,6.000000,1.139308,60,3108.700000,3322.000000,2976.000000,63.012321,60,0.741667,0.900000,0.600000,0.113931,60,310.861290,6.240146,60,60,60,60,60,60,60,60,60,60,60,60,60,60,60,60,60,60,60,60,60,60,60,60,60,60,60,60,60,60,12.8591,12.90,12.81,23.98,26,22,28.62,6885773
2026-10-03 23:18:00,22.608733,22.659647,22.554359,0.024041,60,14.353958,14.421302,14.288548,0.027448,60,18.724626,18.796062,18.663309,0.027323,60,92.757627,92.800000,92.700000,0.049839,59,26.710031,26.730370,26.687645,0.011136,60,27.100880,27.120239,27.080185,0.010834,60,26.709853,26.733040,26.676964,0.011302,60,26.400000,26.400000,26.400000,0.000000,59,26.001571,26.018448,25.981125,0.007155,60,26.335032,26.351883,26.319107,0.007376,60,26.015490,26.031906,26.001328,0.006738,60,1002.206780,1002.300000,1002.200000,0.025356,59,1002.206780,1002.300000,1002.200000,0.025356,59,25.100000,25.100000,25.100000,0.000001,59,0.084771,0.129654,0.000457,0.031480,60,-0.027512,0.018321,-0.109022,0.029404,60,-0.021706,0.018590,-0.110652,0.029517,60,-0.000237,0.000203,-0.001208,0.000322,60,0.000896,0.001370,0.000005,0.000333,60,-0.000294,0.000196,-0.001165,0.000314,60,1.377497,1.509511,1.190245,0.066583,60,-178.880591,-178.779037,-178.971466,0.049744,60,-0.321302,-0.226645,-0.399233,0.042102,60,7.391364,7.491341,7.246571,0.053959,60,179.298028,179.434647,179.163574,0.059357,60,0.171720,0.330909,0.041801,0.051603,60,0.000000,5.816667,8.000000,4.000000,0.999859,60,3033.733333,3295.000000,2830.000000,100.817147,60,0.581667,0.800000,0.400000,0.099986,60,303.350759,9.984300,60,60,60,60,60,60,60,60,60,60,60,60,60,60,60,60,60,60,60,60,60,60,59,59,59,59,59,59,60,60,12.8579,12.92,12.81,24.18,26,23,28.62,6885807
2026-10-03 23:19:00,22.609725,22.687113,22.554359,0.026781,60,14.350805,14.421302,14.305333,0.025081,60,18.729788,18.779278,18.678568,0.024081,60,92.755000,92.900000,92.400000,0.219726,60,26.708918,26.743721,26.655602,0.016067,60,27.097319,27.120239,27.080185,0.009861,60,26.703222,26.733040,26.676964,0.013046,60,26.400000,26.400000,26.400000,0.000000,60,25.991743,26.009903,25.974625,0.008099,60,26.323257,26.338120,26.308853,0.007014,60,26.006788,26.020828,25.986679,0.007465,60,1002.200000,1002.200000,1002.200000,0.000062,60,1002.200000,1002.200000,1002.200000,0.000062,60,25.100000,25.100000,25.100000,0.000001,60,0.086417,0.138572,-0.024925,0.032927,60,-0.027312,0.031666,-0.117390,0.028089,60,-0.016155,0.027220,-0.100472,0.030846,60,-0.000176,0.000297,-0.001097,0.000337,60,0.000913,0.001465,-0.000263,0.000348,60,-0.000292,0.000339,-0.001255,0.000300,60,1.377758,1.492469,1.188729,0.057987,60,-178.889687,-178.713333,-179.009537,0.062096,60,-0.293686,-0.186160,-0.398571,0.043201,60,7.395408,7.582974,7.216166,0.071080,60,179.292903,179.435425,179.163574,0.052722,60,0.166242,0.252228,0.080247,0.041120,60,0.000000,6.166667,9.000000,4.000000,1.223591,60,3072.916667,3223.000000,2874.000000,77.566001,60,0.616667,0.900000,0.400000,0.122359,60,307.302990,7.680430,60,60,60,60,60,60,60,60,60,60,60,60,60,60,60,60,60,60,60,60,60,60,60,60,60,60,60,60,60,60,12.8595,12.92,12.79,24.17,26,22,28.52,6885840
2026-10-03 23:20:00,22.605173,22.659647,22.554359,0.023149,60,14.352102,14.402990,14.273289,0.025426,60,18.718904,18.777752,18.646524,0.026752,60,92.715000,93.000000,92.400000,0.261563,60,26.701486,26.730370,26.674294,0.013858,60,27.086327,27.106888,27.037460,0.012795,60,26.694276,26.719688,26.658272,0.013744,60,26.351667,26.400000,26.300000,0.050394,60,25.979773,25.995865,25.964371,0.007506,60,26.312217,26.329300,26.295578,0.007319,60,25.995515,26.012894,25.979355,0.007787,60,1002.200000,1002.200000,1002.200000,0.000062,60,1002.200000,1002.200000,1002.200000,0.000062,60,25.136667,25.300000,25.100000,0.078041,60,0.097820,0.152750,0.003430,0.033221,60,-0.015317,0.025333,-0.109474,0.028018,60,0.000081,0.041827,-0.073916,0.026579,60,0.000001,0.000457,-0.000807,0.000290,60,0.001034,0.001615,0.000036,0.000351,60,-0.000164,0.000271,-0.001170,0.000300,60,1.382855,1.507689,1.244073,0.061878,60,-178.884712,-178.755142,-178.970749,0.053682,60,-0.292604,-0.146768,-0.372429,0.045948,60,7.398920,7.567188,7.266602,0.063488,60,179.295259,179.407990,179.151077,0.058674,60,0.182729,0.291259,0.054671,0.046299,60,0.000000,6.000000,7.000000,5.000000,0.713074,60,3116.083333,3257.000000,2990.000000,75.348297,60,0.600000,0.700000,0.500000,0.071307,60,311.601361,7.469078,60,60,60,60,60,60,60,60,60,60,60,60,60,60,60,60,60,60,60,60,60,60,60,60,60,60,60,60,60,60,12.8577,12.92,12.81,24.11,26,22,28.49,6885876
2026-10-03 23:21:00,22.604919,22.673380,22.540627,0.028387,60,14.354365,14.402990,14.288548,0.028365,60,18.725999,18.809795,18.663309,0.029621,60,92.925000,93.000000,92.900000,0.043667,60,26.693431,26.717018,26.655602,0.012459,60,27.071907,27.093536,27.050812,0.013097,60,26.690760,26.719688,26.658272,0.011964,60,26.300000,26.300000,26.300000,0.000001,60,25.968885,25.987808,25.955185,0.007146,60,26.298243,26.323349,26.282700,0.008792,60,25.982238,25.997513,25.963150,0.007120,60,1002.193333,1002.200000,1002.100000,0.025155,60,1002.193333,1002.200000,1002.100000,0.025155,60,25.150000,25.300000,25.100000,0.087333,60,0.104600,0.147262,0.028355,0.026892,60,-0.006205,0.049987,-0.082105,0.025935,60,0.016989,0.070817,-0.087637,0.033546,60,0.000186,0.000773,-0.000957,0.000366,60,0.001106,0.001557,0.000300,0.000284,60,-0.000066,0.000534,-0.000878,0.000277,60,1.385827,1.509511,1.280429,0.053950,60,-178.897962,-178.754272,-179.012787,0.057172,60,-0.301906,-0.212838,-0.426202,0.047275,60,7.395238,7.566973,7.268610,0.058570,60,179.282918,179.380463,179.124725,0.049301,60,0.182532,0.265551,0.080247,0.046946,60,0.000000,5.600000,6.000000,5.000000,0.494032,60,3159.850000,3301.000000,3053.000000,63.649417,60,0.560000,0.600000,0.500000,0.049403,60,315.980720,6.309313,60,60,60,60,60,60,60,60,60,60,60,60,60,60,60,60,60,60,60,60,60,60,60,60,60,60,60,60,60,60,12.8572,12.90,12.81,24.07,26,22,28.53,6885910
2026-10-03 23:22:00,22.604944,22.642862,22.554359,0.022959,60,14.344905,14.402990,14.302281,0.026474,60,18.720811,18.777752,18.678568,0.025427,60,92.980000,93.100000,92.900000,0.070830,60,26.679768,26.700996,26.642250,0.014777,60,27.063985,27.093536,27.024109,0.013668,60,26.680391,26.719688,26.658272,0.014028,60,26.300000,26.300000,26.300000,0.000001,60,25.955789,25.971390,25.938797,0.006560,60,26.284051,26.299728,26.259903,0.007337,60,25.969842,25.991776,25.955551,0.007530,60,1002.185000,1002.200000,1002.100000,0.036009,60,1002.185000,1002.200000,1002.100000,0.036009,60,25.183333,25.300000,25.100000,0.099433,60,0.106513,0.157552,0.020123,0.030955,60,-0.002499,0.038678,-0.110152,0.029106,60,0.011641,0.071260,-0.097817,0.030158,60,0.000127,0.000778,-0.001068,0.000329,60,0.001126,0.001665,0.000213,0.000327,60,-0.000027,0.000413,-0.001178,0.000311,60,1.374164,1.507689,1.215232,0.061052,60,-178.876901,-178.753983,-178.997849,0.055607,60,-0.305257,-0.186980,-0.438776,0.046896,60,7.392320,7.534026,7.214170,0.057671,60,179.289103,179.475098,179.150467,0.066513,60,0.171834,0.264632,0.001715,0.047907,60,0.000000,6.933333,8.000000,5.000000,0.733385,60,3204.400000,3316.000000,3092.000000,50.631336,60,0.693333,0.800000,0.500000,0.073338,60,320.440219,5.019462,60,60,60,60,60,60,60,60,60,60,60,60,60,60,60,60,60,60,60,60,60,60,60,60,60,60,60,60,60,60,12.8559,12.90,12.81,24.16,26,23,28.51,6885944
2026-10-03 23:23:00,22.603851,22.656595,22.551308,0.026586,60,14.343735,14.419776,14.287023,0.031905,60,18.719336,18.793011,18.660257,0.029906,60,93.090000,93.700000,92.600000,0.197184,60,26.671401,26.687645,26.642250,0.014098,60,27.050723,27.080185,27.024109,0.013853,60,26.662055,26.690315,26.644920,0.012605,60,26.290000,26.300000,26.200000,0.030253,60,25.941906,25.960434,25.919571,0.007425,60,26.270909,26.285721,26.257858,0.007278,60,25.958721,25.971115,25.934067,0.007059,60,1002.108333,1002.200000,1002.100000,0.027872,60,1002.108333,1002.200000,1002.100000,0.027872,60,25.101667,25.300000,25.000000,0.029063,60,0.113708,0.157094,0.017836,0.031254,60,-0.005436,0.033249,-0.090022,0.027423,60,0.007594,0.054884,-0.100694,0.031411,60,0.000083,0.000599,-0.001100,0.000343,60,0.001202,0.001660,0.000189,0.000330,60,-0.000058,0.000355,-0.000962,0.000293,60,1.365564,1.534054,1.220253,0.066615,60,-178.867333,-178.688095,-178.957199,0.055243,60,-0.341939,-0.252708,-0.437925,0.040220,60,7.396035,7.548504,7.227043,0.063727,60,179.306134,179.435043,179.110825,0.062623,60,0.178574,0.264326,0.080465,0.047183,60,0.000000,7.566667,9.000000,6.000000,0.673132,60,3136.216667,3250.000000,3068.000000,40.602702,60,0.756667,0.900000,0.600000,0.067313,60,313.619382,4.024792,60,60,60,60,60,60,60,60,60,60,60,60,60,60,60,60,60,60,60,60,60,60,60,60,60,60,60,60,60,60,12.8576,12.92,12.81,24.03,26,22,28.45,6885978
2026-10-03 23:24:00,22.604283,22.670328,22.537575,0.024823,60,14.351797,14.419776,14.287023,0.025934,60,18.730882,18.793011,18.692303,0.023320,60,93.253333,93.700000,92.500000,0.318080,60,26.657560,26.687645,26.628899,0.015491,60,27.035769,27.064163,27.008087,0.012112,60,26.651329,26.690315,26.618217,0.013829,60,26.218333,26.300000,26.200000,0.039020,60,25.930212,25.948563,25.906082,0.008074,60,26.258360,26.274704,26.242813,0.007335,60,25.946575,25.963028,25.932297,0.007511,60,1002.100000,1002.100000,1002.100000,0.000020,60,1002.100000,1002.100000,1002.100000,0.000020,60,25.096667,25.100000,25.000000,0.018102,60,0.110621,0.154808,0.033843,0.026649,60,-0.005402,0.040035,-0.091831,0.028902,60,0.002770,0.066391,-0.077457,0.030416,60,0.000030,0.000725,-0.000846,0.000332,60,0.001169,0.001636,0.000358,0.000282,60,-0.000058,0.000428,-0.000982,0.000309,60,1.386021,1.561342,1.255553,0.065715,60,-178.875226,-178.738327,-179.010239,0.063601,60,-0.351580,-0.226096,-0.424675,0.041357,60,7.401288,7.587731,7.188307,0.073236,60,179.295696,179.487885,179.163971,0.060915,60,0.183559,0.318243,0.079919,0.044770,60,0.000000,7.783333,10.000000,7.000000,0.691147,60,3090.116667,3162.000000,2990.000000,37.721141,60,0.778333,1.000000,0.700000,0.069115,60,309.012447,3.739707,60,60,60,60,60,60,60,60,60,60,60,60,60,60,60,60,60,60,60,60,60,60,60,60,60,60,60,60,60,60,12.8560,12.90,12.79,24.08,26,22,28.35,6886011
2026-10-03 23:25:00,22.597238,22.670328,22.519264,0.029861,60,14.347295,14.401464,14.287023,0.027730,60,18.717988,18.791485,18.628214,0.034339,60,93.218333,93.300000,93.100000,0.067627,60,26.642829,26.674294,26.599525,0.013976,60,27.022151,27.050812,26.994736,0.013154,60,26.641315,26.676964,26.618217,0.014349,60,26.200000,26.200000,26.200000,0.000000,60,25.920107,25.934494,25.899582,0.007564,60,26.243935,26.263901,26.226517,0.007555,60,25.934985,25.949265,25.916031,0.008101,60,1002.100000,1002.100000,1002.100000,0.000020,60,1002.100000,1002.100000,1002.100000,0.000020,60,25.100000,25.100000,25.100000,0.000001,60,0.106021,0.158238,0.028355,0.027118,60,-0.018973,0.010857,-0.096355,0.024303,60,-0.012917,0.028991,-0.077014,0.027447,60,-0.000141,0.000317,-0.000841,0.000300,60,0.001121,0.001673,0.000300,0.000287,60,-0.000203,0.000116,-0.001030,0.000260,60,1.371089,1.508600,1.240939,0.069169,60,-178.867534,-178.684998,-178.956711,0.054832,60,-0.362225,-0.265667,-0.439344,0.042586,60,7.401625,7.524413,7.279707,0.054925,60,179.305345,179.381454,179.151077,0.053651,60,0.186865,0.265398,0.080794,0.045898,60,0.000000,8.366667,10.000000,6.000000,0.712281,60,3144.116667,3260.000000,3033.000000,59.970358,60,0.836667,1.000000,0.600000,0.071228,60,314.412288,5.945305,60,60,60,60,60,60,60,60,60,60,60,60,60,60,60,60,60,60,60,60,60,60,60,60,60,60,60,60,60,60,12.8553,12.92,12.79,24.08,26,22,28.40,6886045
2026-10-03 23:26:00,22.600239,22.655069,22.549782,0.026624,60,14.345490,14.416724,14.302281,0.026743,60,18.718878,18.759441,18.660257,0.023711,60,93.316667,93.500000,93.300000,0.041850,60,26.633394,26.674294,26.599525,0.011345,60,27.011113,27.050812,26.981384,0.013602,60,26.632192,26.658272,26.602196,0.010092,60,26.200000,26.200000,26.200000,0.000000,60,25.908387,25.920486,25.897964,0.006363,60,26.230963,26.248642,26.209091,0.008634,60,25.924871,25.940353,25.913620,0.006445,60,1002.100000,1002.100000,1002.100000,0.000020,60,1002.100000,1002.100000,1002.100000,0.000020,60,25.100000,25.100000,25.100000,0.000001,60,0.108663,0.152750,0.025839,0.027686,60,-0.019878,0.022166,-0.102010,0.029719,60,-0.018438,0.014606,-0.102907,0.027974,60,-0.000201,0.000159,-0.001124,0.000305,60,0.001149,0.001615,0.000273,0.000293,60,-0.000212,0.000237,-0.001090,0.000318,60,1.387359,1.507234,1.218318,0.063679,60,-178.886500,-178.794617,-179.036911,0.047587,60,-0.362435,-0.265868,-0.464722,0.047754,60,7.400454,7.528549,7.256576,0.055055,60,179.281083,179.381180,179.165131,0.047066,60,0.179412,0.265551,0.041200,0.045240,60,0.000000,9.716667,12.000000,8.000000,0.940459,60,3133.233333,3226.000000,3037.000000,49.056994,60,0.971667,1.200000,0.800000,0.094046,60,313.323014,4.863155,60,60,60,60,60,60,60,60,60,60,60,60,60,60,60,60,60,60,60,60,60,60,60,60,60,60,60,60,60,60,12.8557,12.92,12.81,24.07,26,23,28.44,6886079
2026-10-03 23:27:00,22.601689,22.670328,22.549782,0.024129,60,14.348109,14.401464,14.287023,0.024498,60,18.713970,18.774700,18.640421,0.030328,60,93.451667,93.500000,93.300000,0.079173,60,26.624003,26.655602,26.586174,0.012234,60,26.997807,27.024109,26.968033,0.011684,60,26.619019,26.644920,26.575493,0.012804,60,26.200000,26.200000,26.200000,0.000000,60,25.899784,25.911575,25.883652,0.006302,60,26.219574,26.238449,26.202347,0.007892,60,25.913493,25.927902,25.897018,0.006534,60,1002.100000,1002.100000,1002.100000,0.000020,60,1002.100000,1002.100000,1002.100000,0.000020,60,25.100000,25.100000,25.100000,0.000001,60,0.107096,0.148862,0.018293,0.029052,60,-0.024149,0.031892,-0.114676,0.029201,60,-0.029467,0.016377,-0.109767,0.029672,60,-0.000322,0.000179,-0.001199,0.000324,60,0.001132,0.001573,0.000193,0.000307,60,-0.000258,0.000341,-0.001226,0.000312,60,1.385267,1.494275,1.245251,0.058461,60,-178.867048,-178.738037,-178.997375,0.056709,60,-0.338588,-0.225913,-0.426063,0.050220,60,7.415761,7.585353,7.322082,0.062075,60,179.289606,179.434280,179.164734,0.056785,60,0.172638,0.290145,0.080465,0.047867,60,0.000000,8.400000,11.000000,6.000000,1.122950,60,3094.216667,3220.000000,2942.000000,68.911904,60,0.840000,1.100000,0.600000,0.112295,60,309.424501,6.829518,60,60,60,60,60,60,60,60,60,60,60,60,60,60,60,60,60,60,60,60,60,60,60,60,60,60,60,60,60,60,12.8557,12.90,12.81,24.06,26,22,28.36,6886113
2026-10-03 23:28:00,22.595433,22.652018,22.546730,0.025638,60,14.351288,14.401464,14.302281,0.021444,60,18.717276,18.774700,18.658731,0.026704,60,93.406667,93.500000,93.300000,0.100620,60,26.612387,26.642250,26.586174,0.013132,60,26.990508,27.008087,26.968033,0.008333,60,26.611764,26.644920,26.588844,0.012460,60,26.200000,26.200000,26.200000,0.000000,60,25.892138,25.908127,25.874588,0.007989,60,26.204065,26.222366,26.180801,0.007968,60,25.906220,25.922775,25.891586,0.007569,60,1002.091667,1002.100000,1002.000000,0.027872,60,1002.091667,1002.100000,1002.000000,0.027872,60,25.100000,25.100000,25.100000,0.000001,60,0.092366,0.145889,-0.006174,0.030353,60,-0.027135,0.024654,-0.108795,0.027512,60,-0.027807,0.017704,-0.108439,0.028466,60,-0.000304,0.000193,-0.001184,0.000311,60,0.000976,0.001542,-0.000065,0.000321,60,-0.000290,0.000264,-0.001163,0.000294,60,1.374940,1.534515,1.175285,0.070742,60,-178.875020,-178.738937,-179.037354,0.066208,60,-0.311884,-0.185507,-0.424952,0.048116,60,7.400418,7.566353,7.295843,0.054913,60,179.307057,179.473907,179.191711,0.060679,60,0.173792,0.318908,0.055188,0.050433,60,0.000000,8.433333,10.000000,7.000000,0.870742,60,3086.900000,3260.000000,2924.000000,77.534181,60,0.843333,1.000000,0.700000,0.087074,60,308.685595,7.682943,60,60,60,60,60,60,60,60,60,60,60,60,60,60,60,60,60,60,60,60,60,60,60,60,60,60,60,60,60,60,12.8547,12.92,12.81,24.04,26,22,28.31,6886146
2026-10-03 23:29:00,22.596069,22.668802,22.546730,0.025542,60,14.344218,14.416724,14.268711,0.025963,60,18.714911,18.759441,18.640421,0.025189,60,93.483333,93.600000,93.000000,0.158560,60,26.604332,26.642250,26.572823,0.015207,60,26.971771,26.994736,26.938660,0.014578,60,26.602018,26.631569,26.575493,0.013490,60,26.200000,26.200000,26.200000,0.000000,60,25.883181,25.897568,25.862534,0.006712,60,26.193518,26.208481,26.175064,0.007417,60,25.896428,25.909012,25.880814,0.006646,60,1002.073333,1002.100000,1002.000000,0.044595,60,1002.073333,1002.100000,1002.000000,0.044595,60,25.100000,25.100000,25.100000,0.000001,60,0.091371,0.133999,-0.007317,0.030779,60,-0.035896,0.005655,-0.120105,0.026994,60,-0.035907,0.005311,-0.107333,0.025796,60,-0.000392,0.000058,-0.001172,0.000282,60,0.000966,0.001416,-0.000077,0.000325,60,-0.000384,0.000060,-0.001284,0.000289,60,1.379918,1.509511,1.242505,0.071782,60,-178.875182,-178.781937,-178.968811,0.045192,60,-0.300601,-0.225731,-0.398968,0.038165,60,7.388945,7.499590,7.242390,0.054473,60,179.291706,179.407990,179.152054,0.052338,60,0.163685,0.264938,0.054464,0.050046,60,0.000000,7.800000,10.000000,5.000000,1.232333,60,3082.350000,3328.000000,2925.000000,95.837579,60,0.780000,1.000000,0.500000,0.123233,60,308.200057,9.486782,60,60,60,60,60,60,60,60,60,60,60,60,60,60,60,60,60,60,60,60,60,60,60,60,60,60,60,60,60,60,12.8560,12.90,12.81,24.07,26,22,28.28,6886180
2026-10-03 23:30:00,22.597595,22.668802,22.532997,0.024541,60,14.344396,14.451819,14.282445,0.031552,60,18.711605,18.788433,18.626688,0.031686,60,93.481667,94.100000,93.100000,0.261995,60,26.596633,26.628899,26.572823,0.012460,60,26.961669,26.981384,26.925308,0.013474,60,26.590803,26.618217,26.562141,0.014674,60,26.188333,26.200000,26.100000,0.032373,60,25.873576,25.891129,25.862442,0.006069,60,26.183562,26.198715,26.168961,0.007226,60,25.887395,25.908676,25.872726,0.008105,60,1002.036667,1002.100000,1002.000000,0.048596,60,1002.036667,1002.100000,1002.000000,0.048596,60,25.103333,25.300000,25.100000,0.025820,60,0.086364,0.144518,-0.016235,0.031039,60,-0.042753,0.000679,-0.122593,0.026190,60,-0.049834,-0.005754,-0.151815,0.030985,60,-0.000544,-0.000063,-0.001658,0.000338,60,0.000913,0.001528,-0.000172,0.000328,60,-0.000457,0.000007,-0.001311,0.000280,60,1.385047,1.508600,1.239377,0.059136,60,-178.887351,-178.793488,-179.011627,0.046618,60,-0.313197,-0.226370,-0.439060,0.040698,60,7.388688,7.528549,7.265656,0.054779,60,179.290033,179.380051,179.163574,0.052730,60,0.168963,0.252980,0.054361,0.048375,60,0.000000,9.683333,11.000000,8.000000,0.770025,60,3084.050000,3231.000000,3015.000000,49.562638,60,0.968333,1.100000,0.800000,0.077002,60,308.398629,4.911221,60,60,60,60,60,60,60,60,60,60,60,60,60,60,60,60,60,60,60,60,60,60,60,60,60,60,60,60,60,60,12.8568,12.92,12.82,24.05,26,22,28.28,6886214
2026-10-03 23:31:00,22.590728,22.636759,22.546730,0.022021,60,14.342285,14.398413,14.300756,0.025251,60,18.714351,18.773174,18.626688,0.028014,60,93.405000,94.200000,93.100000,0.234647,60,26.588533,26.615547,26.572823,0.011082,60,26.950053,26.981384,26.925308,0.013703,60,26.583103,26.618217,26.562141,0.011231,60,26.168333,26.200000,26.100000,0.046910,60,25.870878,25.887314,25.854782,0.008093,60,26.173596,26.186203,26.160172,0.006882,60,25.878210,25.896317,25.851456,0.008105,60,1002.045000,1002.100000,1002.000000,0.050169,60,1002.045000,1002.100000,1002.000000,0.050169,60,25.103333,25.300000,25.100000,0.025820,60,0.078193,0.118449,-0.024925,0.030496,60,-0.048310,-0.001357,-0.130735,0.027434,60,-0.052486,-0.013942,-0.133889,0.028907,60,-0.000573,-0.000152,-0.001462,0.000316,60,0.000826,0.001252,-0.000263,0.000322,60,-0.000516,-0.000015,-0.001398,0.000293,60,1.379228,1.496084,1.254369,0.066893,60,-178.869289,-178.740723,-178.957947,0.051144,60,-0.306982,-0.212662,-0.438634,0.043807,60,7.402166,7.501654,7.282694,0.054088,60,179.289814,179.448502,179.150665,0.059162,60,0.169791,0.291898,0.015252,0.048496,60,0.000000,8.866667,11.000000,7.000000,0.982330,60,3183.200000,3313.000000,3065.000000,54.233581,60,0.886667,1.100000,0.700000,0.098233,60,318.318418,5.375148,60,60,60,60,60,60,60,60,60,60,60,60,60,60,60,60,60,60,60,60,60,60,60,60,60,60,60,60,60,60,12.8550,12.93,12.79,24.02,26,22,28.28,6886248
2026-10-03 23:32:00,22.588821,22.650492,22.546730,0.023050,60,14.345413,14.430457,14.268711,0.030934,60,18.708604,18.756390,18.658731,0.024168,60,93.603333,93.900000,93.300000,0.243538,60,26.579587,26.615547,26.543449,0.012374,60,26.939149,26.968033,26.909286,0.010493,60,26.573446,26.602196,26.546120,0.011586,60,26.150000,26.200000,26.100000,0.050422,60,25.863657,25.883286,25.847488,0.008220,60,26.160680,26.175705,26.146469,0.007899,60,25.868619,25.885452,25.853348,0.006706,60,1002.053333,1002.100000,1002.000000,0.050310,60,1002.053333,1002.100000,1002.000000,0.050310,60,25.146667,25.300000,25.100000,0.085304,60,0.082534,0.135599,-0.013034,0.031113,60,-0.041143,0.011988,-0.126890,0.029570,60,-0.046172,-0.004647,-0.126808,0.027564,60,-0.000504,-0.000051,-0.001385,0.000301,60,0.000872,0.001433,-0.000138,0.000329,60,-0.000440,0.000128,-0.001356,0.000316,60,1.391779,1.559938,1.213309,0.072294,60,-178.877339,-178.751892,-179.010468,0.061313,60,-0.314952,-0.212398,-0.372935,0.034068,60,7.393448,7.560136,7.256575,0.063246,60,179.293562,179.476028,179.152267,0.057296,60,0.183647,0.265859,0.106429,0.040078,60,0.000000,9.850000,11.000000,8.000000,0.917347,60,3189.816667,3294.000000,3132.000000,32.998968,60,0.985000,1.100000,0.800000,0.091735,60,318.980332,3.271217,60,60,60,60,60,60,60,60,60,60,60,60,60,60,60,60,60,60,60,60,60,60,60,60,60,60,60,60,60,60,12.8539,12.90,12.81,24.04,26,22,28.30,6886282
2026-10-03 23:33:00,22.592610,22.650492,22.546730,0.023272,60,14.340251,14.398413,14.283971,0.027042,60,18.708807,18.754864,18.655680,0.025218,60,93.841667,94.000000,93.400000,0.234551,60,26.571665,26.599525,26.530098,0.013708,60,26.931628,26.968033,26.895935,0.013482,60,26.566058,26.602196,26.532768,0.014388,60,26.126667,26.200000,26.100000,0.044595,60,25.854980,25.865982,25.843155,0.005818,60,26.150040,26.167068,26.133316,0.006101,60,25.862477,25.875809,25.838760,0.006154,60,1002.098333,1002.100000,1002.000000,0.012910,60,1002.098333,1002.100000,1002.000000,0.012910,60,25.246667,25.300000,25.100000,0.089190,60,0.073322,0.115934,-0.013034,0.029987,60,-0.048457,0.000452,-0.130509,0.028160,60,-0.051782,0.005311,-0.141192,0.031453,60,-0.000565,0.000058,-0.001542,0.000343,60,0.000775,0.001225,-0.000138,0.000317,60,-0.000518,0.000005,-0.001395,0.000301,60,1.372196,1.534515,1.241330,0.065152,60,-178.880821,-178.711807,-179.009766,0.057036,60,-0.319052,-0.211959,-0.425507,0.048117,60,7.395841,7.570502,7.291821,0.061566,60,179.301067,179.380463,179.163574,0.052958,60,0.173425,0.290622,0.042002,0.055157,60,0.000000,9.416667,12.000000,7.000000,1.183097,60,3147.150000,3226.000000,3016.000000,50.626524,60,0.941667,1.200000,0.700000,0.118310,60,314.719434,5.017901,60,60,60,60,60,60,60,60,60,60,60,60,60,60,60,60,60,60,60,60,60,60,60,60,60,60,60,60,60,60,12.8545,12.90,12.79,24.03,26,22,28.29,6886315
2026-10-03 23:34:00,22.589609,22.665751,22.532997,0.027898,60,14.336741,14.398413,14.265659,0.029071,60,18.705806,18.754864,18.655680,0.026134,60,93.973333,94.000000,93.900000,0.044595,60,26.565746,26.586174,26.530098,0.013543,60,26.919567,26.938660,26.895935,0.012101,60,26.556000,26.588844,26.532768,0.013908,60,26.100000,26.100000,26.100000,0.000001,60,25.848179,25.865891,25.829819,0.006755,60,26.139992,26.159073,26.120071,0.006575,60,25.853477,25.869308,25.836349,0.007827,60,1002.100000,1002.100000,1002.100000,0.000020,60,1002.100000,1002.100000,1002.100000,0.000020,60,25.180000,25.300000,25.100000,0.098806,60,0.079709,0.126453,-0.010519,0.030629,60,-0.039718,0.021940,-0.112867,0.026655,60,-0.045080,0.023237,-0.153807,0.034171,60,-0.000492,0.000254,-0.001680,0.000373,60,0.000843,0.001337,-0.000111,0.000324,60,-0.000425,0.000235,-0.001207,0.000285,60,1.387605,1.534515,1.189487,0.061822,60,-178.878575,-178.749237,-179.064056,0.058043,60,-0.309864,-0.212662,-0.438634,0.049314,60,7.402708,7.566353,7.252570,0.060207,60,179.277466,179.407440,179.125732,0.064520,60,0.173755,0.253433,0.054671,0.047606,60,0.000000,9.116667,11.000000,7.000000,0.804472,60,3111.183333,3186.000000,3010.000000,44.315315,60,0.911667,1.100000,0.700000,0.080447,60,311.119877,4.393518,60,60,60,60,60,60,60,60,60,60,60,60,60,60,60,60,60,60,60,60,60,60,60,60,60,60,60,60,60,60,12.8543,12.90,12.79,24.13,26,22,28.21,6886349
2026-10-03 23:35:00,22.586481,22.636759,22.545204,0.023617,60,14.337555,14.398413,14.282445,0.026900,60,18.705755,18.770123,18.655680,0.025156,60,93.985000,94.000000,93.900000,0.036008,60,26.559204,26.586174,26.530098,0.012070,60,26.906928,26.938660,26.882584,0.012144,60,26.547321,26.575493,26.506065,0.015488,60,26.100000,26.100000,26.100000,0.000001,60,25.843397,25.858719,25.832199,0.006325,60,26.131469,26.145126,26.116714,0.007047,60,25.846060,25.867569,25.827927,0.007891,60,1002.100000,1002.100000,1002.100000,0.000020,60,1002.100000,1002.100000,1002.100000,0.000020,60,25.106667,25.300000,25.100000,0.036204,60,0.073665,0.123937,0.007089,0.025456,60,-0.042938,0.000226,-0.124176,0.028374,60,-0.053106,-0.003320,-0.138537,0.032461,60,-0.000580,-0.000036,-0.001513,0.000354,60,0.000779,0.001310,0.000075,0.000269,60,-0.000459,0.000002,-0.001327,0.000303,60,1.377755,1.567241,1.244466,0.061751,60,-178.879143,-178.776733,-178.998550,0.051745,60,-0.310476,-0.226096,-0.424398,0.046307,60,7.404428,7.570502,7.302891,0.060423,60,179.296818,179.434006,179.191513,0.053872,60,0.180962,0.292537,0.054464,0.047323,60,0.000000,8.916667,12.000000,7.000000,1.168683,60,2985.250000,3212.000000,2746.000000,127.021768,60,0.891667,1.200000,0.700000,0.116868,60,298.573553,12.590889,60,60,60,60,60,60,60,60,60,60,60,60,60,60,60,60,60,60,60,60,60,60,60,60,60,60,60,60,60,60,12.8526,12.92,12.81,24.00,26,22,28.23,6886383
2026-10-03 23:36:00,22.578851,22.636759,22.532997,0.022222,60,14.335012,14.380102,14.233616,0.023742,60,18.698253,18.786907,18.637369,0.030408,60,94.000000,94.000000,94.000000,0.000000,59,26.552795,26.572823,26.516747,0.012891,60,26.898739,26.925308,26.869232,0.011513,60,26.537619,26.562141,26.519417,0.011587,60,26.100000,26.100000,26.100000,0.000001,59,25.837347,25.850021,25.820389,0.006654,60,26.121229,26.136673,26.105942,0.007399,60,25.841130,25.855728,25.827438,0.006154,60,1002.100000,1002.100000,1002.100000,0.000020,59,1002.100000,1002.100000,1002.100000,0.000020,59,25.100000,25.100000,25.100000,0.000001,59,0.061576,0.111361,-0.040245,0.032076,60,-0.060109,-0.010178,-0.129831,0.027315,60,-0.064584,-0.030319,-0.161774,0.030275,60,-0.000705,-0.000331,-0.001767,0.000331,60,0.000651,0.001177,-0.000425,0.000339,60,-0.000643,-0.000109,-0.001388,0.000292,60,1.382016,1.531750,1.217160,0.064505,60,-178.877361,-178.740723,-179.010239,0.051090,60,-0.312818,-0.252611,-0.425507,0.038951,60,7.405575,7.577339,7.285745,0.062365,60,179.293948,179.434402,179.191513,0.048075,60,0.161102,0.266166,0.079810,0.043807,60,0.000000,7.766667,10.000000,4.000000,1.345005,60,3042.750000,3225.000000,2755.000000,80.670206,60,0.776667,1.000000,0.400000,0.134501,60,304.292070,7.978090,60,60,60,60,60,60,60,60,60,60,60,60,60,60,60,60,60,60,60,60,60,60,59,59,59,59,59,59,60,60,12.8540,12.90,12.79,24.16,26,22,28.22,6886417
2026-10-03 23:37:00,22.581674,22.647440,22.545204,0.022772,60,14.333944,14.396887,14.282445,0.026091,60,18.701584,18.754864,18.640421,0.028624,60,93.955000,94.000000,93.400000,0.112634,60,26.546832,26.572823,26.530098,0.009196,60,26.890594,26.909286,26.869232,0.011840,60,26.532056,26.575493,26.506065,0.013861,60,26.100000,26.100000,26.100000,0.000001,60,25.830103,25.845169,25.815964,0.007474,60,26.113203,26.126114,26.100388,0.005898,60,25.831469,25.850937,25.813492,0.007531,60,1002.100000,1002.100000,1002.100000,0.000020,60,1002.100000,1002.100000,1002.100000,0.000020,60,25.096667,25.100000,25.000000,0.018102,60,0.061934,0.094897,-0.034071,0.029141,60,-0.044796,-0.004976,-0.123950,0.027829,60,-0.049240,0.004205,-0.150045,0.032032,60,-0.000538,0.000046,-0.001638,0.000350,60,0.000655,0.001003,-0.000360,0.000308,60,-0.000479,-0.000053,-0.001325,0.000297,60,1.381576,1.559938,1.217546,0.072919,60,-178.873348,-178.778183,-179.063400,0.056586,60,-0.308024,-0.186324,-0.425507,0.049346,60,7.401460,7.556797,7.265656,0.057881,60,179.275879,179.406357,179.150070,0.055386,60,0.177238,0.265398,0.080247,0.044051,60,0.000000,6.500000,9.000000,5.000000,0.911322,60,3112.866667,3250.000000,2861.000000,83.027557,60,0.650000,0.900000,0.500000,0.091132,60,311.308273,8.214567,60,60,60,60,60,60,60,60,60,60,60,60,60,60,60,60,60,60,60,60,60,60,60,60,60,60,60,60,60,60,12.8520,12.90,12.81,24.11,26,23,28.18,6886450
2026-10-03 23:38:00,22.579970,22.619974,22.531471,0.024998,60,14.328451,14.412147,14.282445,0.028442,60,18.706874,18.786907,18.640421,0.025590,60,93.775000,94.300000,93.300000,0.279603,60,26.541580,26.572823,26.516747,0.011575,60,26.880625,26.909286,26.853210,0.012051,60,26.522933,26.546120,26.490044,0.012616,60,26.061667,26.100000,26.000000,0.049030,60,25.823153,25.840347,25.806595,0.007591,60,26.102949,26.118546,26.085098,0.007350,60,25.823028,25.833237,25.810806,0.005952,60,1002.100000,1002.100000,1002.100000,0.000020,60,1002.100000,1002.100000,1002.100000,0.000020,60,25.048333,25.100000,25.000000,0.050394,60,0.080011,0.128968,-0.011205,0.031159,60,-0.023595,0.021261,-0.127343,0.030906,60,-0.013898,0.039392,-0.120390,0.034830,60,-0.000152,0.000430,-0.001315,0.000380,60,0.000846,0.001363,-0.000118,0.000329,60,-0.000252,0.000227,-0.001361,0.000330,60,1.391075,1.504962,1.255553,0.060133,60,-178.872483,-178.751022,-178.994308,0.059028,60,-0.321495,-0.186405,-0.399233,0.045069,60,7.413854,7.518219,7.214170,0.056831,60,179.291052,179.434006,179.190567,0.047835,60,0.168621,0.264632,0.054671,0.047313,60,0.000000,7.800000,10.000000,6.000000,1.070403,60,3224.433333,3376.000000,3122.000000,48.074930,60,0.780000,1.000000,0.600000,0.107040,60,322.442012,4.764190,60,60,60,60,60,60,60,60,60,60,60,60,60,60,60,60,60,60,60,60,60,60,60,60,60,60,60,60,60,60,12.8560,12.90,12.81,24.20,26,22,28.18,6886484
2026-10-03 23:39:00,22.576537,22.636759,22.528419,0.021273,60,14.337021,14.380102,14.282445,0.024520,60,18.697566,18.768597,18.637369,0.024986,60,93.661667,93.800000,93.600000,0.069115,60,26.532501,26.556801,26.500725,0.012030,60,26.872793,26.895935,26.826508,0.013613,60,26.516836,26.546120,26.476692,0.012735,60,26.000000,26.000000,26.000000,0.000000,60,25.809092,25.828476,25.793625,0.007977,60,26.093328,26.108444,26.075974,0.006551,60,25.812463,25.827560,25.795639,0.007288,60,1002.100000,1002.100000,1002.100000,0.000020,60,1002.100000,1002.100000,1002.100000,0.000020,60,25.000000,25.000000,25.000000,0.000000,60,0.081043,0.126681,0.000915,0.029168,60,-0.013794,0.018321,-0.099748,0.026693,60,0.002593,0.048908,-0.086751,0.028651,60,0.000028,0.000534,-0.000947,0.000313,60,0.000857,0.001339,0.000010,0.000308,60,-0.000147,0.000196,-0.001066,0.000285,60,1.382521,1.534054,1.215232,0.073245,60,-178.873218,-178.778763,-178.995956,0.052883,60,-0.294872,-0.213103,-0.398571,0.041716,60,7.406936,7.538157,7.234386,0.059932,60,179.297215,179.407440,179.150070,0.055582,60,0.174249,0.318576,0.080793,0.049733,60,0.000000,7.250000,9.000000,5.000000,0.815631,60,3251.066667,3341.000000,3171.000000,33.565957,60,0.725000,0.900000,0.500000,0.081563,60,325.106156,3.327536,60,60,60,60,60,60,60,60,60,60,60,60,60,60,60,60,60,60,60,60,60,60,60,60,60,60,60,60,60,60,12.8528,12.90,12.81,24.09,26,23,28.18,6886518
2026-10-03 23:40:00,22.581598,22.633707,22.542152,0.022908,60,14.325806,14.396887,14.264133,0.025818,60,18.697948,18.751812,18.637369,0.031348,60,93.645000,93.700000,93.600000,0.050169,60,26.522666,26.543449,26.487373,0.012736,60,26.863180,26.895935,26.839859,0.012131,60,26.510293,26.546120,26.490044,0.012700,60,26.000000,26.000000,26.000000,0.000000,60,25.798293,25.807327,25.780441,0.006083,60,26.081486,26.094925,26.067154,0.007133,60,25.800264,25.823166,25.776657,0.009166,60,1002.100000,1002.100000,1002.100000,0.000020,60,1002.100000,1002.100000,1002.100000,0.000020,60,25.000000,25.000000,25.000000,0.000000,60,0.083902,0.120965,-0.005031,0.028400,60,-0.020802,0.019678,-0.112414,0.026283,60,0.000922,0.043376,-0.081440,0.028268,60,0.000010,0.000474,-0.000889,0.000309,60,0.000887,0.001279,-0.000053,0.000300,60,-0.000222,0.000210,-0.001202,0.000281,60,1.391297,1.559471,1.279228,0.062475,60,-178.874261,-178.779037,-178.955490,0.044206,60,-0.308397,-0.159657,-0.424675,0.052125,60,7.388841,7.507911,7.263653,0.050373,60,179.300155,179.447754,179.152847,0.057027,60,0.166158,0.253131,0.041300,0.048652,60,0.000000,7.533333,9.000000,6.000000,0.724081,60,3172.300000,3289.000000,3091.000000,52.485446,60,0.753333,0.900000,0.600000,0.072408,60,317.225296,5.202485,60,60,60,60,60,60,60,60,60,60,60,60,60,60,60,60,60,60,60,60,60,60,60,60,60,60,60,60,60,60,12.8548,12.92,12.81,24.03,26,22,28.19,6886552
2026-10-03 23:41:00,22.572264,22.618448,22.510109,0.023116,60,14.330231,14.393835,14.279392,0.026846,60,18.696066,18.751812,18.637369,0.028572,60,93.658333,93.700000,93.600000,0.049717,60,26.510427,26.543449,26.474022,0.016694,60,26.848493,26.869232,26.826508,0.011721,60,26.497431,26.532768,26.463341,0.014021,60,26.000000,26.000000,26.000000,0.000000,60,25.785679,25.801285,25.770615,0.006748,60,26.070710,26.082565,26.056717,0.006814,60,25.790944,25.809494,25.772873,0.007836,60,1002.100000,1002.100000,1002.100000,0.000020,60,1002.100000,1002.100000,1002.100000,0.000020,60,25.000000,25.000000,25.000000,0.000000,60,0.086158,0.137200,-0.008689,0.030744,60,-0.012406,0.037321,-0.101784,0.027411,60,0.005278,0.040277,-0.090956,0.030443,60,0.000058,0.000440,-0.000993,0.000332,60,0.000911,0.001450,-0.000092,0.000325,60,-0.000133,0.000399,-0.001088,0.000293,60,1.373525,1.507689,1.215617,0.072842,60,-178.878100,-178.753983,-179.008606,0.060483,60,-0.312409,-0.225731,-0.424675,0.042262,60,7.406909,7.540224,7.292842,0.048932,60,179.287852,179.434906,179.191711,0.048838,60,0.165292,0.265552,0.014970,0.045413,60,0.000000,7.700000,9.000000,6.000000,0.743332,60,3137.950000,3203.000000,3066.000000,33.057436,60,0.770000,0.900000,0.600000,0.074333,60,313.794381,3.277633,60,60,60,60,60,60,60,60,60,60,60,60,60,60,60,60,60,60,60,60,60,60,60,60,60,60,60,60,60,60,12.8500,12.90,12.79,24.10,26,22,28.12,6886586
2026-10-03 23:42:00,22.572417,22.615396,22.528419,0.019737,60,14.327967,14.378576,14.264133,0.026227,60,18.688868,18.751812,18.622110,0.029925,60,93.676667,93.700000,93.600000,0.042652,60,26.499345,26.530098,26.474022,0.013832,60,26.837901,26.869232,26.813156,0.011859,60,26.484080,26.519417,26.463341,0.011193,60,26.000000,26.000000,26.000000,0.000000,60,25.773751,25.790054,25.762131,0.006789,60,26.058666,26.074448,26.041733,0.008318,60,25.779358,25.800156,25.760635,0.007654,60,1002.083333,1002.100000,1002.000000,0.037582,60,1002.083333,1002.100000,1002.000000,0.037582,60,25.000000,25.000000,25.000000,0.000000,60,0.082659,0.132627,-0.016464,0.030783,60,-0.010665,0.032345,-0.089570,0.029432,60,0.005485,0.055769,-0.103571,0.031840,60,0.000060,0.000609,-0.001131,0.000348,60,0.000874,0.001402,-0.000174,0.000325,60,-0.000114,0.000346,-0.000957,0.000315,60,1.374072,1.535439,1.173784,0.063712,60,-178.879658,-178.780487,-178.994308,0.049033,60,-0.298772,-0.212486,-0.398968,0.045436,60,7.395098,7.509268,7.273679,0.057580,60,179.297217,179.448380,179.165527,0.053931,60,0.181172,0.331755,0.080684,0.052058,60,0.000000,7.333333,9.000000,6.000000,0.655270,60,3103.016667,3234.000000,3039.000000,49.575654,60,0.733333,0.900000,0.600000,0.065527,60,310.293152,4.912175,60,60,60,60,60,60,60,60,60,60,60,60,60,60,60,60,60,60,60,60,60,60,60,60,60,60,60,60,60,60,12.8518,12.92,12.79,24.01,26,22,28.11,6886619
2026-10-03 23:43:00,22.576003,22.632181,22.482643,0.028211,60,14.327052,14.393835,14.264133,0.025961,60,18.691106,18.800640,18.651102,0.026943,60,93.841667,94.000000,93.700000,0.090744,60,26.489376,26.530098,26.460670,0.014465,60,26.831670,26.869232,26.813156,0.011434,60,26.473933,26.506065,26.449989,0.011911,60,26.000000,26.000000,26.000000,0.000000,60,25.763747,25.783066,25.741501,0.007488,60,26.048502,26.069321,26.034988,0.007315,60,25.768830,25.783188,25.753342,0.006855,60,1002.021667,1002.100000,1002.000000,0.041545,60,1002.021667,1002.100000,1002.000000,0.041545,60,25.050000,25.100000,25.000000,0.050422,60,0.081798,0.129883,-0.031327,0.032284,60,-0.012602,0.026464,-0.093415,0.025678,60,-0.008103,0.028991,-0.083653,0.026706,60,-0.000088,0.000317,-0.000913,0.000292,60,0.000865,0.001373,-0.000331,0.000341,60,-0.000135,0.000283,-0.000999,0.000275,60,1.384693,1.509511,1.252401,0.067679,60,-178.865852,-178.644943,-178.997849,0.062691,60,-0.305928,-0.160111,-0.398836,0.047012,60,7.392211,7.514093,7.291821,0.053200,60,179.286555,179.448502,179.123489,0.065979,60,0.185898,0.292537,0.054464,0.052972,60,0.000000,7.216667,10.000000,5.000000,0.940459,60,3082.150000,3208.000000,2967.000000,52.187025,60,0.721667,1.000000,0.500000,0.094046,60,308.215143,5.172080,60,60,60,60,60,60,60,60,60,60,60,60,60,60,60,60,60,60,60,60,60,60,60,60,60,60,60,60,60,60,12.8522,12.90,12.81,24.08,26,22,28.13,6886653
2026-10-03 23:44:00,22.578215,22.632181,22.540627,0.022924,60,14.328984,14.378576,14.279392,0.025000,60,18.693319,18.765545,18.651102,0.026913,60,94.046667,94.100000,93.500000,0.087269,60,26.476381,26.500725,26.431297,0.012915,60,26.816316,26.839859,26.783783,0.013709,60,26.465165,26.506065,26.433968,0.014262,60,26.000000,26.000000,26.000000,0.000000,60,25.752759,25.768295,25.735062,0.007312,60,26.037042,26.056412,26.015701,0.008215,60,25.756898,25.773605,25.745224,0.006610,60,1002.000000,1002.000000,1002.000000,0.000000,60,1002.000000,1002.000000,1002.000000,0.000000,60,25.098333,25.100000,25.000000,0.012910,60,0.068825,0.116620,-0.029041,0.032760,60,-0.028726,0.016738,-0.109248,0.028587,60,-0.019029,0.034745,-0.117955,0.032002,60,-0.000208,0.000379,-0.001288,0.000349,60,0.000727,0.001233,-0.000307,0.000346,60,-0.000307,0.000179,-0.001168,0.000306,60,1.378701,1.558537,1.146185,0.076619,60,-178.871900,-178.739243,-179.010239,0.059858,60,-0.289589,-0.213192,-0.373061,0.039370,60,7.396293,7.553927,7.275687,0.067285,60,179.282199,179.380753,179.110611,0.057141,60,0.180196,0.291898,0.042102,0.048068,60,0.000000,6.350000,8.000000,4.000000,1.147215,60,2971.950000,3198.000000,2753.000000,106.366400,60,0.635000,0.800000,0.400000,0.114721,60,297.193708,10.541251,60,60,60,60,60,60,60,60,60,60,60,60,60,60,60,60,60,60,60,60,60,60,60,60,60,60,60,60,60,60,12.8522,12.90,12.79,24.05,26,23,28.11,6886687
2026-10-03 23:45:00,22.570077,22.642862,22.523842,0.023149,60,14.320516,14.375525,14.277866,0.026337,60,18.695633,18.765545,18.619059,0.028112,60,94.178333,94.200000,94.100000,0.041545,60,26.468325,26.500725,26.444649,0.013215,60,26.808172,26.839859,26.797134,0.011334,60,26.454440,26.476692,26.420616,0.010846,60,26.000000,26.000000,26.000000,0.000000,60,25.741128,25.756302,25.727280,0.008256,60,26.030309,26.048080,26.018326,0.006644,60,25.748423,25.766342,25.733231,0.007856,60,1002.000000,1002.000000,1002.000000,0.000000,60,1002.000000,1002.000000,1002.000000,0.000000,60,25.100000,25.100000,25.100000,0.000001,60,0.075757,0.117992,-0.011433,0.032927,60,-0.028496,0.021035,-0.114902,0.029628,60,-0.015274,0.033860,-0.096931,0.028673,60,-0.000167,0.000370,-0.001058,0.000313,60,0.000801,0.001247,-0.000121,0.000348,60,-0.000305,0.000225,-0.001228,0.000317,60,1.387774,1.507234,1.244466,0.062255,60,-178.864725,-178.712723,-178.995956,0.055916,60,-0.299980,-0.213103,-0.398836,0.042058,60,7.395134,7.518219,7.240387,0.064491,60,179.291442,179.408386,179.150070,0.070373,60,0.175828,0.266628,0.054464,0.049144,60,0.000000,6.600000,9.000000,4.000000,1.380248,60,2973.866667,3237.000000,2737.000000,87.481420,60,0.660000,0.900000,0.400000,0.138025,60,297.384509,8.652843,60,60,60,60,60,60,60,60,60,60,60,60,60,60,60,60,60,60,60,60,60,60,60,60,60,60,60,60,60,60,12.8500,12.92,12.79,24.01,26,22,28.07,6886721
2026-10-03 23:46:00,22.568297,22.642862,22.508583,0.029540,60,14.320007,14.392309,14.261082,0.027407,60,18.684545,18.750286,18.619059,0.026409,60,94.200000,94.200000,94.200000,0.000006,60,26.457110,26.487373,26.431297,0.013789,60,26.794776,26.813156,26.770432,0.011583,60,26.448921,26.476692,26.420616,0.013212,60,26.000000,26.000000,26.000000,0.000000,60,25.730782,25.751938,25.717514,0.007665,60,26.018333,26.030807,26.000168,0.006984,60,25.737323,25.757065,25.719528,0.008416,60,1002.000000,1002.000000,1002.000000,0.000000,60,1002.000000,1002.000000,1002.000000,0.000000,60,25.100000,25.100000,25.100000,0.000001,60,0.078882,0.115934,-0.010976,0.028948,60,-0.018834,0.017190,-0.090248,0.025160,60,0.001280,0.048908,-0.073031,0.029595,60,0.000014,0.000534,-0.000797,0.000323,60,0.000834,0.001225,-0.000116,0.000306,60,-0.000201,0.000184,-0.000965,0.000269,60,1.374514,1.507689,1.190245,0.061484,60,-178.868154,-178.739243,-178.996902,0.059865,60,-0.319090,-0.212927,-0.399233,0.040900,60,7.395337,7.505853,7.295845,0.044713,60,179.285315,179.435303,179.123077,0.058388,60,0.180045,0.264632,0.080684,0.042549,60,0.000000,5.766667,7.000000,4.000000,0.830900,60,2923.416667,3091.000000,2682.000000,95.741936,60,0.576667,0.700000,0.400000,0.083090,60,292.361494,9.478943,60,60,60,60,60,60,60,60,60,60,60,60,60,60,60,60,60,60,60,60,60,60,60,60,60,60,60,60,60,60,12.8553,12.92,12.79,24.18,27,22,28.05,6886754
2026-10-03 23:47:00,22.567356,22.629129,22.523842,0.027843,60,14.318786,14.375525,14.245823,0.023117,60,18.683833,18.750286,18.617533,0.028129,60,94.143333,94.200000,93.700000,0.112546,60,26.445628,26.474022,26.417946,0.014559,60,26.785919,26.826508,26.757080,0.012338,60,26.435436,26.463341,26.407265,0.014769,60,26.000000,26.000000,26.000000,0.000000,60,25.719434,25.741287,25.701736,0.008176,60,26.007570,26.025711,25.983536,0.008167,60,25.723815,25.736343,25.709946,0.007018,60,1001.995000,1002.000000,1001.900000,0.021978,60,1001.995000,1002.000000,1001.900000,0.021978,60,25.095000,25.100000,25.000000,0.021978,60,0.084519,0.142917,-0.007089,0.030902,60,-0.006431,0.034154,-0.092962,0.026141,60,0.022429,0.073473,-0.073031,0.031880,60,0.000245,0.000802,-0.000797,0.000348,60,0.000893,0.001511,-0.000075,0.000327,60,-0.000069,0.000365,-0.000994,0.000279,60,1.395358,1.534515,1.212541,0.071529,60,-178.878516,-178.736526,-179.012787,0.053483,60,-0.318840,-0.225731,-0.399233,0.044062,60,7.393973,7.522346,7.224159,0.066070,60,179.281480,179.433884,179.124100,0.057440,60,0.181995,0.317580,0.080465,0.048875,60,0.000000,4.433333,7.000000,2.000000,1.382293,60,2919.016667,3113.000000,2686.000000,101.017617,60,0.443333,0.700000,0.200000,0.138229,60,291.914966,10.005631,60,60,60,60,60,60,60,60,60,60,60,60,60,60,60,60,60,60,60,60,60,60,60,60,60,60,60,60,60,60,12.8492,12.90,12.79,24.05,26,23,28.06,6886788
2026-10-03 23:48:00,22.566084,22.627604,22.505531,0.027765,60,14.324788,14.407569,14.259556,0.032156,60,18.688894,18.765545,18.600748,0.030238,60,94.133333,94.300000,93.700000,0.185643,60,26.431297,26.460670,26.401924,0.012457,60,26.776662,26.797134,26.757080,0.010564,60,26.422263,26.463341,26.377892,0.013714,60,26.000000,26.000000,26.000000,0.000000,60,25.703259,25.722305,25.688766,0.007826,60,25.997887,26.017014,25.983383,0.007093,60,25.713286,25.728348,25.696793,0.007401,60,1001.938333,1002.000000,1001.900000,0.049030,60,1001.938333,1002.000000,1001.900000,0.049030,60,25.083333,25.100000,25.000000,0.037582,60,0.073082,0.119821,-0.029498,0.031542,60,-0.004286,0.045237,-0.088212,0.031771,60,0.034365,0.096489,-0.058203,0.030499,60,0.000375,0.001054,-0.000636,0.000333,60,0.000772,0.001267,-0.000312,0.000333,60,-0.000046,0.000484,-0.000943,0.000340,60,1.375050,1.467447,1.244073,0.056963,60,-178.877388,-178.750427,-178.996201,0.054835,60,-0.315917,-0.226645,-0.464426,0.049770,60,7.407146,7.544361,7.302891,0.053468,60,179.293062,179.408783,179.162994,0.053587,60,0.180402,0.291259,0.055188,0.051927,60,0.000000,2.566667,4.000000,1.000000,0.830900,60,2837.366667,3164.000000,2547.000000,135.465546,60,0.256667,0.400000,0.100000,0.083090,60,283.732381,13.408644,60,60,60,60,60,60,60,60,60,60,60,60,60,60,60,60,60,60,60,60,60,60,60,60,60,60,60,60,60,60,12.8505,12.90,12.81,24.00,26,22,28.06,6886822
2026-10-03 23:49:00,22.569823,22.610819,22.508583,0.023980,60,14.315404,14.373999,14.242771,0.026796,60,18.680044,18.731976,18.617533,0.028181,60,94.191667,94.300000,93.800000,0.207725,60,26.417367,26.460670,26.388573,0.015749,60,26.763977,26.797134,26.741051,0.014688,60,26.411448,26.433968,26.377892,0.012767,60,26.000000,26.000000,26.000000,0.000000,60,25.689552,25.711411,25.672318,0.007872,60,25.987807,26.004715,25.969315,0.007545,60,25.698619,25.711227,25.679642,0.006978,60,1001.903333,1002.000000,1001.900000,0.018102,60,1001.903333,1002.000000,1001.900000,0.018102,60,25.078333,25.100000,25.000000,0.041545,60,0.067449,0.108617,-0.019894,0.027637,60,-0.000882,0.045463,-0.086629,0.027112,60,0.041565,0.094718,-0.050679,0.030670,60,0.000454,0.001034,-0.000553,0.000335,60,0.000713,0.001148,-0.000210,0.000292,60,-0.000009,0.000486,-0.000926,0.000290,60,1.383184,1.534515,1.188729,0.066619,60,-178.863632,-178.778183,-178.967606,0.051027,60,-0.307779,-0.226187,-0.372935,0.039440,60,7.396102,7.511331,7.234386,0.060095,60,179.275727,179.381454,179.162994,0.054568,60,0.186358,0.316918,0.107122,0.043461,60,0.000000,2.266667,4.000000,1.000000,0.733385,60,2794.133333,3159.000000,2461.000000,180.640149,60,0.226667,0.400000,0.100000,0.073338,60,279.429385,17.899478,60,60,60,60,60,60,60,60,60,60,60,60,60,60,60,60,60,60,60,60,60,60,60,60,60,60,60,60,60,60,12.8524,12.92,12.81,24.22,26,22,28.05,6886856
2026-10-03 23:50:00,22.559879,22.610819,22.494850,0.023227,60,14.325500,14.375525,14.242771,0.026618,60,18.685257,18.764019,18.632792,0.026944,60,94.210000,94.400000,93.800000,0.242655,60,26.403526,26.444649,26.375221,0.012459,60,26.752804,26.797134,26.727699,0.014220,60,26.401924,26.420616,26.364540,0.012534,60,26.000000,26.000000,26.000000,0.000000,60,25.672756,25.693100,25.655594,0.008776,60,25.977883,25.991257,25.966202,0.007032,60,25.685380,25.702011,25.671768,0.006788,60,1001.900000,1001.900000,1001.900000,0.000000,60,1001.900000,1001.900000,1001.900000,0.000000,60,25.078333,25.100000,25.000000,0.041545,60,0.078661,0.125767,-0.029727,0.031791,60,0.004007,0.057904,-0.084141,0.028791,60,0.045345,0.087415,-0.032310,0.029206,60,0.000495,0.000955,-0.000353,0.000319,60,0.000831,0.001329,-0.000314,0.000336,60,0.000043,0.000619,-0.000899,0.000308,60,1.385562,1.509511,1.217160,0.065450,60,-178.869757,-178.711807,-179.011398,0.064110,60,-0.296677,-0.226187,-0.399499,0.036770,60,7.406937,7.509268,7.289773,0.052342,60,179.296475,179.408508,179.164169,0.055763,60,0.167937,0.292697,0.054155,0.049637,60,0.000000,2.966667,4.000000,1.000000,0.843051,60,2754.600000,3032.000000,2540.000000,106.956066,60,0.296667,0.400000,0.100000,0.084305,60,275.474659,10.590036,60,60,60,60,60,60,60,60,60,60,60,60,60,60,60,60,60,60,60,60,60,60,60,60,60,60,60,60,60,60,12.8509,12.90,12.79,24.11,26,22,28.02,6886891
2026-10-03 23:51:00,22.563999,22.609293,22.505531,0.024832,60,14.316955,14.375525,14.242771,0.030463,60,18.685613,18.760967,18.614481,0.027667,60,94.246667,94.400000,93.900000,0.229566,60,26.390308,26.417946,26.361870,0.012696,60,26.745727,26.770432,26.714348,0.013607,60,26.389418,26.420616,26.364540,0.012296,60,26.000000,26.000000,26.000000,0.000000,60,25.658881,25.672012,25.645248,0.007040,60,25.967080,25.986160,25.950760,0.007042,60,25.670679,25.692459,25.652451,0.008935,60,1001.900000,1001.900000,1001.900000,0.000000,60,1001.900000,1001.900000,1001.900000,0.000000,60,25.100000,25.100000,25.100000,0.000001,60,0.086345,0.132169,-0.009147,0.032425,60,0.005617,0.052249,-0.076677,0.027878,60,0.043560,0.095825,-0.056875,0.035131,60,0.000476,0.001046,-0.000621,0.000384,60,0.000913,0.001397,-0.000097,0.000343,60,0.000060,0.000559,-0.000820,0.000298,60,1.388104,1.535439,1.245251,0.062660,60,-178.879337,-178.751892,-179.011398,0.060358,60,-0.313838,-0.186160,-0.425091,0.051282,60,7.409849,7.556798,7.266602,0.056610,60,179.279309,179.434280,179.151077,0.054293,60,0.183207,0.290940,0.054464,0.050871,60,0.000000,2.800000,5.000000,2.000000,0.898209,60,2656.133333,2951.000000,2395.000000,168.307574,60,0.280000,0.500000,0.200000,0.089821,60,265.574765,16.714819,60,60,60,60,60,60,60,60,60,60,60,60,60,60,60,60,60,60,60,60,60,60,60,60,60,60,60,60,60,60,12.8493,12.90,12.81,24.05,26,22,28.05,6886925
2026-10-03 23:52:00,22.559904,22.595560,22.504005,0.021937,60,14.317489,14.373999,14.242771,0.028126,60,18.678136,18.728924,18.631266,0.027080,60,94.291667,94.400000,93.900000,0.207725,60,26.371705,26.401924,26.345848,0.012558,60,26.732551,26.757080,26.714348,0.011588,60,26.370059,26.393913,26.351189,0.010870,60,26.000000,26.000000,26.000000,0.000000,60,25.639069,25.654221,25.622787,0.007659,60,25.955063,25.968826,25.941055,0.006728,60,25.655109,25.676834,25.637436,0.007649,60,1001.900000,1001.900000,1001.900000,0.000000,60,1001.900000,1001.900000,1001.900000,0.000000,60,25.100000,25.100000,25.100000,0.000001,60,0.102046,0.153664,-0.002058,0.029088,60,0.015260,0.062880,-0.082105,0.029184,60,0.058878,0.109324,-0.050900,0.031430,60,0.000643,0.001194,-0.000556,0.000343,60,0.001079,0.001624,-0.000022,0.000307,60,0.000163,0.000672,-0.000878,0.000312,60,1.390289,1.573341,1.188729,0.071269,60,-178.862195,-178.738327,-178.970261,0.056937,60,-0.329906,-0.252123,-0.400030,0.042986,60,7.404065,7.524413,7.299870,0.060403,60,179.305848,179.449142,179.165131,0.064881,60,0.176307,0.318908,0.081122,0.051400,60,0.000000,3.916667,5.000000,2.000000,0.979306,60,2543.883333,2692.000000,2412.000000,58.243525,60,0.391667,0.500000,0.200000,0.097931,60,254.383286,5.771474,60,60,60,60,60,60,60,60,60,60,60,60,60,60,60,60,60,60,60,60,60,60,60,60,60,60,60,60,60,60,12.8487,12.92,12.81,24.07,26,22,28.03,6886959
2026-10-03 23:53:00,22.563770,22.636759,22.504005,0.026080,60,14.317617,14.389257,14.227512,0.029529,60,18.680374,18.745708,18.614481,0.028801,60,94.048333,94.400000,93.700000,0.282538,60,26.358398,26.388573,26.319145,0.014858,60,26.720623,26.757080,26.700996,0.012041,60,26.361469,26.393913,26.337837,0.010668,60,25.993333,26.000000,25.900000,0.025155,60,25.621051,25.640976,25.603622,0.008112,60,25.942109,25.958328,25.925095,0.008463,60,25.642240,25.662827,25.621414,0.008793,60,1001.896667,1001.900000,1001.800000,0.018102,60,1001.896667,1001.900000,1001.800000,0.018102,60,24.968333,25.100000,24.800000,0.118596,60,0.109874,0.156408,0.020580,0.030034,60,0.014024,0.058356,-0.060844,0.028265,60,0.051549,0.099144,-0.047802,0.028950,60,0.000563,0.001083,-0.000522,0.000316,60,0.001161,0.001653,0.000218,0.000317,60,0.000150,0.000624,-0.000650,0.000302,60,1.382488,1.563216,1.243288,0.058130,60,-178.858254,-178.739243,-178.969543,0.058898,60,-0.334364,-0.225913,-0.438634,0.045657,60,7.404763,7.514091,7.285795,0.055074,60,179.284969,179.407440,179.152267,0.057514,60,0.181166,0.317249,0.054361,0.052343,60,0.000000,6.266667,7.000000,4.000000,0.860955,60,2577.566667,2627.000000,2525.000000,26.790693,60,0.626667,0.700000,0.400000,0.086095,60,257.756409,2.656445,60,60,60,60,60,60,60,60,60,60,60,60,60,60,60,60,60,60,60,60,60,60,60,60,60,60,60,60,60,60,12.8505,12.90,12.79,24.06,26,22,28.02,6886993
2026-10-03 23:54:00,22.558302,22.606241,22.473488,0.027172,60,14.312479,14.373999,14.259556,0.027692,60,18.674728,18.728924,18.580912,0.027500,60,94.063333,94.200000,93.700000,0.132725,60,26.342866,26.375221,26.303123,0.015439,60,26.711054,26.727699,26.684975,0.012006,60,26.346026,26.377892,26.321815,0.012543,60,25.908333,26.000000,25.900000,0.027872,60,25.606129,25.625809,25.586929,0.008311,60,25.927956,25.944412,25.911942,0.007972,60,25.627153,25.648849,25.610977,0.008325,60,1001.843333,1001.900000,1001.800000,0.049972,60,1001.843333,1001.900000,1001.800000,0.049972,60,24.983333,25.000000,24.800000,0.055744,60,0.101254,0.142459,-0.011891,0.031864,60,-0.000023,0.047273,-0.076225,0.028782,60,0.023628,0.076350,-0.067498,0.029431,60,0.000258,0.000834,-0.000737,0.000321,60,0.001070,0.001506,-0.000126,0.000337,60,-0.000000,0.000505,-0.000815,0.000308,60,1.387102,1.469677,1.214462,0.052822,60,-178.849605,-178.739243,-178.968811,0.052675,60,-0.320382,-0.226187,-0.438634,0.037434,60,7.406249,7.553928,7.302891,0.056460,60,179.289347,179.406631,179.125122,0.055577,60,0.180671,0.332093,0.054774,0.055788,60,0.000000,6.816667,7.000000,6.000000,0.390205,60,2526.833333,2611.000000,2444.000000,38.555338,60,0.681667,0.700000,0.600000,0.039020,60,252.682290,3.822421,60,60,60,60,60,60,60,60,60,60,60,60,60,60,60,60,60,60,60,60,60,60,60,60,60,60,60,60,60,60,12.8485,12.92,12.79,24.09,26,22,28.03,6887027
2026-10-03 23:55:00,22.553750,22.604715,22.487221,0.024526,60,14.308792,14.373999,14.241245,0.029295,60,18.674805,18.742657,18.612955,0.028763,60,94.000000,94.000000,94.000000,0.000000,60,26.323863,26.361870,26.289772,0.014538,60,26.701130,26.727699,26.671623,0.011355,60,26.329648,26.364540,26.308464,0.013552,60,25.900000,25.900000,25.900000,0.000000,60,25.593265,25.609726,25.580917,0.006188,60,25.918309,25.932449,25.904129,0.006882,60,25.616644,25.632431,25.597855,0.008730,60,1001.800000,1001.800000,1001.800000,0.000000,60,1001.800000,1001.800000,1001.800000,0.000000,60,25.000000,25.000000,25.000000,0.000000,60,0.088292,0.135371,0.003201,0.029289,60,-0.013526,0.033475,-0.105855,0.028239,60,0.014982,0.064842,-0.072809,0.031201,60,0.000164,0.000708,-0.000795,0.000341,60,0.000933,0.001431,0.000034,0.000310,60,-0.000145,0.000358,-0.001132,0.000302,60,1.399297,1.555741,1.281631,0.061610,60,-178.859822,-178.736832,-178.968323,0.056696,60,-0.314025,-0.252611,-0.398174,0.033957,60,7.412504,7.499590,7.301885,0.048239,60,179.290815,179.433640,179.164551,0.057637,60,0.175911,0.264632,0.106198,0.040471,60,0.000000,5.283333,7.000000,4.000000,0.584885,60,2402.983333,2563.000000,2293.000000,78.398264,60,0.528333,0.700000,0.400000,0.058488,60,240.284126,7.771792,60,60,60,60,60,60,60,60,60,60,60,60,60,60,60,60,60,60,60,60,60,60,60,60,60,60,60,60,60,60,12.8492,12.89,12.78,24.12,26,22,28.02,6887060
2026-10-03 23:56:00,22.560464,22.633707,22.500954,0.030734,60,14.323033,14.387732,14.256504,0.027993,60,18.673457,18.759441,18.628214,0.026809,60,94.115000,94.200000,94.000000,0.048099,60,26.310689,26.332497,26.276421,0.013811,60,26.686977,26.714348,26.639580,0.015598,60,26.318211,26.337837,26.295113,0.010936,60,25.900000,25.900000,25.900000,0.000000,60,25.581310,25.604752,25.568527,0.006719,60,25.907675,25.923569,25.884964,0.008888,60,25.604107,25.618057,25.586197,0.006522,60,1001.800000,1001.800000,1001.800000,0.000000,60,1001.800000,1001.800000,1001.800000,0.000000,60,25.000000,25.000000,25.000000,0.000000,60,0.080041,0.128053,-0.011891,0.030537,60,-0.010152,0.037094,-0.094546,0.028387,60,0.025354,0.064621,-0.102021,0.029995,60,0.000277,0.000706,-0.001114,0.000328,60,0.000846,0.001354,-0.000126,0.000323,60,-0.000109,0.000397,-0.001011,0.000303,60,1.381222,1.509967,1.281631,0.057718,60,-178.858085,-178.711197,-179.010925,0.059521,60,-0.321822,-0.226096,-0.425507,0.047552,60,7.416436,7.538157,7.291821,0.050776,60,179.285614,179.448135,179.124100,0.055089,60,0.189814,0.266320,0.014970,0.050337,60,0.000000,4.200000,5.000000,3.000000,0.798303,60,2285.983333,2353.000000,2168.000000,41.686681,60,0.420000,0.500000,0.300000,0.079830,60,228.601751,4.132046,60,60,60,60,60,60,60,60,60,60,60,60,60,60,60,60,60,60,60,60,60,60,60,60,60,60,60,60,60,60,12.8496,12.90,12.79,24.17,27,22,28.03,6887094
2026-10-03 23:57:00,22.552910,22.618448,22.499428,0.026085,60,14.311615,14.389257,14.241245,0.028856,60,18.675263,18.741131,18.609903,0.030027,60,94.200000,94.200000,94.200000,0.000006,60,26.294668,26.319145,26.263069,0.012430,60,26.674872,26.700996,26.639580,0.015587,60,26.306061,26.351189,26.279091,0.016539,60,25.900000,25.900000,25.900000,0.000000,60,25.568878,25.587173,25.550339,0.008774,60,25.896077,25.917313,25.876114,0.007117,60,25.593213,25.609756,25.577621,0.007910,60,1001.800000,1001.800000,1001.800000,0.000000,60,1001.800000,1001.800000,1001.800000,0.000000,60,25.000000,25.000000,25.000000,0.000000,60,0.076779,0.121422,-0.002515,0.027168,60,-0.000106,0.053154,-0.087534,0.031520,60,0.043826,0.100251,-0.056875,0.032369,60,0.000479,0.001095,-0.000621,0.000353,60,0.000812,0.001283,-0.000027,0.000287,60,-0.000001,0.000568,-0.000936,0.000337,60,1.387815,1.512251,1.151353,0.065627,60,-178.869493,-178.751617,-179.035553,0.059484,60,-0.309804,-0.226187,-0.398836,0.040996,60,7.412593,7.515460,7.301885,0.059545,60,179.273009,179.433884,179.121826,0.060712,60,0.190183,0.292217,0.107007,0.045054,60,0.000000,2.483333,4.000000,2.000000,0.536519,60,2201.866667,2332.000000,2027.000000,77.634185,60,0.248333,0.400000,0.200000,0.053652,60,220.199077,7.692975,60,60,60,60,60,60,60,60,60,60,60,60,60,60,60,60,60,60,60,60,60,60,60,60,60,60,60,60,60,60,12.8473,12.92,12.79,24.11,26,22,28.02,6887128
2026-10-03 23:58:00,22.552732,22.619974,22.499428,0.025707,60,14.308385,14.370947,14.256504,0.023296,60,18.670100,18.724346,18.609903,0.024308,60,94.183333,94.200000,93.700000,0.090510,60,26.283096,26.303123,26.263069,0.012654,60,26.662455,26.684975,26.639580,0.013663,60,26.293644,26.321815,26.265739,0.012413,60,25.900000,25.900000,25.900000,0.000000,60,25.553364,25.568466,25.533646,0.009352,60,25.884539,25.896927,25.866318,0.007839,60,25.578158,25.598709,25.565811,0.006652,60,1001.793333,1001.800000,1001.700000,0.025155,60,1001.793333,1001.800000,1001.700000,0.025155,60,24.993333,25.000000,24.800000,0.036204,60,0.077145,0.130797,-0.029727,0.034920,60,0.015550,0.058582,-0.064463,0.027247,60,0.063537,0.114414,-0.035630,0.030733,60,0.000694,0.001249,-0.000389,0.000336,60,0.000815,0.001383,-0.000314,0.000369,60,0.000166,0.000626,-0.000689,0.000291,60,1.384085,1.508600,1.189487,0.066389,60,-178.862300,-178.684998,-178.995956,0.059590,60,-0.325340,-0.252708,-0.425368,0.042795,60,7.405773,7.560764,7.275688,0.059981,60,179.286218,179.381180,179.216125,0.044600,60,0.184075,0.265551,0.107123,0.043920,60,0.000000,2.550000,3.000000,2.000000,0.501692,60,2110.066667,2259.000000,1968.000000,83.745350,60,0.255000,0.300000,0.200000,0.050169,60,210.998884,8.301896,60,60,60,60,60,60,60,60,60,60,60,60,60,60,60,60,60,60,60,60,60,60,60,60,60,60,60,60,60,60,12.8501,12.92,12.81,24.16,26,22,28.02,6887162
2026-10-03 23:59:00,22.552020,22.587931,22.513161,0.018512,60,14.306579,14.355688,14.241245,0.024589,60,18.663437,18.724346,18.594645,0.028452,60,94.208333,94.600000,93.600000,0.280612,60,26.268275,26.303123,26.233688,0.013216,60,26.651819,26.684975,26.612877,0.014235,60,26.279625,26.308464,26.252388,0.013144,60,25.856667,25.900000,25.800000,0.049972,60,25.535734,25.562027,25.519363,0.007610,60,25.874759,25.891983,25.862991,0.007105,60,25.565750,25.581680,25.545151,0.007712,60,1001.718333,1001.800000,1001.700000,0.039021,60,1001.718333,1001.800000,1001.700000,0.039021,60,24.976667,25.000000,24.800000,0.064746,60,0.082145,0.131026,-0.018751,0.032329,60,0.006672,0.044106,-0.067856,0.026123,60,0.052121,0.092284,-0.041163,0.028964,60,0.000569,0.001008,-0.000449,0.000316,60,0.000868,0.001385,-0.000198,0.000342,60,0.000071,0.000471,-0.000725,0.000279,60,1.383895,1.469677,1.215617,0.056553,60,-178.839510,-178.714554,-178.969543,0.054209,60,-0.330654,-0.212927,-0.425091,0.043525,60,7.413575,7.560136,7.285745,0.059723,60,179.287604,179.447510,179.123688,0.071419,60,0.186942,0.317746,0.107470,0.043075,60,0.000000,4.216667,6.000000,3.000000,0.738566,60,2124.183333,2228.000000,1984.000000,55.561385,60,0.421667,0.600000,0.300000,0.073857,60,212.421010,5.507216,60,60,60,60,60,60,60,60,60,60,60,60,60,60,60,60,60,60,60,60,60,60,60,60,60,60,60,60,60,60,12.8480,12.93,12.79,24.16,27,22,28.01,6887196

[System]
serial=G254072
type=Meteo-42A
name=Rvidhanavi_WMS04
timezone=UTC+05:30
source_data_storage_total=7715.512 MiB
software_version=2.3.13+5
latitude=
longitude=
gps_fix=
altitude=
cecs_power_permanent=false
modem_permanent=true;S1
ethernet_permanent=true;none
[Summary]
csv_created=2026-10-04 09:27:27
source_data_storage_used=3371.907 MiB
metering_wwan0=0/0 bytes
metering_usb0=0/0 bytes
metering_eth0=32649501/439782228 bytes
AlbedoDown;solar_irradiance;total=4781486.729
AlbedoUp;solar_irradiance;total=24504547.301
S1;status;total=11004.000
S2;status;total=0.000
S3;status;total=0.000
S4;status;total=0.000
[Evaluation]
partial=false
file_interval=daily
stat_interval=1 min
[Adjustment]
CS1=199.93 μA
VS1=5000 mV
[R1C1]
protocol_type=Modbus RTU
sensor_type=MODBUS_MS_80S
address=51
[R1C2]
protocol_type=Modbus RTU
sensor_type=MODBUS_MS_80S
address=52
[R1C3]
protocol_type=Modbus RTU
sensor_type=MODBUS_MS_80S
address=53
[R1]
rate=1 s
serial_setting=19200 8E1
[R2C1]
protocol_type=Modbus RTU
sensor_type=MODBUS_THIES_1_1006_54_xxx
address=1
[R2C2]
protocol_type=Modbus RTU
sensor_type=MODBUS_OTHER
address=2
[R2]
rate=1 s
serial_setting=38400 8N1
[GTI;humidity]
statistics=Avg;Max;Min;StdDev;Count;
unit=%
sensor_label=GTI
sensor_height=3.2
sensor_type=pyranometer
sensor_model=Pyranometer EKO MS-80S RS-485
sensor_serial=S24084351
formula=verbatim
params=R1C1_7
[AlbedoDown;humidity]
statistics=Avg;Max;Min;StdDev;Count;
unit=%
sensor_label=AlbedoDown
sensor_height=3
sensor_type=pyranometer
sensor_model=Pyranometer EKO MS-80S RS-485
sensor_serial=S24084353
formula=verbatim
params=R1C3_7
[AlbedoUp;humidity]
statistics=Avg;Max;Min;StdDev;Count;
unit=%
sensor_label=AlbedoUp
sensor_height=3
sensor_type=pyranometer
sensor_model=Pyranometer EKO MS-80S RS-485
sensor_serial=S24084352
formula=verbatim
params=R1C2_7
[ATRHP;humidity]
statistics=Avg;Max;Min;StdDev;Count;
unit=%
sensor_label=ATRHP
sensor_height=2
sensor_type=hygro_thermo
sensor_model=PTH Thies Compact - RS-485 Modbus
sensor_serial=10250303
formula=linear_humidity
params=R2C1_3;var_clip;var_offset;var_slope
var_clip=100
var_offset=0
var_slope=1
[GTI;temperature]
statistics=Avg;Max;Min;StdDev;Count;
unit=°C
sensor_label=GTI
sensor_height=3.2
sensor_type=pyranometer
sensor_model=Pyranometer EKO MS-80S RS-485
sensor_serial=S24084351
formula=verbatim
params=R1C1_6
[AlbedoDown;temperature]
statistics=Avg;Max;Min;StdDev;Count;
unit=°C
sensor_label=AlbedoDown
sensor_height=3
sensor_type=pyranometer
sensor_model=Pyranometer EKO MS-80S RS-485
sensor_serial=S24084353
formula=verbatim
params=R1C3_6
[AlbedoUp;temperature]
statistics=Avg;Max;Min;StdDev;Count;
unit=°C
sensor_label=AlbedoUp
sensor_height=3
sensor_type=pyranometer
sensor_model=Pyranometer EKO MS-80S RS-485
sensor_serial=S24084352
formula=verbatim
params=R1C2_6
[ATRHP;temperature]
statistics=Avg;Max;Min;StdDev;Count;
unit=°C
sensor_label=ATRHP
sensor_height=2
sensor_type=hygro_thermo
sensor_model=PTH Thies Compact - RS-485 Modbus
sensor_serial=10250303
formula=linear
params=R2C1_4;var_offset;var_slope
var_offset=0
var_slope=1
[GTI;temperature Pt100]
statistics=Avg;Max;Min;StdDev;Count;
unit=°C
sensor_label=GTI
sensor_height=3.2
sensor_type=pyranometer
sensor_model=Pyranometer EKO MS-80S RS-485
sensor_serial=S24084351
formula=verbatim
params=R1C1_2
[AlbedoDown;temperature Pt100]
statistics=Avg;Max;Min;StdDev;Count;
unit=°C
sensor_label=AlbedoDown
sensor_height=3
sensor_type=pyranometer
sensor_model=Pyranometer EKO MS-80S RS-485
sensor_serial=S24084353
formula=verbatim
params=R1C3_2
[AlbedoUp;temperature Pt100]
statistics=Avg;Max;Min;StdDev;Count;
unit=°C
sensor_label=AlbedoUp
sensor_height=3
sensor_type=pyranometer
sensor_model=Pyranometer EKO MS-80S RS-485
sensor_serial=S24084352
formula=verbatim
params=R1C2_2
[ATRHP;air_pressure Absolute]
statistics=Avg;Max;Min;StdDev;Count;
unit=hPa
sensor_label=ATRHP
sensor_height=2
sensor_type=hygro_thermo
sensor_model=PTH Thies Compact - RS-485 Modbus
sensor_serial=10250303
formula=linear
params=R2C1_1;var_offset;var_slope
var_offset=0
var_slope=1
[ATRHP;air_pressure Reduced]
statistics=Avg;Max;Min;StdDev;Count;
unit=hPa
sensor_label=ATRHP
sensor_height=2
sensor_type=hygro_thermo
sensor_model=PTH Thies Compact - RS-485 Modbus
sensor_serial=10250303
formula=linear
params=R2C1_2;var_offset;var_slope
var_offset=0
var_slope=1
[ATRHP;dew_point]
statistics=Avg;Max;Min;StdDev;Count;
unit=°C
sensor_label=ATRHP
sensor_height=2
sensor_type=hygro_thermo
sensor_model=PTH Thies Compact - RS-485 Modbus
sensor_serial=10250303
formula=verbatim
params=R2C1_5
[AlbedoDown;solar_irradiance]
statistics=Avg;Max;Min;StdDev;Count;
unit=W/m²
sensor_label=AlbedoDown
sensor_height=3
sensor_type=pyranometer
sensor_model=Pyranometer EKO MS-80S RS-485
sensor_serial=S24084353
formula=verbatim
params=R1C3_1
[AlbedoUp;solar_irradiance]
statistics=Avg;Max;Min;StdDev;Count;
unit=W/m²
sensor_label=AlbedoUp
sensor_height=3
sensor_type=pyranometer
sensor_model=Pyranometer EKO MS-80S RS-485
sensor_serial=S24084352
formula=verbatim
params=R1C2_1
[GTI;solar_irradiance_tilted]
statistics=Avg;Max;Min;StdDev;Count;
unit=W/m²
sensor_label=GTI
sensor_height=3.2
sensor_type=pyranometer
sensor_model=Pyranometer EKO MS-80S RS-485
sensor_serial=S24084351
formula=verbatim
params=R1C1_1
[GTI;voltage Output]
statistics=Avg;Max;Min;StdDev;Count;
unit=mV
sensor_label=GTI
sensor_height=3.2
sensor_type=pyranometer
sensor_model=Pyranometer EKO MS-80S RS-485
sensor_serial=S24084351
formula=verbatim
params=R1C1_5
[AlbedoDown;voltage Output]
statistics=Avg;Max;Min;StdDev;Count;
unit=mV
sensor_label=AlbedoDown
sensor_height=3
sensor_type=pyranometer
sensor_model=Pyranometer EKO MS-80S RS-485
sensor_serial=S24084353
formula=verbatim
params=R1C3_5
[AlbedoUp;voltage Output]
statistics=Avg;Max;Min;StdDev;Count;
unit=mV
sensor_label=AlbedoUp
sensor_height=3
sensor_type=pyranometer
sensor_model=Pyranometer EKO MS-80S RS-485
sensor_serial=S24084352
formula=verbatim
params=R1C2_5
[GTI;inclination_angle X]
statistics=Avg;Max;Min;StdDev;Count;
unit=°
sensor_label=GTI
sensor_height=3.2
sensor_type=pyranometer
sensor_model=Pyranometer EKO MS-80S RS-485
sensor_serial=S24084351
formula=verbatim
params=R1C1_3
[AlbedoDown;inclination_angle X]
statistics=Avg;Max;Min;StdDev;Count;
unit=°
sensor_label=AlbedoDown
sensor_height=3
sensor_type=pyranometer
sensor_model=Pyranometer EKO MS-80S RS-485
sensor_serial=S24084353
formula=verbatim
params=R1C3_3
[AlbedoUp;inclination_angle X]
statistics=Avg;Max;Min;StdDev;Count;
unit=°
sensor_label=AlbedoUp
sensor_height=3
sensor_type=pyranometer
sensor_model=Pyranometer EKO MS-80S RS-485
sensor_serial=S24084352
formula=verbatim
params=R1C2_3
[GTI;inclination_angle Y]
statistics=Avg;Max;Min;StdDev;Count;
unit=°
sensor_label=GTI
sensor_height=3.2
sensor_type=pyranometer
sensor_model=Pyranometer EKO MS-80S RS-485
sensor_serial=S24084351
formula=verbatim
params=R1C1_4
[AlbedoDown;inclination_angle Y]
statistics=Avg;Max;Min;StdDev;Count;
unit=°
sensor_label=AlbedoDown
sensor_height=3
sensor_type=pyranometer
sensor_model=Pyranometer EKO MS-80S RS-485
sensor_serial=S24084353
formula=verbatim
params=R1C3_4
[AlbedoUp;inclination_angle Y]
statistics=Avg;Max;Min;StdDev;Count;
unit=°
sensor_label=AlbedoUp
sensor_height=3
sensor_type=pyranometer
sensor_model=Pyranometer EKO MS-80S RS-485
sensor_serial=S24084352
formula=verbatim
params=R1C2_4
[ATRHP;status_word]
statistics=Val;
sensor_label=ATRHP
sensor_height=2
sensor_type=hygro_thermo
sensor_model=PTH Thies Compact - RS-485 Modbus
sensor_serial=10250303
formula=verbatim
params=R2C1_6
[WindSonic;other R2C2_1]
statistics=Avg;Max;Min;StdDev;Count;
sensor_label=WindSonic
sensor_height=5
sensor_type=other
sensor_model=Modbus RTU
sensor_serial=24510089
formula=verbatim
params=R2C2_1
[WindSonic;other R2C2_2]
statistics=Avg;Max;Min;StdDev;Count;
sensor_label=WindSonic
sensor_height=5
sensor_type=other
sensor_model=Modbus RTU
sensor_serial=24510089
formula=verbatim
params=R2C2_2
[Wind Speed;wind_speed]
statistics=Avg;Max;Min;StdDev;Count;
unit=m/s
formula=linear
params=WindSonic;var_offset;var_slope
var_offset=0
var_slope=0.1
[Wind Direction;wind_direction]
statistics=Avg;StdDev;Count;
unit=°
formula=linear
params=WindSonic;var_offset;var_slope;var_offset_installation
var_offset=0
var_slope=0.1
var_offset_installation=0
[R1C1_1]
statistics=Count;
[R1C1_2]
statistics=Count;
[R1C1_3]
statistics=Count;
[R1C1_4]
statistics=Count;
[R1C1_5]
statistics=Count;
[R1C1_6]
statistics=Count;
[R1C1_7]
statistics=Count;
[R1C2_1]
statistics=Count;
[R1C2_2]
statistics=Count;
[R1C2_3]
statistics=Count;
[R1C2_4]
statistics=Count;
[R1C2_5]
statistics=Count;
[R1C2_6]
statistics=Count;
[R1C2_7]
statistics=Count;
[R1C3_1]
statistics=Count;
[R1C3_2]
statistics=Count;
[R1C3_3]
statistics=Count;
[R1C3_4]
statistics=Count;
[R1C3_5]
statistics=Count;
[R1C3_6]
statistics=Count;
[R1C3_7]
statistics=Count;
[R2C1_1]
statistics=Count;
[R2C1_2]
statistics=Count;
[R2C1_3]
statistics=Count;
[R2C1_4]
statistics=Count;
[R2C1_5]
statistics=Count;
[R2C1_6]
statistics=Count;
[R2C2_1]
statistics=Count;
[R2C2_2]
statistics=Count;
[S1;status]
statistics=
rate=1 s
[S2;status]
statistics=
rate=1 s
[S3;status]
statistics=
rate=1 s
[S4;status]
statistics=
rate=1 s
[V]
statistics=Avg;Max;Min;
unit=V
[I]
statistics=Avg;Max;Min;
unit=mA
[T]
statistics=Avg;
unit=°C
